4804642,3100823
9042873,7328504
13696989,5664717
9156323,15452162
14677995,2130772
16621314,13753004
14397413,14553107
8833910,12230217
9059702,14239804
10020795,10288513
3537128,6385076
8886622,2399034
14223990,13087102
733723,2458279
15602362,12762864
11408891,13158642
3942892,15703477
386235,4252476
3728874,10072939
3048814,9079082
6204944,1633207
15883556,7384658
16778778,13939274
2596874,12033700
12903290,15116694
6440271,9588451
14674630,12494387
16584889,10959507
16528242,12633542
6683885,6526358
16442051,5076422
12466973,16704487
12686850,11829540
16746469,5579321
3335872,9916361
4613820,15971851
16405053,6789364
5019800,9177149
2608983,1267137
6372437,812465
4062650,9842656
14851340,13377140
1327523,15228073
85853,11806283
1443963,1476544
505855,5880393
7442100,1750659
7252638,3114822
16322289,2086938
8319319,5492861
339857,8449097
11926826,13971434
15627025,3559073
16075058,9125205
15737867,2444941
15714625,16358414
2936742,11249784
10353989,982125
14408082,11544245
7480585,2057197
14292687,12688097
13534317,1355997
13947869,700704
14381215,11529767
6521353,3102266
8053679,132467
10397532,7361981
12027617,15507380
2579257,915419
14167109,3791755
1830496,1272701
6544204,8498225
9038679,6178104
682203,12086271
13446266,2889971
9318083,1404005
4907700,328013
9813635,13509108
8308375,3805316
13822814,15913518
14480954,829563
3088081,8205771
5645299,842087
9499848,11526308
11251649,12394470
12022268,10411043
13621460,8575461
6889529,11922692
10845475,15052293
5397946,11112823
13654103,1827603
9135442,12681457
741081,14566833
14373202,12995638
12239880,1344844
1125024,2058903
3614995,14833348
4088883,4129670
16789000,16237051
551607,12663465
10771718,4041308
7465443,914573
15389066,16472995
5035224,9817122
4106250,6072252
14045052,7825405
7982929,6149842
13307878,790257
2578127,10797833
8916104,7472193
1769457,2572383
8515809,10066081
5340047,8883292
13080149,9477708
3230876,1101151
13885331,9868413
428245,11978534
14520612,14063994
10973985,6706221
14806985,10398411
10539091,6824588
1914034,4306396
13826447,5671423
1036897,2124049
1523187,2925808
3319032,992751
3950237,15784598
8778409,9000941
14382025,8603622
1294662,3319461
10706891,15126149
11866614,8659405
9604921,7032543
1803402,823868
4973589,10907126
16135800,16723729
10492740,15516467
11291457,9928365
10791954,221144
5545682,7257910
1001002,8956065
6574422,16103146
11474686,10250121
5361237,4945774
15694400,12319405
3834851,3109356
16605727,1446920
318741,10664838
15985725,13084264
8685307,5282161
6940328,9035274
12023540,11170684
16324487,865601
989891,5330773
12191130,15251411
9361207,10965366
11263490,15072417
9085375,11101757
5977457,15316408
8065848,15317170
7979020,15824284
20906,2063549
13065767,1371246
14667106,16364378
2472447,16565913
9185562,8551985
6289062,7585765
6832249,7514042
13531790,8525833
10675836,12264509
2597136,3206414
3991031,14690744
13695133,2030797
3315532,6365820
8685675,15516190
14300285,6488194
12516367,11732664
4072791,1253773
7154393,13173251
4320962,6758862
92518,10760016
11398099,15796192
558787,3950832
5563232,12290968
4795500,10485563
13836647,6307913
13376126,1732752
13010824,2800733
12409898,9964718
14049398,11527978
7613211,2560748
8148162,6922847
6439815,16518329
10588756,7562325
9165728,10898771
16441981,13062463
6642145,1730247
8735935,8524514
13983773,14826274
5365241,1419574
5890856,4254659
2641810,2947015
11664486,12132025
4127301,16279474
6736012,11296433
1478779,16390852
10173205,516079
10450771,11994541
8264180,10070843
6725168,6846994
5413971,8819937
2638239,14636571
10507310,4172526
16056676,14348450
2535994,14216792
6152398,1536274
11659990,16511624
2825400,14333567
9886537,7968986
10025938,8231186
1302474,13950373
16350777,12441272
13693586,13120261
9668011,16046310
8093497,1508513
2469023,11380069
10539534,13082245
15274241,14396703
13875525,5931714
4238668,13849624
4335336,4449131
1150431,1707547
3920845,3892627
7802062,9381358
8756995,11410873
3900124,13110527
11461925,15110933
11534161,4630185
11575588,14356485
11868007,12613650
8901020,6962907
13553230,14811380
13789852,3860038
3995220,13825191
6905466,16138646
12659565,7322494
12913733,13669167
5072598,804435
6536378,13788629
4522357,4686520
1198755,7380741
6702953,14277327
10171273,873414
1970481,14965905
10425035,4458152
7767714,15474537
15114243,3149812
11396849,3591838
2088064,1721410
14280420,4943233
13840735,12523536
10745112,8321110
10929435,5952810
844702,1908287
6982089,3940568
4872935,14971753
812676,9292097
14301393,16591738
16515560,8822920
3726632,10200981
4258570,13513053
215507,16592737
15656051,4602999
8356231,3602692
15855112,15440768
8405002,14761985
9883174,4696757
8293284,11614642
5980244,15224406
14502900,10462092
975700,8305464
5255561,11192472
11465951,12121746
1033248,160069
10548656,2820275
2862281,2900043
12620578,989701
3627871,6600239
7168515,3292926
6900874,12013660
539978,8397568
4701816,14803366
6804008,10638524
1749082,15639270
13916355,7076750
1516134,10253140
8615379,11776605
3742273,8433297
16178587,2178522
15385075,7567216
7446990,11498918
1928379,11309263
14452734,11121564
12831811,10909992
10584960,2400104
14720450,4815401
10895188,9015078
9231822,9898267
7343236,14083253
11197209,2691641
16012705,11510412
16751434,12788549
10475889,7990229
2083139,6285272
7911047,15770278
4145009,1286716
14903768,12116007
9382649,6677003
13400330,2695339
16667697,353988
10468139,4948755
8874726,5508417
6468127,1311176
4777637,8237334
3449395,8864430
10625408,11732232
5631219,12930535
5953033,4668150
15485458,7028346
12516398,142635
11156342,15361124
391916,1065290
100944,7334949
12034772,1697463
13380713,11349747
9475724,1465671
2515641,10741715
14249367,2119099
2925753,14220927
16423013,11010159
16344275,16289670
16663414,4648822
10424885,7740734
4264690,1483571
1271971,5269364
12522382,2469836
13835544,8468781
11731648,3537260
5629877,728691
8576480,6527668
11616151,11325819
12767695,2658073
5152509,5609726
6086344,13807643
11740176,1185571
13698775,7547762
15391741,9985573
9763045,11268108
9433910,448318
10848257,9133139
6761666,3832123
2289293,10009476
8776932,13846317
8554120,9168042
13576631,14150053
2742253,13557423
16171701,8323000
11944104,15965093
15701553,10241492
12550015,8595776
10427180,10531048
2674809,15009781
12980728,13338128
12497759,515945
6558426,12035852
4920712,10782315
664382,8484980
4679107,2537623
416333,6656981
4536513,7283897
11413224,6919622
13697122,7142320
16310222,15455442
2904933,12601886
11163586,6621314
477458,11553396
13037829,4361940
9137074,1850380
455886,2197698
12823603,4229423
764067,6519603
1767627,16384047
1622568,1190947
6769783,4102393
1248647,14917088
527344,2615419
2679228,16088607
4626105,14379511
8804370,8059830
14317879,16019696
2099403,9543919
10127802,6741256
12777558,2728253
13863420,346270
61083,16204120
8839614,2713265
901015,10033470
2753781,11255595
10646357,1342330
15962471,5277414
8910636,5698410
14306280,8589687
15217172,4378588
7820471,75304
2805124,12633046
12823661,9461877
2132530,8167642
2831895,5585700
2594386,15674617
10549585,6586658
186398,5929276
2087652,7217266
14528436,8507134
7530822,16543595
9207209,3118066
16142371,1875213
5147415,10529143
2903780,12246465
14353845,7521074
10430664,10404979
7009724,9600248
15201988,4486451
1800502,8983622
889775,10376525
6498580,7671029
2006936,1226794
11114938,1405677
11556671,1260124
1182370,7546147
2231971,9548280
1399850,13993265
999806,12245576
8271568,5623836
10692687,12097411
9866891,5686786
1924664,118957
2240650,5343494
2023655,4838468
10287963,15525242
880921,2140918
7754594,5688391
4542089,2197728
13418630,11331204
16223814,14865110
12450693,4206210
8934042,745274
14882117,3913732
4743822,14759345
14696638,4355900
2427134,456787
9108635,10131770
15653064,15726013
8135726,2977547
6815239,3651319
13134470,3983423
2635746,6475661
7871141,1678641
14390858,14254717
12636805,10779959
10193312,2574491
6218632,14579283
15068559,5299829
13035568,14595024
13551532,2697544
14419328,1982712
3353537,6194544
11471763,1410651
9784571,2745565
12090315,6892352
7020250,7154073
6105136,2602248
7746527,11060664
6328189,6446643
10591784,13983268
9874059,2780187
7222686,3219005
6751384,12872236
3822451,366304
11062566,13380850
7422152,5831663
8277422,1817971
7426516,2124622
16282815,1662516
6450769,2138807
1582390,4058543
13735711,6481378
1496217,10577461
10184964,15487804
13307158,2115080
7904287,8261875
15663459,10964143
3806856,10833441
10409116,7586666
1647247,2327666
554543,7879179
643277,10504452
334337,16035877
11125732,1990089
12497029,12804547
12128707,16777064
10438570,11754068
8158833,7285580
9119546,9147662
2679953,16055696
16562559,14958215
12625288,7282175
15309303,3420965
6978211,15279252
2769294,12981221
3252440,83078
11326872,11856349
16106812,5583391
4754145,13234363
15755966,16340581
9992843,15684763
14220393,14017353
8606964,5628494
11889525,566207
5535570,14151991
6849159,11760834
12382621,8298455
15710631,9455785
10642944,9619591
10097726,8512811
5053693,1897421
6610333,3249398
7755049,2917942
12057015,15686308
16020705,15548622
1992446,15372124
2118199,14424910
11894369,10871953
6720069,14876304
11434763,8750265
10217307,3962571
8122186,2806195
4661296,6758570
3422302,13452964
1676043,2966430
9609176,1433098
16377468,1455714
16072218,2093352
11510147,13804086
16043495,401936
15650409,11052724
9610995,4215541
14759073,6429887
10545960,14974378
10859190,6213979
7593099,5648351
896751,7505053
1166678,6558760
7429329,12470619
10568921,296888
472163,8654834
8776759,10899366
12628721,733884
15699906,1504814
7463169,6528246
2685671,1413650
11166894,10985024
9346357,7809427
2184056,8848820
13827935,4735785
4581245,7792460
15231131,7002459
9027906,3721144
7207118,14252511
14043826,10364257
11938484,2715480
10067451,10011519
16582647,14048369
1077620,8607722
14358373,16710190
16758008,6513759
15524141,12893801
13683127,11936571
12003620,8760826
6158031,13318201
10693653,16237905
7557599,10483135
8499363,7381090
1708020,9856864
12279643,1824470
1510480,13293088
6190826,7843111
4634154,14053041
8656258,3550922
4223084,324054
8880507,8034755
7154036,8167394
1562540,14230523
5608458,11251472
14812109,12488719
14809562,10377192
16214865,16403879
11724607,2968642
1684600,4714394
1311927,9140521
6310979,7202962
4260205,11430621
2071923,11944257
13096878,11547211
4861205,6683540
10951469,6400614
14526266,9264857
3425477,15894022
759573,12030099
5049483,2469403
5472901,11385083
2425117,16488173
8532782,12404396
8460719,8737854
8331996,14859242
11090490,12359259
6425103,6153933
14554852,15394348
4984350,11428063
1433014,15614586
1235922,12856447
15442205,15372914
10748413,290097
4018304,11013769
8863859,6929400
10189148,2749370
4496039,3937114
13983167,6863730
8606076,5378331
10876356,10468382
8432668,1137323
1073715,15200728
13697141,13982001
6441046,2285955
12733029,2252426
16193645,2329294
16738006,5278577
9562273,3419632
9088989,4781667
6071502,13208820
208965,16088922
13494873,8383065
2942696,14787213
8079826,15893007
9498641,9695593
14374603,13299260
10100651,16479992
1183028,12067972
9127994,2777245
15786917,16194575
2375446,10422881
13924751,725129
1292155,1486728
9705375,5093171
75647,3590827
15137179,6581185
12991818,13095692
1015819,11896154
6748515,13106779
16144851,3004413
11570319,11714006
1384394,9962269
13511869,7501698
7408869,3240555
8510311,10810189
4424856,5872050
7027038,5192119
9525799,1293511
9731821,3987227
10847264,4378249
15513369,9854212
12658446,7326019
14920185,3568706
6757190,8842243
12097930,11202043
1128172,8408792
8138656,7047618
11185116,13778194
1685048,2132528
8447019,5544000
4435375,1033354
16284317,10549236
7082139,7250708
7105716,8836040
8180066,3498862
16730236,358343
40129,16614472
6608593,11024255
12543405,4482715
7220356,7642364
16209660,6514233
14410422,16580101
10061315,7058199
5567343,14781031
4959719,12782651
13301162,15747410
15343170,3975711
779973,13008042
11327538,9567853
10183049,4051421
15562069,16783399
5996395,13634287
2665676,1505784
12491725,5804491
13675700,16202298
10636952,14912082
12349456,4689647
14667021,15939412
2924024,4414970
14363251,16383830
13354594,381656
11748998,4790203
5404059,9896513
4935892,602671
15933372,9921227
4765612,2932612
15575445,3737282
8757822,16671719
1676135,14317771
9567196,12940984
9470702,14272246
575393,14696677
4055317,11724835
7398663,8026126
11182189,8629664
7258539,256476
2145497,4354905
100613,1155118
5449228,9361941
15487738,14196211
6637290,9833549
15508670,4758722
3877424,16778012
15741686,12985050
16630071,2440384
12145977,5057910
1212281,7885559
15044169,11045192
13679924,12738406
10645541,16481310
16110336,10313605
4844242,8258676
941037,4497491
3402839,10263945
12805395,6715516
4321970,2951196
5915774,6505758
2740246,16398384
6432872,12556203
4702034,12415661
8271416,11534365
10633323,7955007
15761479,5597104
12772428,6686723
2609989,9814093
3507293,7529028
3771986,4733870
12080580,16143657
9242046,15525554
4336941,10987140
925837,15586779
12952853,2756313
3871285,3158232
3646772,14375250
13462552,13629311
10855989,6855045
6749191,5210875
14334398,307820
11646643,10114362
8268970,9473351
3963022,2043524
11207276,3762989
13442931,10987622
10099878,9904673
3113365,2433770
14024627,16244860
11529421,15153963
8926940,8194078
6535389,11639566
11016485,11049789
9847725,1750107
2134788,339677
4527275,9848889
2422185,2719242
1017315,6672946
14580534,2341967
6771395,2590300
8167082,6892469
16059327,13410397
7529933,12243257
13135832,9781739
9292229,2473381
16031603,14076263
9017219,4574893
15919241,15051901
11093578,16295923
16677085,6593665
1791366,3859532
8601340,9449687
10389559,15821442
16229499,12214085
4659379,4251579
7418791,424380
14589680,6575510
16756352,2235393
5466480,8615177
421344,565487
16284395,10558613
13884341,5322213
3610021,15482103
2161957,5001933
3435642,15570290
7412000,7537398
5814858,14791938
10061325,14210895
7027209,14863849
9845152,3977091
12011710,5318273
7146034,1553128
15147867,9080525
9751740,6195906
8999048,7463670
1590185,5516258
10613732,7836721
11442498,3753425
8690746,4638949
9188589,13635422
7927816,14533164
7186235,15187009
12422598,9692402
6515687,13272676
12399871,11305656
746352,3531957
12374908,5186135
336940,16608640
10092257,12827367
7296156,248163
13328475,1267284
12041412,3661302
5962253,10769570
8252911,6224321
5732444,7236264
8935415,21498
671846,1510695
9200054,11603245
15542693,11561200
15792851,15780153
12287144,14052913
14968277,8157196
1787261,15767047
10991855,14234203
11307261,3060167
15821041,2382358
7402501,3747602
4831143,16157763
305111,3640449
6197771,6770943
5679843,6725617
16657354,14259605
1118063,5450218
210892,14134679
7435944,7554999
8079877,4725740
15403529,5971527
16032268,272531
9781147,6634751
5921175,12201933
10468452,15087865
1181214,10022636
11634704,3621691
7118049,10103381
15181632,8375316
12392910,7992979
99877,1803116
8160723,15132105
9645283,3404503
4266777,1297139
2090880,6825143
9210230,15148331
4552242,13083810
10964351,6192959
8465600,8223830
9692903,13453763
15075655,16295697
5943083,9123372
9198310,12516215
3299143,7825240
5635415,12489898
4259885,4363666
16639603,11733979
3818767,8508687
12327771,15687209
15913856,6530912
9207114,16266321
4206919,14175997
3398559,10683891
6702522,5266867
4407953,9075879
15221734,7264976
9493508,9916117
1151344,7182780
16138369,13881205
16375360,1910724
9656492,7960372
9372301,12977932
6758184,12592877
2924703,5261719
2266901,3872983
6748226,14821720
10617052,10284203
3391542,8693425
12413699,6257445
14809241,2240697
7931554,7751703
7630508,6939741
4550543,6669135
4078516,10612630
14298251,16167208
15360021,7140014
13027579,4763988
11554543,6747192
12294656,9160305
970903,15679731
13938950,10225003
3844140,15849501
10767374,518405
8172690,1315730
4496045,14119563
3504523,5906434
309560,8537388
12427814,6075177
2854054,3041007
422981,12951844
13816301,2262285
4313651,6231862
2637913,10697320
14358198,14039687
12208112,5543235
10115417,14771699
14676577,13519478
2698597,3243099
13520853,10792203
395773,4790704
8591698,15238637
7922151,7841676
3533428,15514909
16016594,9822914
8299899,328852
235369,197954
13035309,10856936
1765798,12661854
3642622,15073908
12614075,8141925
960887,16550740
10909899,621901
9309680,7375945
14222361,545412
6961725,2912485
11618554,3085607
1496891,15499018
4880244,12959240
1239938,10955152
52644,10324511
11382780,10873971
16606561,14089261
7841054,3024927
536001,4348274
3676720,11874007
16626042,2818839
6758731,8115027
4996911,1372225
9701143,6998401
1269765,447260
3678915,1449538
8398001,1769315
1687984,6325862
2306225,7309270
14171964,3295504
5504828,9728391
4340016,12015361
11145977,9328057
5421441,11108105
9481174,10106936
14966445,921763
15096660,14988399
10164316,14883971
8633322,10461247
14519064,9445438
16153065,13583419
12492449,7662284
11717798,9957244
14093878,3475804
13656000,13159201
16322765,5029619
12675876,7404365
5825139,12775913
16748470,7321072
13721963,8225148
9290283,8684834
8937833,4393390
9533434,16660889
12590572,6749990
10034341,15155707
1453348,1380870
2157805,6085179
1402216,3222511
15476933,8969518
14611757,16005196
903191,13981303
13803757,11172831
14394794,14781591
8575758,137656
11101730,1092493
4695689,16298108
15055829,2799546
674612,3899118
3738566,12190448
1903126,8873588
2926423,11408436
1079171,889591
5402220,585829
9055427,15493906
14909306,9182302
5214945,6514222
11727920,13709234
10778665,1964570
10772099,4557076
8792333,11476829
16785447,10617211
10503571,9178605
6982851,8001595
11487972,7188412
3552183,15607407
14521395,335202
4235944,959839
4979544,10630524
350441,10348733
14329401,2114096
9151199,8622924
4486359,14504984
10254481,7497460
11309252,15226191
6215907,6027616
820306,10582884
16382415,4590893
1765765,257227
3100272,10661494
13975197,14597704
14761962,15679511
13060632,8011684
3550540,11174830
5936474,2692170
8687524,16180650
15583717,8800361
10440722,804999
15379468,124026
13527261,698663
10247533,13318286
16140852,10825302
9609202,12396867
15010933,1895699
2210497,13261210
4746316,660216
4178896,8872104
1908630,2051712
14399635,5524387
10202862,15843373
16428059,6186119
223930,3132244
15696838,9723176
5497544,15924440
2349310,4016308
225688,552704
3186896,14483947
16602577,6717031
3658894,3913351
1548871,5931009
12907350,3803166
12928065,14615083
5462601,10493007
12007,805763
12922421,10912609
12246348,12202219
15860373,15934226
5594618,3883773
7919918,3951158
15460372,14066294
3785273,9963567
11476157,11439640
14941220,14953322
9059643,12293286
11391497,10654377
11297524,4946858
16699321,9974321
16567819,13018834
15210235,3812233
7801546,4192773
11409104,79221
15671464,14090762
1711703,7532972
9730401,11271224
7082631,613666
6853253,10303984
13167242,7612727
12191211,16650161
2304304,4282050
2495279,5560456
5534592,14868840
3860449,10691896
8122559,13540634
8773401,7656827
9641528,11084218
11412532,7275591
13878890,99105
14044021,4309225
1842808,7425800
59673,10910262
10404969,5852471
5595641,4259635
406908,10730545
11654922,2719869
11798924,12986756
13104682,3770300
9818391,6450281
11358912,12442891
11481188,2175667
9992353,15606616
15707582,1191229
8427235,10833075
4768648,10367254
15963451,12216666
3537767,8591903
11259644,6404699
3244251,9932632
2506393,10997019
12522861,4393009
1031521,3585538
9529146,15244056
14613169,6872685
10559588,7869924
2016088,11453489
7784765,9465854
13157170,4627311
3147946,10985337
5363821,6645362
7104637,4006561
5774329,7973249
8724109,14304725
6665909,15226638
5767198,2959022
8227539,2632101
14748084,8789723
384548,8073488
12086105,12374232
3525370,16195004
6156531,3550718
9215551,15211115
1723426,11296770
5730398,9062190
8133939,12133062
1913502,14786672
13074256,13141207
10165063,15575410
5900873,1156390
5742598,9371323
9325846,6680980
6552392,4866931
15631343,7324689
5841917,2554644
5553831,16573152
4974698,11091729
7430733,5100901
4085600,6510928
3187801,13352662
14749854,2659211
6241086,13836373
2121286,1957403
9453439,5974792
405606,9753095
912897,392570
836627,9607131
4738721,3174334
9949301,10562126
7385430,11095852
7748781,14718696
11300653,12015176
9823506,7186294
1171250,8351997
15619268,16618950
13292957,1714137
16402021,6179797
12247015,1817783
12119422,10359004
2608087,1109654
14782921,1813277
623833,1501607
1081667,16410591
6694589,10502547
8971340,12213630
816574,13133590
10051054,15161556
4213753,9514323
6867193,13349328
6394003,9185747
6366910,7548267
2700956,8379237
9070776,9325630
11046380,14776253
15976248,5596541
7989720,669791
4962781,5117473
4713681,11157481
6036261,8949056
9093565,6444415
9118693,10529912
6648625,4297156
10192427,9963254
12728759,16590288
7533987,2100969
14158277,3215317
4625433,13626819
14061314,11893385
6239811,2584411
3479882,5413080
8949033,2320086
8810592,10325965
1827839,3127514
2080590,9825175
250665,9602960
13583490,8874913
3502099,13072009
14485547,1609408
15229813,16429185
4265822,12099310
4812696,15115146
9072308,3345424
16796078,1987563
9000750,10677592
7861899,3264393
2948218,12747251
10477780,11402690
12852764,267854
1062006,13342687
11668685,9895661
229888,16532845
6412779,7419592
5449890,14481133
9552721,1855178
10820751,16178612
9711216,7972032
14393859,16429360
5373901,9040268
13681345,11247534
11691015,3628961
12713592,14047890
7883436,13043936
4681633,5503093
1079984,5904383
6143058,14885818
15718195,15907996
11149120,14093658
15643459,1013148
14044982,6886407
2478486,4521842
13906912,3716687
16080458,12564739
15554677,16390334
14857149,5575965
14535815,3218523
2506466,5265208
8572295,15793265
418940,6759556
8430985,6877653
4369822,5264441
2649660,6250522
12477642,13850257
14679467,9667000
8188675,5132232
10978520,490308
1079338,13630430
15366418,11369940
2721382,8687259
11802820,10031567
9362966,9485168
9416938,740629
7195925,11608167
138023,4661558
1244321,16508783
6653895,4364822
15668262,1454228
1879602,406904
13359818,12010548
9307078,10553379
9076586,14494166
14865745,15330886
7734732,15829499
7655122,15571402
10674124,13914374
9106068,13077778
7049845,4031310
4105681,10143903
12273998,16450309
2951363,4309062
3583681,15963074
1416683,5762475
12587571,10111250
12907458,14694784
16425298,3954775
14838652,5421000
14676946,15989296
5785668,15431693
1244817,2935782
424926,5457017
2519963,1285470
15735779,14440226
567360,14423379
8298257,10736091
14156261,4652657
14136167,4791048
15063638,8428459
6549026,3497080
1284751,4775079
10845830,15425647
2500574,2852996
5779904,14821415
13745143,4034740
2553577,16672493
11673819,12230305
3688835,13176005
2145058,6719170
11540533,13560644
7584143,5058412
1022580,13003265
16471401,1467606
7395263,13471198
16470908,12571893
5196954,16365702
7317672,2076554
5735220,836697
5097493,6102001
285770,5077165
6660539,160699
14466649,1584571
6222017,15813858
4919225,12503039
1535508,924822
11134590,1337304
11740988,1101383
4351663,8252616
11863725,1947979
3837770,3846989
4785102,16516649
1028804,9468649
8426250,15484207
15003883,157377
1984691,4795677
15438623,7773432
14647847,6520772
766292,14355013
6035310,13826152
2417330,971934
1218606,7449463
12871225,7108215
2127589,4327377
12844491,2028233
7757949,1662646
11679742,2691616
8551388,15992139
13617295,9775636
14438948,4233960
12303376,8552932
16232202,2971050
11477811,5837128
16604849,8947870
16752753,6419052
3069801,2365753
580440,9718982
12653207,8472294
2306634,9926400
7893662,1231304
8142515,15005857
16633347,5523371
16593448,15069527
16142842,14043500
13112959,11743311
2987290,7630789
15896744,1741128
15467742,2030345
7866507,214171
14163063,9512896
14786743,3982989
15458023,2587460
3755114,14285492
10635438,8196850
6732649,12183244
8349143,13138264
12284362,7319004
558487,8930860
10361610,3809634
11216255,10513062
11091120,11775440
12507837,4762363
13328248,14586778
62487,8328425
9290059,13095619
4980406,5071060
1474405,9536434
6876412,10683557
10473199,12347191
526681,7199383
7217331,16346629
592988,11463896
12538192,13187351
6025521,7236401
14666380,8713531
9149579,12057703
13488172,12641098
6768516,9737698
16241660,14012410
15848119,13054991
12232583,7186791
568184,13493239
10447143,6892016
1587811,4455432
6894115,10032483
4231558,15038525
10556232,11237556
3628309,428766
4562772,4052295
2588891,11126588
14574683,4542322
2457614,6560219
1047316,6338065
13396517,7499215
5692527,2224353
11449336,12938590
7683034,15733396
2854750,5827405
10514296,6371354
4697795,4631430
4960943,9767965
3476414,2918870
3872602,9595165
6498723,11010994
1056562,3649417
14211942,178770
573676,4329012
14454728,5129031
7175150,3321950
4913359,2123735
10089916,8696051
13992898,5548071
15821173,13478893
4496479,1099347
5573209,15674199
11290396,7305925
95899,3913607
6775486,2398130
3512833,16402653
3725468,674749
11930218,2678382
11361721,13820329
14137310,13320321
2161374,16009704
9538386,9206248
9821678,15968400
12502106,262931
16256771,6153234
4629691,16756954
12024133,4131461
14499202,12747866
3994135,11955773
14269671,5294847
7289664,13079884
8780598,12847630
15246011,7224343
15313540,6867318
98572,10784127
10681430,15175638
12082104,2223571
234440,9141652
207179,8093557
9167601,5464414
1211768,8644961
1488130,5391952
335751,9384558
3722648,8325955
11516315,5254140
4566298,1049327
9392363,6555549
13520115,4466897
10624001,5549249
10343044,6756353
2031840,7114595
10030731,13584401
2853854,34884
12000196,1578982
10861329,10190228
16107789,200482
8093570,15359125
9438596,15430686
13813617,550848
940863,16512488
4039627,16234803
13282977,5884121
15944282,7061949
2316080,7390740
16376892,4085716
13729504,14631028
10652153,16362178
1388277,15545724
2025456,8491073
1291362,7938672
15122710,13133798
5138496,8808196
7372515,8183375
15934318,15038242
6815744,491896
12333002,13877594
11794014,7843529
15284230,10639955
13152446,8329571
9346440,15715990
2579946,14620630
9807334,9032668
2678569,5327184
14935370,1398569
10924707,9024677
12443422,9557315
11443937,14043869
6072163,1668081
1422169,10034564
11345254,3978996
9310389,9479407
8197242,716602
15920193,1961997
15675012,7795602
12580698,8990087
4191178,3846028
13928691,12025522
10213425,6881500
14023642,3434448
11222813,5353494
10557312,12507448
5519006,16667087
68274,6433188
14957753,9488935
8549377,8056715
7519062,5693377
12025140,8579748
8785668,9990636
16600989,3345747
15719458,5168191
1142651,6960560
6662257,12064224
14348289,2012553
1789258,807480
2484491,12346524
5041915,7670829
7714896,2132578
15933739,6898476
3006745,1263217
3978880,8952240
7423384,14012581
623656,16121327
10076845,11636782
13535076,9096635
426852,2003598
15886569,10070974
16784291,15400232
1461853,13011667
5561950,1008156
504906,9537046
15445577,725430
5577294,10978939
4297263,13134625
5195488,2937678
534131,10415297
424915,755640
6786200,2895998
7713540,4385444
5007668,8945933
5058193,10016485
4372835,12795602
13692324,11500545
11894762,9038514
5243190,7776920
5714588,3187981
2144300,5526585
13860769,6372065
963120,4173653
7461770,12548230
2714664,5831462
833506,16635377
9397776,8837203
7432948,12264521
9748587,4632831
10456592,2247291
15457076,16398014
11980834,4670716
16564780,539236
15798627,13777766
3788696,1403125
2040232,13305918
13922528,8296962
8850850,2433231
15568718,9696001
13912576,4483825
10194821,13501879
10362040,12998408
858684,7221559
5713402,1539975
3734932,9740573
2565176,7900119
14538863,5689120
9138052,4300325
13086810,10441421
14495586,6900973
5081702,256223
15264554,10945411
188664,8853302
10378301,14202617
9950171,3091527
6246489,7506394
6591853,14890967
6435380,12835855
4332971,12294470
5238100,11429139
14770683,12589371
9459223,10824606
2189250,216292
11964249,15037605
13636179,7368056
9804192,9079764
11963159,11688489
3988994,2251327
531064,10617674
14963677,2531133
1104380,5316999
14282572,4518211
3695274,9883269
16691501,15070000
6083568,9862674
9309012,5561003
9069968,9697001
1780867,2928424
13572890,13494423
5116763,4200786
15065142,8721228
462052,10449037
14601360,7931453
5730655,10974215
5032550,7066550
3580671,11543342
4225734,14864072
9821567,11802830
4658518,2501201
10970183,14574645
6233845,15878912
4042862,1502831
14601933,2554649
10734553,5403365
13482918,9812909
11015204,14157699
1519158,16219172
12843649,14692755
16617988,13988956
3754412,1466394
15647027,9602403
15624739,13455798
16523790,9643601
12938019,4743353
15150837,4485083
1454231,16687349
14278434,3212407
7876615,1562411
13577229,13614323
16592689,11001912
13382631,2578469
14513851,12539082
11102384,13039521
11734230,5488624
16278808,9122954
11751121,10401638
10890805,8251077
12953879,16632109
12545777,15499461
3794547,6446739
2138540,7838191
6257777,7756019
6189537,13576750
1107406,3078490
1997900,8315805
2967320,11590219
5969902,16571188
10461923,9202800
1623541,6065365
9893777,11664117
3761028,13313391
16506291,4331623
12887293,11525677
12928560,7819330
6852168,5610125
6899820,6684205
15474917,1602566
1365374,11924911
8901650,6484817
320522,1037230
5630988,1313194
8009839,11562136
10444606,16118188
5944827,3575604
1987535,10944974
3367682,12284630
10942805,646175
4150388,5891482
3769492,7073458
1631491,7460569
6057721,6959485
4730973,1787702
409473,14839334
8073382,11207812
7196751,1034720
6912516,13879833
7950950,9593175
12022517,6489486
14963120,16315669
6065639,15702873
11313665,7968355
5626592,455177
6050209,7091654
9312084,8181204
1771326,1386421
2834181,12417813
8637226,16499828
3328719,1314129
15352782,13774112
1349764,8584491
1383487,10161833
11221062,13212408
10937471,2365946
615452,1827685
14371391,5902031
3941815,4993390
2855949,13313772
3387513,6587669
16240943,4604270
12303111,13392989
3481049,14700321
12290798,8759965
11929052,16349494
1045943,6129707
2788145,12355017
11202050,12307078
4627856,15454175
8641640,3435353
583392,209429
5930481,5471195
12811703,10415693
11094955,1305235
9582263,12817493
14842789,5578444
11312841,12110603
9070172,14608782
5295539,710334
7556127,14836483
1762729,11080744
13755973,14972115
10072124,7166710
10948367,10687546
11648707,13135465
14328093,1604896
1461857,6488038
13191091,7220336
10899210,15529142
10752298,1791511
6031522,11184386
1907256,10133294
6783281,16296032
15532190,16271711
11353513,805754
2342245,9892189
9469558,10300110
8193043,3218597
15785946,1413604
6505884,5264380
11284695,10365959
15906802,2324094
11170597,12894018
4282883,5853068
16032221,9902508
10947780,6294264
2595737,10948141
9722825,7895263
13029899,3759351
7155398,4406685
10051205,11526993
14252550,4508990
14262021,717993
7066646,7045733
5334355,10416128
10991871,13308676
1277554,5316389
6727315,3261635
7653690,2741980
11357017,5803293
12404408,10554512
10056948,6639385
2995826,2174004
14631047,5590954
8271831,12499574
1392100,10533637
901732,6233168
9162412,11042206
9434175,11485385
11682356,13859726
9164293,9489861
7254729,15548955
4594897,1957830
14809594,11602416
2584371,3307813
6080319,9264975
6966335,2347869
9247354,4340180
3009712,1261350
12884097,4101950
9180859,11686475
14806857,12612224
13056532,14118427
10176868,6453170
6767735,5417401
8713723,9563327
13814925,3571675
16743671,664301
6970915,12446630
15988426,3788995
11875256,12503760
12185276,3801774
16670525,12889099
12896606,2899091
1441211,2353583
14545749,1540178
8376181,150858
4870245,4189394
15422459,16539230
5401936,3443299
13854650,9856351
7690079,7043082
14157556,13033273
4641004,6730751
16411488,6277881
2940008,4183097
15374346,554705
8621542,11014856
15457716,4380266
14934694,11038148
2352893,9394504
14065840,4537028
6989855,13173323
4747086,601852
2962259,5610455
6364472,8156497
6484117,9160928
7592323,9230275
15735684,10173543
1471330,13109171
10913890,6010544
12735060,14514215
2487605,13611829
6419664,7550799
3058926,7983601
3347197,9301864
9456465,13234374
6186893,12943520
10296222,13070756
9693332,10203874
515843,3576358
8682308,4879029
9611188,10294389
10940325,3790953
13303011,3888435
10337556,10954285
8019872,6451803
13393491,289814
3830743,16286514
2320304,2473931
7310233,3366821
14805002,526878
14938507,506833
10159511,14552757
10661436,2649848
7796789,9593360
315144,11437444
12745319,8829964
953024,12091385
13647555,2658787
1102227,11407658
7795311,4700975
6593059,7829999
4909801,609521
14209965,11297790
4940160,6613074
10320054,6638229
5222265,5056315
2791566,10799189
15996730,9840564
9324707,10384888
12428661,10794271
9435438,940753
12087369,14763058
11240868,3395355
6895658,15342933
5929268,3975330
12619345,15295905
13852634,12492567
12458274,15801662
15502810,1181890
14822476,7769633
12684657,16374302
14539674,12197555
2671168,12897143
1975290,9409414
13084072,7197037
16579614,10212211
9502054,6929445
12436931,15257721
10254186,8485156
9435908,6210081
5828553,4236394
6765269,15803244
12561871,8963513
14316812,6991542
14117733,4752638
12743511,4750452
13262797,1680244
10474757,9233247
14968572,15373586
3901520,1124120
13335787,12924656
16078531,4400994
8585755,3856938
5895185,7305882
8636145,4086420
7413765,10200358
4237202,8731871
13740474,14790178
8109599,12047644
3341152,12243174
14381211,1387547
6565955,14980877
15195391,10364739
14783450,9855402
7092682,7849664
165500,2750326
2948525,1998386
13858069,9598489
13859914,8006293
13787627,1323702
12760871,505246
13543827,4487794
15525443,16348971
14648888,14773499
3795076,1412974
11993824,3474998
6438870,11108257
14649578,9087182
2076377,56552
219845,3113345
80545,11812070
8015662,10220040
4385992,11288436
9606555,12426653
7260926,12157783
648279,13476835
4567475,10407027
9319972,11227656
5142733,11526931
8199429,985765
9226466,4610400
12947401,16764709
10024625,4771605
377173,6296296
5707988,15710159
4526,14175792
14922542,16144744
6197087,3791394
10154041,16659415
8358671,13045623
9021469,3449860
16734946,14716836
6549612,14344525
6019473,11874221
13252461,9097733
5484371,15412055
5552273,3110858
10655760,664675
659537,4049032
9287823,8955955
13768150,11888202
6911927,13993500
114111,8970846
4689604,16509601
12316305,13461761
9075650,14530836
9908404,12738173
11697095,3896666
10426524,923803
14772189,7175341
7798570,7758273
13736506,1494108
1247930,1913514
16579844,8974163
9318410,15115548
15350976,2131668
2186057,3640288
7741034,11237177
14436822,6675624
12575939,1143400
14106953,8715887
630495,3955895
8185081,7001522
1211487,8360966
11416680,3639898
16161833,4290135
10680820,7821544
6872439,14589777
12224487,16340170
6922183,8509503
7162111,10365847
6252448,5045745
10310967,7015343
14203566,10347671
553374,15108761
10998992,6718488
16629956,3042910
14109881,779203
3348470,9698659
4246181,1312127
1906658,3385109
3977737,8645936
15129784,2185587
1226579,16582679
1178490,2256346
2262046,5672353
16048476,8250702
2101062,15817775
1540333,11523638
4168209,7383359
6526864,9982619
14674245,5781864
2640857,10482914
10235244,13330933
8463333,13282151
10866897,11161440
13894129,9615371
8022135,4661323
5949252,13752261
16644046,14584139
5119282,10825933
15109707,12139069
3839908,8844350
5693903,3548876
10684131,14799685
14038845,15499461
4797682,9068274
14619477,9822115
12270646,6793236
12645422,3464047
8721854,3230915
13405367,3181273
14193063,2367275
443858,700620
5021508,5882267
13256207,14748723
2504051,11676953
7029142,1827815
14390329,12456628
3969204,8356587
11086086,7407908
10112202,10583202
469084,8754930
7900175,7160373
12132618,16477370
3304193,10353953
10271057,12848684
12769191,16107940
4695105,6754197
2844335,13596193
8936761,6802295
1881192,13531323
5589190,875344
1150622,6282437
15378527,8408533
5274813,4949310
16383886,12564854
10791760,10337913
3175623,3678943
12967425,13546402
8489734,15491945
1115170,11275708
6987162,4920584
12350966,11951979
6343793,12883151
9689202,12347627
741277,594905
4467594,12552088
895406,3378751
11642600,3243910
8339785,12353064
16182627,13457781
1004869,12268944
15257294,11763312
2240749,6782804
3517448,8784589
5480784,5750548
4084779,1935931
16545847,509174
14482071,70525
15336783,5529407
3948276,15764837
2919149,4860831
7814053,11798322
5980622,14398457
8242407,14934426
1583325,9057110
1287833,11066443
2299803,625033
11489505,8549326
1599338,16710615
12849704,7212302
7698875,7069653
3562254,2975416
14481243,4388155
9379100,16234127
6590774,16244520
11545762,16188016
7055751,3753154
14121890,9556832
16385235,3884533
11489099,11165348
12094484,8085018
13035097,9975091
3333950,12843663
6786477,2718124
13612821,9385081
4813883,11932897
14702358,5221058
13463843,4692130
3486262,166458
9961236,8265676
682906,2273050
13452989,9918514
16431727,14568528
9136345,8279070
12755674,7925927
14131924,10552512
3330405,9943389
10033014,11541725
4350487,3036571
761729,521046
9375420,1098787
14926141,655151
4413389,260041
15529872,6625415
15205438,232145
5774288,13688628
3810878,12059443
11386166,13437210
16708318,2811881
8084867,4289007
5467904,9895633
6179878,12488275
727100,13023529
13191216,14182319
8098997,14623185
16025360,12153830
9520169,1749749
11723279,6871140
6699000,74633
9549443,12150784
6735724,5874931
11205969,2035043
12720439,1763050
6796367,9654615
14154176,10045079
120141,625978
482970,6015175
12153373,16005425
15677361,16761720
12392679,7993402
7410504,6166473
4384836,4568541
13057244,13875102
1838149,2225869
13887527,5498939
10534423,8697416
11983065,2262491
15419085,14429924
6129886,16609292
15888876,5187953
11928180,12490273
5977900,9951663
2375936,7744796
666865,6652190
10296967,7528195
15943180,8716447
9649815,5847139
7253259,10578683
10337398,15384259
13548211,8628698
15158355,15048067
14090965,8439166
9638471,1808946
5551077,12042348
7951219,5220462
10127378,16011998
12039709,9073635
1516096,12628746
12912947,8873947
13289081,8062027
8219854,12758534
3024261,5111958
11439975,16754617
3605235,15596511
14154074,4793680
11412394,2237452
7942544,4883675
4760070,8440926
4736781,8679385
13716712,12849687
5744561,11258743
15500972,14031638
4481456,15571616
2425774,16103122
1843264,6655903
4543423,12669252
1872649,6618015
9770131,10486013
10542869,11450403
13500348,14649734
2198792,11312752
10593464,6342620
4241749,9654110
7653443,6042289
1040986,13649433
9455679,11688799
11026752,10857089
14726663,3312221
10764908,15962513
1839712,16465138
7235191,9406193
12234223,1574927
8479513,4772422
1982999,4140197
14568980,10065227
6699229,14768654
10328928,9564062
6971677,13203814
12948845,3958073
3499118,4452094
14716843,13263623
15935503,3974690
7116242,4462169
12187196,3410929
1570380,5280588
15182412,6840259
11204466,13474554
14252595,8918391
91581,5754238
11121409,11570856
9350220,7747149
13058632,7931609
11385098,2473601
3200565,12337005
8069472,13827126
8720963,14950323
8841266,13359125
13663919,16123552
16299242,13278011
9725591,2595659
5581569,7280741
12271471,6495098
11771690,2289822
6493253,8872314
4677371,5940249
16398863,10487326
12477580,192255
5918722,13855099
9887100,2384863
7351984,12594410
1755908,15260538
9909516,5163619
8492044,6793002
7602574,4203192
12484393,1120357
7953345,10725029
12021226,4989042
3060671,11967405
12034219,16143783
4704480,307220
14817652,16584717
7707914,4607897
12898563,771267
14984348,8304935
16563324,14684751
2093630,12967189
13787819,6866683
3880445,1843987
6255845,2630989
1250135,7249009
8490976,8316320
7482083,9609521
16563084,10247311
1176071,4535643
12929411,14293306
11360880,1575056
16329828,14729237
16451385,5721724
14790461,15645792
7615352,11891508
7555050,6572279
15760983,4288422
3063094,1173598
7274599,8299951
16433752,16706492
4827035,725760
194860,5683739
7669386,14054528
641236,8641651
6723688,8628206
12678722,6535955
5738357,14654476
298537,3833546
11774207,10884526
4765882,16284306
7920815,12610137
794028,11522856
3901909,16284079
1351863,5584202
2789617,11644861
12105445,14966061
7866180,4255608
4714628,8811556
2363089,4291287
5223579,4008159
921257,16467009
23913,4492882
4638611,587049
10081621,3367408
9948231,11100132
15118443,5558850
13637154,7962225
504134,8822760
7150358,7392074
6438445,12980663
16693813,14360305
3032411,11378991
7573191,15743693
7308699,535464
9942131,3245348
15513182,13475661
175226,992114
6627489,6960664
4306707,3273410
4304884,12047261
12514582,15436620
1670875,16618714
7649032,14237235
14254255,11517074
2565044,11478932
5242414,4954345
206534,11420055
964383,11149467
5462173,8434096
10786702,370134
10791532,15178334
9127590,15084285
14173659,4819728
4005625,12348748
16371606,6192597
12201527,10731381
14508403,4065280
7819606,366709
3656201,3540687
5271016,8241517
12598139,10614546
3777341,8400810
12711529,1560101
13982443,708128
4381379,5730148
3948246,16662239
6440933,11538445
5815863,1603447
359372,550022
14966934,6100643
6300520,6111604
15616207,14273764
12650895,1897884
2348276,1928252
2545746,16406920
15666022,6740659
16536143,3720024
13636756,960571
8456389,10794546
2788324,6461748
10554656,15123302
353331,10098146
10524998,1943699
4159936,14911892
887313,4904695
14367790,3364771
9505575,12632497
1012945,11431493
16045301,13848283
5549187,885513
5152101,7977577
9805347,1349202
5702147,13263238
13997879,925448
1651645,700991
12834996,2640873
5908563,16042187
3013502,15203163
2556476,16666289
6032561,16358574
7488366,14675142
10506333,918001
724468,10259446
2689636,15975630
11381046,7129983
3336874,4122134
10603527,6614835
2887532,8265816
8201087,7064103
6846383,8840029
8730635,1195316
3372402,867947
12018829,8705628
3352358,12483193
10815435,12606274
2586340,5839706
11004858,16372420
4192763,15160432
9910668,388500
3274730,9545255
8909832,115428
15432573,11686576
4600394,5485925
9045629,9432690
1062235,13825822
3724525,596606
5863081,15096698
8827409,5305464
7506963,8942546
16522226,16674871
12358155,8949534
1781556,5640405
9527462,14498996
4082849,2277044
14713849,3050759
8111903,12729136
969239,13763637
9488771,13905903
5527048,8934008
14293032,16283985
5707473,6946473
1403015,11491205
6251103,3059962
3395513,13221098
15345853,14699789
15396953,2005490
10102131,1537415
416731,14957600
2205872,487351
13857687,10816416
3904719,8105152
11007078,15274657
11322212,12806216
5019850,14347178
11935303,9283719
13420286,7595300
13274635,11183752
3305892,11470982
5575597,5523203
8632716,7887782
16652358,9983885
7842077,12348050
10059488,4705491
7918835,5917509
8734731,2114787
10186050,7855254
16611945,96739
13803510,12708455
13994481,10770525
14148135,2387361
1738337,10569365
4173240,648486
15351500,13128071
11503676,1608674
7440610,7673854
11140320,8361330
11096131,11362846
13190058,13425681
2207324,15571077
1843143,3408110
1324596,3999145
14017120,1669262
7848538,9947109
1945054,5491567
7282671,11349107
11908698,3785494
3776154,14476637
2715169,2321646
15142515,13524626
1983704,8820423
9700970,15364652
10645829,2857793
3176208,14733033
1874656,14206194
6716028,11469368
15864343,15120414
9550951,12007934
14091804,13698201
4218136,2942159
5811901,14274174
2527813,1367940
11455413,3936936
7778256,6973628
6827288,8609769
12931536,7734771
7258807,14529228
9555010,11808035
393644,8823911
5736836,6118137
6097080,6982782
5596698,10299012
3296842,9011528
7211545,12014078
1750301,8619677
13622985,6749070
42007,14867366
15846947,13413633
10762255,11846416
12434448,566424
16639491,10829029
8615254,4501783
14111114,13846614
2407042,4973322
3722486,1719104
9052945,13069151
3465307,10944961
1190966,12567208
393675,545852
7287225,7307982
11017104,9851340
5248299,1876581
6696322,4043968
6303764,13701160
14657114,14704225
5407764,12850594
14192390,1647340
8436014,358948
15150078,14999776
7495529,4621752
5663904,3063963
2941456,911797
4750931,16102006
1467251,475604
10474860,2392277
4772161,4445486
3908946,38036
3976641,14417617
15247736,13631928
2105742,7177079
13959243,12205240
1110392,15769562
7319455,7815618
8895349,9316381
9762022,9493052
5804826,8913790
1888224,2291754
6505468,1559927
7945601,3193511
14191611,1564001
16764755,4673830
11773503,7782264
6260864,5217349
14307398,200287
10453182,11327130
4763850,3549660
6193124,15241302
5224347,2628334
6560519,10642476
11973184,10723571
8223655,10673719
16415402,5182203
9339213,8166162
8610113,5165527
15786182,7825968
8606375,12617280
3798931,12097562
3234279,8751979
1220675,451905
3300880,433978
11772341,1649403
10740393,6756411
1131385,11302545
4812715,1491753
6298293,6560382
10588576,2195172
6833820,10504810
16223222,1104199
3880139,8503464
9147789,10172225
3733550,8011864
12029751,5115451
15167516,1703365
5226414,3352325
15096826,9760012
10642762,11774741
16154345,12347854
5861215,10717706
3853434,6772500
16257202,3266244
10497391,8083850
9913814,10553399
3327334,6218563
11456455,7954859
13039406,13328938
13616867,6437961
1473604,5006529
12073239,13090033
4674045,15227882
1299598,11196842
9915576,12430914
8127820,1297705
8718079,10160964
6511466,12328118
6845799,5261994
11845366,4873183
2205198,4334421
117376,16652514
14816742,12962106
13940002,8909541
7161440,7729515
11439504,14894656
972318,5105798
7294830,15087977
2866508,12035950
16619865,4209520
9292824,14440002
10930999,8287626
6227429,13640341
1452385,14171178
2072467,7302851
10616910,11720824
2327907,4302692
8882471,7314225
12372739,4841545
2967773,9935645
3256346,12773883
1474821,1649321
11813401,15053873
13820352,15574033
12394486,2494956
8396102,10833317
8118991,14172692
1729142,3031785
5679267,95899
6848724,1214782
13629204,14288322
12082536,10044611
7190029,10205228
14032099,7435171
3505493,14808831
913189,11576812
8283386,6187531
5099557,8239789
12327001,16157520
11864982,16293231
766007,9533060
10043201,9929639
12604747,12248327
5465894,5850734
430789,942495
9321598,16463946
7644732,6351904
6574423,49424
8048174,6188772
14835425,7540659
756136,12609372
4112629,10298275
9983486,9435179
16258836,14405892
10562694,11032804
5849586,5587520
13798892,6484702
3566038,13096472
8210016,15770515
11895440,162954
4449963,14017674
7834169,10981397
9175683,4971052
7528645,15161142
6914042,13393029
5138974,14867050
5694249,10104731
5797736,8182708
8404271,13775392
11387424,9365815
12656712,3210121
11447670,16263684
5384373,2953809
7058193,14905284
2227908,2775136
14375983,13565869
9044536,15407305
9780981,1402617
8013088,5878765
12492585,5939667
6408867,4477974
5268694,11736152
4910324,15366526
3362978,11581344
3380214,10361890
15691887,9304781
7926569,7306112
2517620,10899849
9191784,12467597
11121316,8318838
3973516,4852899
13161720,210692
3435295,14669325
1243782,15135344
13809704,3741061
15726970,872107
9238388,13768872
9039912,6801851
4585398,15455460
3751498,481010
10334975,5630707
6612859,4214503
13773030,4549754
10051799,12473685
15637243,4338266
12428545,11763714
6946926,365125
9183006,5518658
4342576,7122615
3521060,11117244
1016498,6344106
8355610,11938373
12008432,254717
14460106,13741219
3820272,131318
6241649,10740937
6823577,6012236
15721373,2376068
2054138,12559950
5933760,14317974
8684083,12775797
1203543,11182387
10923895,10067590
15181361,3488072
4145969,11621671
9812930,8827438
7047782,4849219
2521541,2181709
1650804,12065838
5662019,14750314
1383232,15718577
8444817,14267177
8403680,15937355
3565039,4941754
2597047,11037637
16015634,2965630
9735681,11764046
10511643,8172426
10919770,3383900
2098129,13952278
8012851,7331077
12370162,3218449
10659448,7853151
15115742,4384428
8398214,13166566
12073947,6802826
5400819,6554992
2564067,9412086
13368333,12278776
11124999,3934109
15925455,15483010
7147624,9347063
15773312,1841776
9882947,16235794
14132580,9863969
11260079,13368241
14559633,1724407
4421312,771687
12165735,3797520
15995751,11795423
13651070,3378029
3427406,14467820
322394,509758
2980162,9410753
15086417,10560546
400825,9205464
12666902,15220534
16783681,10714775
1501708,14370786
7667569,5241744
6327117,15559059
14517341,6468237
12017091,14760268
8120602,6694202
7803169,880253
2886314,9423247
7058838,2925937
11711078,4068943
3962082,2351338
8957441,13823464
14445263,14369720
6469623,66275
12851900,10488008
8360016,16359450
15315907,8971880
6865608,4655330
7738070,14337318
2893720,15465016
13948783,8561628
2206954,8012497
14944383,12624835
8365697,5458530
5412678,11587614
16373297,13611512
13828068,3557476
7343664,4672795
12987002,13289721
1635043,13489066
13831279,11647952
14764309,12254144
12692310,14019692
6600948,4062278
8807210,9242892
5521286,5016618
6366478,8328506
8631509,14948780
2742107,12410631
13609145,1910448
14928193,14578097
13550767,290419
11487107,6445256
11730205,9207325
3307405,12531166
8004797,10316044
12930874,2214874
10900618,3779418
11201339,10492132
5424526,9177007
6966192,3365762
10215663,13488256
4941971,3970440
15333501,16749968
1664598,2635639
8113301,14731106
9541330,4601889
4632766,831145
2472045,220187
12990649,6271868
6707527,11941720
6336877,4863234
447776,15556198
7206262,13487179
15955911,1066519
12633567,14432953
2891493,12222465
13616973,5367180
906378,8429895
12357271,15522260
2794092,6875244
5878364,2262434
6759594,7742289
13709755,13017484
2595138,15034514
6619537,11008669
5461584,16048006
9269677,1230861
4552477,14953949
10254731,16413985
9993832,11646879
13142335,4162335
6455357,13745003
3816456,13244385
16349253,12850915
1274889,8860866
11243729,10707295
10092007,15558223
12203835,13716165
2925001,6898701
5693501,6757111
436544,394819
12315319,10828708
4907202,1508054
1782583,15292610
9720192,8190140
6034916,5125780
5956179,12230047
5530610,10953428
11777601,16774533
12161834,15715304
7179811,7373359
14925659,9367612
3497009,12029414
13516983,14402418
70731,14758102
6820412,9840415
11703718,9699543
10060580,10234452
12704545,9471392
8104444,7911937
14503680,9897556
12348115,13470334
7047329,16571485
13843647,6589519
6301343,4769243
2930518,8988151
2263551,14582739
10242518,11723611
5846629,8251646
4442498,8997839
12942524,8807834
6180618,11902466
10066135,15121896
5385421,7360642
10633254,5357809
7322956,15281506
15699789,7930318
12501976,15481412
9319995,11870743
10970332,16016674
11714392,2361757
4253746,16162267
12231323,12944984
11898413,5475231
7766546,8527569
4888317,9970853
804339,13647156
8738139,772879
3639778,11163832
3296115,16773484
4656007,16786849
3124845,184974
9129836,10885080
14844131,13807607
11525189,879628
2370619,9080044
13353714,8029267
14313754,13560977
12192178,3648019
5198182,15264484
9424074,6868844
9147018,449215
638406,2297031
1028681,11703526
5289064,2664829
724278,4823858
15895381,11650155
1681694,9965475
1972241,3946979
16667070,16506254
13741636,7530557
13227770,13078383
1821133,6124972
13777560,12210338
7555481,9325019
14258008,10982071
2206920,8595047
10482358,3507998
687971,2175899
11510969,10678699
9572738,11359574
3893763,8833810
14267741,16362837
14632414,11267054
11401822,12331051
429956,14227751
15013326,4815415
15748768,7820801
3519704,13593112
12946270,7198976
2529032,2021916
10205163,10151565
14066795,14928378
8343811,13914273
5972423,15123748
7795091,13649704
1128738,16368371
7367423,15086073
10484783,577742
14150723,16429331
7727495,8531744
6494396,7691964
12411086,11429139
16427954,8866363
5349240,12433901
11800732,12827034
5889161,8258725
9284281,13658450
8644492,14138733
9414159,8759109
10240675,11199683
3039633,10608268
15935053,6240593
8975946,8098139
5934400,15063693
16098541,15863901
13487311,1474770
11104688,10537984
13645110,4978092
8038032,16746362
7292340,5321328
377766,9474511
3980308,3192025
12053032,7565079
8220769,14960914
2237937,8093051
8003834,6999205
12214596,11330162
8317318,8189176
1532469,7379900
14299454,7664455
15057596,196034
4101893,3628557
2638940,12710011
3649787,10801067
9231710,15117769
13324815,15916680
11198408,9518418
2743436,11795716
7834401,14590123
8156338,5226394
12106562,10255150
8155315,8510851
1555761,3715033
11281817,3325988
8789786,8379843
16139528,7148888
4201760,13375402
15115093,12930950
7534855,5434067
15161898,4310537
12721504,7423931
4124165,14145845
12924933,450251
13561933,1727918
10309343,7034132
1847508,14346057
7730037,10133898
7526712,4821175
10336652,185952
14039266,15286266
9204670,4449961
7617710,9189634
10421339,11585044
2243205,15607347
15130770,1651191
3841534,2190754
11961852,11934972
15821842,10060859
2867831,773798
12220959,9432741
9961820,16277753
3429039,5872765
82393,7961477
14687587,6209234
3837258,4381852
15360929,3506288
813277,7317012
13539832,14079056
732715,2618225
4901214,8915925
3246532,16076321
9054356,8599197
1547131,3109195
11704078,16700782
5637516,13751851
8812503,11652486
4687449,166712
11291834,2114564
9749791,2694679
14853202,9364227
5560971,13954342
5720469,7422426
1833744,13555442
732775,349204
551597,14348260
4632630,12755693
11374418,6773582
5875502,13888755
3718335,10568108
8928736,10708640
12224322,7871083
10329285,12024267
13005289,3294280
11330305,15301485
1041599,15786999
12925219,11197022
8160310,9339317
7130548,12966877
6841454,9725285
6211383,5149917
16793074,967882
3667256,4742250
7362456,12675756
13796170,13205369
4324036,14061159
16675947,16690881
8873425,1894392
1190483,12809708
13775554,4872071
6289883,10178998
6579382,7293129
8874954,6011331
13382011,2741949
349208,14754791
14977056,15013580
11547757,10933990
9762393,15114844
11504048,13478778
9029567,8779261
6082653,7359948
9862788,13219005
11526501,8167427
12884473,10271658
12275913,972929
7918783,14172361
6394123,2931289
6006594,12000848
15045667,907267
10398645,9167515
374059,16190107
8115663,9697627
4304254,9069867
4908116,810920
4339632,11087237
13531658,620567
4524935,15326425
14425827,8249194
2951830,9251379
13346211,16706334
5892382,13140428
16071539,13710603
7238464,11459445
7247082,11086199
533427,15269404
12223953,14411477
5410279,7518793
16636629,10763383
13944762,4696746
12835974,14828981
3191450,5821127
4055401,9947907
6306213,6244
8367115,2112758
11937070,12899782
9561114,1235285
1730097,12712758
12157849,218091
9401112,10805980
2961091,3002759
7459790,10031056
2564626,15619486
5507812,4623744
9355823,5080174
11646091,1566071
4140170,5812309
14972623,11120497
10468956,11346264
9051805,13089847
13823715,271752
14375788,700056
16404526,6828077
2051058,15244945
7170303,10833325
12170280,11612581
14866470,9635345
1321722,10156944
12726191,6276362
8457740,11370271
14447628,16793009
2084363,1836540
10703221,1663465
11049977,9873549
11368311,15388457
7747489,8513369
9322794,236182
5733719,11141748
11055867,3760102
14877500,8048136
253019,1697278
12069709,4987313
16517143,16738668
9797564,11232688
16105234,12040910
3742131,5813475
3565053,6193686
5819635,3683606
4173117,957213
5624833,4927067
5733802,7216375
8741707,8375933
7846886,9631288
6539351,7060292
4333746,12472618
7790785,6379463
4997179,10883210
3208423,11276169
11762258,6822800
9249652,912860
11954791,5311938
8003815,2930793
2233336,2493819
8775106,9806397
5858632,11071715
5313539,14304904
2575783,5940171
604262,8781338
9660130,8813311
14840075,3061512
14703809,12439229
7592545,3442272
4714202,7803951
586429,15047466
8938541,10539904
6131205,692424
16643911,9422302
11638882,10772652
4084751,12044973
12716626,10300702
15682646,8410388
7963328,7495461
7912782,12302033
2043684,2353605
1826352,2895962
16227584,15472306
7320749,9122242
372467,11409997
5529960,2079749
4832181,9456908
2052471,2787272
7049257,11249654
5013135,10857459
3740854,10223100
15305208,1548331
789448,15231420
10856048,12942474
5859757,5152176
11360638,9367303
9833230,693666
955790,11050244
11671116,12520232
16190015,9450067
14121215,11895295
1353193,16008756
16479996,16445686
12006976,4557630
1738951,10768376
12533924,9429230
3846165,9696020
13857758,11480040
7152772,16164324
12386038,7768442
16011891,16054016
13983983,14788214
1178547,6836127
5631143,13802009
6938029,9262351
16444998,4199390
1903676,15093000
1133623,9760253
15048013,5584838
12004424,1405865
10419473,16297445
5001546,7331807
7361762,14720250
9499890,3475387
1610339,14033078
14060117,12498598
15689166,10833171
1500738,8401806
11879833,12927688
7380501,6613536
791476,3059873
13608498,13224783
12810092,9102889
2030179,6227651
11397096,2437367
6152052,8167972
8648038,13457934
15141617,3509198
8847461,12788078
1807311,3261030
16480093,4097462
5377803,8696857
6741783,5105668
2969091,2073193
8801514,6564236
8681883,15359272
9672520,5524659
13600483,3921550
15929616,15204556
12059349,14914555
12810035,4538565
267081,8037189
13781211,15310897
5583825,13132334
5584439,3033348
1277585,10640559
240066,13652615
8445011,13782111
10861757,13241638
1256060,4113722
10039004,14795686
12892923,13001228
15108530,11422164
2073389,11451774
5226124,3786663
2229173,5666128
88218,5860751
5036477,1349688
11063148,13902261
5315780,14964979
2843963,12613782
13736951,1531539
11557227,16021108
4335063,629809
3046654,13301899
10774700,417481
8382911,6391979
8076892,3531367
10923481,12892697
3016432,9133624
3717378,2364372
15902838,12862688
2082907,13446199
398331,9620556
11182475,3426876
4964919,9059134
16267401,13060903
6955863,6745242
13754859,4126915
12394342,6669667
5926243,3571104
4815369,9125499
8316373,14421406
3551924,9525706
823823,6879357
4269518,8166091
3919403,13507972
11527218,12531450
280502,304946
3635891,273054
2685823,9651082
6565727,9068219
12579059,1479792
16258522,7715033
350368,2242851
2360802,11044538
13471031,13753120
5964109,2019955
7888096,10393912
5482562,12309967
10238942,11250038
14690103,7619840
9608368,3139777
8371727,9008585
16029185,9323470
8188510,4130855
14366460,8196208
13356623,2928440
15359487,2662941
11760883,4965711
2216637,2034898
10720957,7432932
1815224,14067433
9604078,1652950
3722635,14336953
7745363,10881690
12726134,4017097
10605989,10064145
13110939,540822
15060220,3392921
9245895,5299940
1103052,6920357
15918685,15140789
9111566,2706181
7538378,12370080
12986509,4467162
2618014,7975634
15030815,15707914
11245060,8255872
7033946,3315179
11590641,9254677
16573988,9743019
12938096,13187471
10443230,8670951
11904296,5543920
3039145,4961428
12567144,15148271
10209260,7324348
5771567,4023109
12714249,613535
3923679,45209
6761255,7228192
5627344,16636662
15248184,12423736
5975749,14136496
6745042,633773
13533607,8453554
656118,1227990
3183130,12211859
3672843,7176183
415532,15962261
8185787,5535907
15841330,3619686
2118289,14388923
11021271,9276297
4628194,9884873
6908086,6974944
6888652,5990611
9091727,5428084
12238282,12647295
9496124,6992282
8534506,10908621
4187334,11031754
10554880,8428469
14276795,5229488
3834624,5345578
977853,12692404
10705542,11336043
5132623,12463070
3296407,6194733
7075468,12032526
13036194,2744817
573885,13135066
13279017,16401405
5027717,15781265
16269472,7992180
13778421,6132678
8838170,3093613
11000179,723714
10062036,16471698
1343593,6903339
10483278,9231196
4248528,6153763
862892,1670475
6556104,1207621
7947380,1893640
10242649,9319298
396229,13361588
10062379,7687950
6729593,3656513
13640867,6256869
11787219,10479810
9240950,11992407
13005048,16199045
14243034,10116340
15984809,10729146
10196993,13886146
2424768,7242724
16416777,6463076
14415068,11006646
5643244,8961321
13199557,16629652
1182079,466311
15066372,14526844
4592593,12836769
3844568,2360199
1578129,7476904
12981893,8786727
4500026,4407690
5403829,9969314
16716553,11882977
4040211,1169274
14244282,15886649
12206011,9924627
5548567,8568057
15620881,15585254
2869824,4312006
5546453,10546795
77213,12399139
729083,14792241
6770091,9810933
9345710,16069921
1649510,8639302
11097196,4113996
14575667,11373094
1555833,927915
7673603,3698880
15652663,6422279
4545922,1574961
10164620,9355050
4091596,277901
15156101,708725
531256,16701617
14774588,2724946
10685724,12076882
11912216,6451032
10667136,14220567
14415957,11703261
8213367,5265244
7956940,12950200
5283719,1505078
12823514,15088661
13103488,3501799
8416428,4303530
3006771,14962964
2250858,15113384
10923959,6327279
8116330,3028760
12874982,10214609
9526670,11780164
9908611,14773177
4620669,3910610
1842521,15710746
2101568,10907286
1307263,9643043
9702804,777289
14051820,4616161
599062,5448210
5617498,10332414
6610441,12487947
12010633,6912853
2534125,15934072
16484701,5738851
3915832,4263495
6408823,13869678
5117936,7885850
11824610,9946937
13762797,14570618
16541096,16734542
16120971,13429093
2800665,15312791
14127442,2268521
5540402,8481454
9973534,433829
13471696,6195435
15430758,7793849
5504743,10421726
5185832,9361481
1362397,843077
3812482,15151917
7405963,321630
13990712,15567116
2267557,5915380
8164802,12193644
2096285,13430836
4448729,8754018
1348376,850383
5572738,7437796
2932277,13786636
7027123,12330707
9844800,12500112
3385851,15505509
13453062,4912084
12486139,11496974
10736963,1000701
11227034,6203684
10529540,14424825
10269278,15513113
3571543,2858561
328735,9462606
13892154,3455024
1546366,4307919
7033602,15545855
5988703,9048635
6980833,4555393
7887641,12918056
4685994,10832225
9050537,12924656
242587,3999560
6453678,10423411
7976099,1207687
9892374,16002547
63560,428377
10199601,7895607
14824158,15628489
7110049,13969293
7978972,3266803
5201737,8005161
14871797,1203571
15372804,16608809
5555254,11637592
14164788,9651527
16286599,4530961
12356940,9503073
12439973,15512905
8332790,11852104
12621023,1192618
6165372,8840481
2425544,11971480
6036417,13974461
15134624,303210
3576963,9419252
14103001,7917043
14217053,8784240
12981834,1265576
10197650,9853333
8658567,10885963
4484175,13771235
10899197,4843503
16343917,13818120
2886274,2785486
3378940,16549234
6569330,3036554
639974,3382177
5857112,11852034
8213351,10537736
6948541,9978593
7328962,7073716
3663131,3976209
548894,11405740
549447,5961993
9917992,343171
13018703,9635861
4525789,14455026
12016842,8637891
1139005,5892864
15183711,389784
9758102,13405353
16613850,753869
1134933,14373687
13425416,3704579
14907976,1562133
348057,6894726
3305066,14913485
12007205,16779891
239503,1963167
7323444,15041918
10345235,9230419
5431552,13749453
8931393,5410718
16176614,2400116
9112411,16548681
5137754,9067491
8890577,14948434
6722663,4661375
16100421,9238088
11499532,1585042
10438010,16243959
5498034,9235959
9397013,177896
4505901,12045384
4484025,4703023
953895,5372948
12661668,9328683
2158766,8961033
15867924,9586529
14657790,5951124
12043680,12013489
15795466,1608137
13497437,14891046
13233399,6774983
13823726,15207393
2752991,10174410
692712,14032964
15520205,13706832
2936411,5031464
16242875,10503228
14103916,7953815
876681,14070299
13045316,16526828
12916739,13900673
3844126,3498112
9283828,3512364
6109858,12505671
9605365,11166102
2235878,496394
813300,6722505
13638756,1386719
15137996,9324946
5986650,462834
7796716,4570606
8374951,13768055
3695351,9737667
3495943,10292846
6822272,11422122
9069650,240879
13782970,13236624
6082458,16170773
4498509,6508756
10112287,8672875
3487983,3458959
15163441,16594776
9093900,7061348
7875873,15835082
16512115,12349312
10630724,11198429
2681952,10227450
4798292,15641797
15184140,8083217
5530070,5734456
5146187,29014
2362822,5565155
14357043,10622333
9456760,11756827
14516483,15279907
14692869,4749239
4337365,8052998
9480624,400338
2948523,10991711
273537,13372594
14502212,5379788
13577627,4292168
12181383,9216418
6735491,7228597
13367881,8498258
15093668,15247173
6645423,12757677
4388118,9611090
4680234,7425356
6933213,15361233
6586921,4647997
6655891,2142028
3136852,1475390
10822490,13788444
2369900,14821209
7626432,10909906
14919271,11540667
5720458,9778798
10074122,5503549
7294642,7682334
7690179,10578087
6790951,1375856
4115645,2006855
11582166,10769050
3913867,3251506
3407443,2043990
998657,13780447
8216423,11687508
8779040,8226776
13125172,7289987
9491030,14125464
6890816,4756060
6813036,12814576
13030823,15762566
624379,16574103
10098770,15356678
5127801,7996665
12638335,5862930
7971556,1284277
12808638,8589108
6312845,2197077
5724966,10218094
7365576,5832565
8535708,9379005
10128635,1793833
7592543,10004968
3587933,9390637
10632339,14793054
13419558,13576112
4724583,12294569
4927060,64724
2013171,16554077
12689096,8271309
10800574,11586809
15166269,6853207
9138141,6070693
9570442,14992543
459334,3399776
13274832,1472866
4365346,16288670
5514672,12517461
7354904,16495818
6842765,8931196
10827638,332117
795143,9263549
4995581,2157899
1368047,10179965
16211056,13033147
8384518,10126808
5367710,14103221
11308035,5278287
12019234,1329659
8797973,10017181
15489165,6663322
2555332,2226987
7936471,14189066
5916814,15935709
9043621,16718550
7427266,7326577
8338265,13578208
4545665,2554336
11604305,9538442
10228324,8345265
3945328,15107083
3455848,1470368
5126412,12003108
5529284,5063594
3263143,15860282
3732612,7549137
7589637,2689712
9228416,7660259
9068281,2016696
9266782,1573318
6012274,15559864
14983083,10221133
4216012,6945155
2886837,12740996
15211358,8548676
16185506,2054065
14061220,16182289
15030940,7272031
8675347,2615195
13214667,14448959
1182180,6776249
8330412,16341581
10729611,8356466
10306565,14413598
12936273,13476210
8711880,13062979
2467017,9667488
10401411,9958158
9394901,10879628
11810130,11145490
11942933,12152783
3669197,13607118
7047105,2519812
14596109,8150526
15685790,363636
8842491,10709941
12744263,8747394
11404523,9251634
4258036,14343874
1050659,6273905
10567309,7761223
4751047,4464701
6275583,12458546
13106406,1896226
14573566,12106028
8089367,12286895
6153154,1340773
6802589,12647091
3841098,6686852
5272545,16255048
8362764,2596800
10434999,14529701
12297113,11046941
11690782,1989803
8856312,5230513
13494407,11638760
9579803,16411640
15887254,158595
10672116,16555
8743438,615476
3921184,4677064
16688491,11150986
8514339,15731620
611160,392073
14795587,11287065
2206116,77116
16329213,14658694
7878509,15414851
799136,8909081
12503760,7193082
13083231,6096310
7004182,8738520
4457082,14365895
5595049,14014811
14856893,2156236
7580612,15725427
7970661,1950645
3765319,4121905
15827287,8268325
16795115,7277266
15945868,4212278
9767015,1234478
16732184,6004336
7786372,9214511
11958218,11415521
3656921,4908054
6880022,12060814
1928527,11753480
11755244,13861699
3484270,5068146
10065008,2388580
5531831,14253063
4572415,14459350
10280531,7373262
8843465,855417
15429838,6729640
2193176,15443125
14825051,6071987
13756139,15667419
15871445,7882444
1088871,3569744
10256382,8969110
2996504,12765293
16146059,5100971
8647988,16262964
15924035,5039223
7760056,9787916
9652194,12169976
15709922,299328
886322,5944239
15626057,9210720
8055685,3909076
15770709,10584146
16213926,13907331
15304461,13293268
12730357,3162917
12750167,14473491
5023987,11269180
13151384,8972830
12866457,2297150
3260993,2917260
364701,8637285
11968525,8628749
15096187,15231109
3775224,4504686
8837755,4987429
13942795,2792282
2348617,9216062
11170762,823549
1938819,709823
10760163,7426893
6375524,7143964
6304083,10534169
4453426,9004748
14193002,2490549
290642,13026108
15896301,822217
15393553,351497
12253605,14868330
2845294,895124
14095587,15986070
5378365,12741809
15803000,6262302
6671379,11637443
15945253,8128926
14006196,8168002
3385931,13774625
9212150,13286148
2512322,2796590
15946211,15523316
14707631,5250923
10823634,16606148
12435555,2173097
5762689,11035698
11822608,1419444
1983618,5349925
843168,2734032
8997826,6037580
8337206,12282244
14774825,952626
15020294,15105931
9713892,257077
5841535,14990369
4510384,6434469
6642340,12552505
3938265,16661220
13615113,12745175
9898067,267299
3299523,14375586
9848443,10354793
15687354,13504129
2465790,4307773
2111415,595680
10032500,6504365
4898832,6678044
1172432,8168575
3485039,11945754
9904014,7291104
4215613,5570746
516334,4248371
14891098,1980702
2167454,11246481
14578798,13833134
295424,4576518
10138999,11334361
5379492,338953
9994202,9911200
1700442,1181170
7709531,7996534
10017976,6577
12886588,2703605
13445196,5863281
5810157,14332432
4363802,10144558
298496,3409919
3977464,14406326
8307778,4770300
646239,11534114
3504109,1493588
12665055,14075667
13830508,19137
13981846,12997802
5841991,8827840
10271178,8057817
10664923,16137928
6786990,16325334
5114388,13788223
10763057,4567664
6317412,14674970
12170131,10948199
5568042,980347
3594714,10268863
424611,8393089
4028717,6784597
14702208,1361895
8523717,8566900
2368644,6475188
1352075,13285350
7242699,11187347
6487217,12426218
7393728,13225217
2263302,15994023
16029601,6562988
1636054,7780134
6002637,13083238
15775798,13141554
5932445,14124530
3802751,1079749
13602240,2939858
7272742,11988457
12824078,10387120
5403627,1731795
15943711,6676334
15072551,2454987
1869709,144644
7942828,7684145
13184815,1721474
7726225,4392903
14225790,9381465
8976502,13392690
3304331,3495281
6438919,5201667
1753382,12068358
9405466,10636389
12612681,11321114
8213909,4947040
1056850,957684
8666496,1915072
14290224,15402451
8199802,11476543
8075937,9960860
3602837,1915567
7503998,6610533
1020632,12596854
1954935,6119152
6165273,7042485
3429251,2040565
6575647,15726851
6283072,5565441
6631210,11527672
9897586,504231
11422492,11184780
4876461,11349331
6510375,8395769
15481881,14638665
13082954,1875885
7794733,6580316
7203581,9076353
9236774,16570524
15565175,4057410
8265604,8765364
9212962,12575737
3575347,14658157
12280984,8621481
14419297,10434740
2207804,12599425
15928980,6637955
10551498,5341963
4795096,13873030
11295458,11083038
15585933,6246541
6490487,7837575
14856813,11092546
5760919,3341626
10602946,689249
8942969,9912764
15739137,8707994
16064189,10708090
13992517,12572800
10403304,9879778
7497559,12553528
1348754,7416855
5831975,12282149
3392934,14382324
11033882,1539899
9557056,10886530
9356689,12892106
2570384,16082897
5414246,14501984
10904723,16220147
4793756,8663762
11531571,2338007
3531906,2300134
2728489,8907017
13254496,11241381
6016346,14672381
6632764,3073786
429635,7095821
10877306,9661892
13094037,11476300
11707338,7479634
4014404,13170206
10015214,3703976
8264451,7769427
16488389,12400723
12193616,16497887
7557872,3379633
12526890,16356552
6600054,2621768
7519746,16500021
13212755,12823409
10400753,15597391
2678663,26962
2386721,15085686
3900540,1177359
5607015,8860360
8152368,11711809
4006322,885158
11606150,4653988
14077056,13439060
8704874,2399088
14190670,16731553
14245426,2897541
12058974,9903602
8487536,4188520
9724465,15002380
15322956,7261335
10356447,798298
11121060,4564608
9355260,15789006
13001092,5875144
9317119,1828477
8606341,9313544
12934541,9154534
6609299,2994695
5633260,10830996
12829548,6257251
8709708,4104036
15122767,8751196
10043718,8029903
7849335,13661943
13766183,8255112
3636042,6735914
14777166,7851436
1159728,12145746
2797399,3542930
13917205,370570
11836501,5005185
9749712,3197159
13353089,4543957
69163,10604520
9117330,7527590
13326431,14419667
6298263,3428079
8462941,15970702
12727953,13245881
3270702,15745671
16005932,8557601
15483819,2654994
4949562,1402543
3364758,14637495
5898017,12151974
11574963,4169132
5072251,236055
4081770,9486051
5718484,2876507
10039985,727693
8908781,13099498
1264820,658834
16337928,4337615
16531713,5023082
2550612,13876433
11973651,15268910
74075,11226476
5303581,1237863
9030960,16192192
5180987,13709131
1557125,1198810
10255446,8548312
341641,6460771
9235705,13257230
1662051,7291143
11183229,4999721
7047487,11965749
16481686,15919763
12920955,9184438
10289131,3563557
878051,15473143
8646043,4835092
10668193,6717751
2623575,14063531
2231435,11260509
4272606,7599288
4501924,5241840
14867875,9744499
4874685,10698299
12726394,11389038
4649517,13286263
15318666,4105292
14645913,15802194
2288013,15549350
6560333,15124322
9324248,3052065
11274071,11886669
8330752,10712560
6273490,9644206
272499,14140810
16259785,4088056
1499574,4269300
4386937,8214814
13130962,12766699
16140032,14267088
3046335,12262295
6352520,6173385
9185981,6839224
378482,15621021
5955382,2097550
7344729,14767287
669062,7971203
5178650,338130
10785846,8432900
10701894,2692123
5404241,4490893
9745342,16737543
13443922,10538360
8672190,1759825
12937195,8067738
5788955,15061374
9249613,7548774
3355016,4076035
10991180,9578546
8841213,2600915
6301589,6798043
15826209,6242572
2596639,10134002
10472476,13894460
5198648,3076071
16756168,8572148
4469873,1519849
5110514,7929385
10187508,14148836
1942889,4500883
10321398,16744635
10042792,481674
5082095,4711665
12434490,10061221
9182927,8107858
735260,15707429
15788875,558391
9033524,14797781
4950480,8951296
5132198,12999732
12678311,15184814
6282239,8630690
9396318,8405769
9441436,8183125
14837383,3000259
13683854,621313
6058152,14626663
6819127,1951278
8004005,3408087
8980834,5025778
779806,9775532
5268097,5584884
9265582,12901388
1645636,6193177
1159047,11389389
14266018,8671885
11038568,5649726
967533,4051490
619385,219920
7854735,15787126
11720509,9165591
15439322,356117
1559935,5721262
14157496,10369121
6045381,14707781
16147833,12877552
7317948,3223096
13961812,7112811
2333969,8674110
12848259,3364345
11816398,6735301
5410914,9117257
14809686,1924959
2207369,3629485
10121933,3906139
14109678,6219815
3107904,8987958
10029677,11224768
1459368,13902099
12456070,15634948
2590435,14394058
16328332,9299777
9819910,13326309
2533616,1585719
11316648,5529174
4961996,856215
16724620,16570446
3438668,12361715
2648201,15701626
14577743,14496044
11323461,5722766
13616216,9266390
16109152,12098999
10507471,14023570
14873738,192562
9881293,9586032
222929,7340347
13271719,14433997
4664094,14513532
13795594,60865
11708475,3174123
8242387,3201612
10024748,1939228
10225873,2944201
9340,12952392
11168544,15064520
4048530,10890274
9201430,16097834
15598527,6753185
13219500,7286645
1922688,13263400
8017500,2046121
6546265,6148276
14692220,648254
4774236,3341006
14747460,4294784
7972407,3376624
1049103,8591497
12552296,1862467
11830456,14588204
6872753,13001308
6505996,11835638
11280385,11872285
10166683,10198345
1357110,3941175
8799330,14212378
6066417,6696057
14625174,7517350
12776784,7736539
13280636,5221659
1229920,10606807
6091379,10760847
6300953,2312418
13198379,12740989
2058331,12209079
7732819,5384517
6422440,3701289
8939627,13597227
5209277,10392984
15135919,13036802
8434696,8232448
11954565,5286880
14134937,13490581
526978,13830423
9096413,14517105
14228683,3027929
15550332,8038367
12752503,8768642
10771807,3188444
13272036,6792572
1306009,13734411
14028360,16204351
16795085,11352477
15094286,3598551
4160434,14702040
4255072,8498514
10024889,14692195
14397767,2521523
11699914,13230939
13594079,4700233
3337223,14132201
797545,2834
3586003,10380579
11254130,12601707
661873,5557815
3011311,16290327
9386227,6091090
5065112,4929234
7517207,8193269
16664008,12933391
9465360,13567363
3172971,15478865
3257742,15117206
16474932,3840417
8961434,8278784
5449720,9805409
4831814,6402783
1382553,2319405
8280273,2418459
3265961,14049475
15063701,302243
10967812,15543507
6942191,41387
7257992,11654735
4717017,15950331
8709443,3726033
3794354,10679597
3515207,6346306
3137936,3563259
14732929,4034959
6924616,13830787
2695914,2349799
6181425,6131144
14378316,13838469
3658863,3468189
9242344,619508
15122583,13804862
3220914,2084345
1528667,4121655
3853943,3909888
14973677,9208224
7495952,7925283
13212419,8392540
13381730,10809106
12237330,3468779
7736659,7753280
7919628,13259652
16586613,3914690
5640331,1758988
1209874,9112026
15012655,16185242
2658751,11399933
11339958,4583235
13920920,5074466
10081824,10945882
8037915,4517906
5535211,2735794
3575765,4661438
6293090,1243687
10329466,3797064
6100154,4861097
13379049,16624948
2643805,5514744
9842182,13562525
7052908,7289230
11238131,4610255
10250252,10376664
15969485,196507
11693492,3053222
11427427,1960053
15433979,10559105
9662728,13136714
15851901,8928828
14037010,1965622
11992300,9579120
3418110,16794586
9944988,4570587
10370839,13253346
13634117,3810837
14137298,11677182
10780833,13343057
7164632,6355903
6486711,9243848
9615752,1879636
13705358,3139562
8089765,6998054
10081006,8290660
3598753,10248684
4370831,2365622
9982802,7385213
9424123,9927843
1714264,2355395
13376936,5080839
13206570,5885701
8141736,11977495
1309215,9829546
8912464,9303967
7009968,6043864
15713585,3362832
2775263,377733
391688,3277348
3524213,4412412
3553547,11484385
11866891,6848031
15580800,3179491
2809921,2573857
16088615,6859084
15166601,10800980
1169789,4116610
10366740,2547646
3557649,7958893
15131562,10997389
12216882,7102802
1077666,8588600
9509064,4532834
4885732,11138168
13407149,3270043
12272368,13877945
4562841,12465952
8217029,12415171
10074044,7765920
12324607,1407925
8872929,1032405
6004165,7632988
6842257,6108465
10138058,13536288
11387213,8973515
7501703,14653529
8643844,13571837
6536158,3880181
16111478,16085575
14454175,10913915
12174532,3006904
3737949,9523392
3680707,3648929
14571429,91701
494096,14277339
4901127,11221437
14125622,6235186
6560154,3077875
6299363,1920882
5555760,16724422
4866486,10690195
15266993,7885872
15592670,9389140
14155563,13850798
12501354,14127244
5285146,14538550
5736014,4771317
9361450,13847015
11059647,12246969
7850453,2699734
12241517,11595769
12610389,11062472
9435877,10580268
14659619,13438184
2868991,12808583
621119,6450691
6551715,13648870
645437,10108168
10990036,12235463
16677752,1409947
2220696,5489493
2271084,11848718
5156411,5548276
2278056,9172827
4816117,15974229
5049367,15594211
16680084,5245122
15512580,2899894
7852474,7550448
11239856,3964734
10287720,4973712
10791871,13564561
6716129,14283639
2536863,6444965
1270525,1439975
1497596,13896634
11401057,2864846
6722597,5227111
14424447,3229336
12883224,10402460
8736214,13066312
16130612,7890494
8203929,8949021
7405057,7912603
4992981,9866128
12311366,11963374
6211762,641652
3353498,1778922
9558280,15620425
12253016,16647899
15203925,11848675
12150556,11655489
2427553,1555499
3677848,13161836
9258513,13393170
3904024,14886386
5982513,6729788
3486237,13034275
13952488,5272068
5494231,15767945
13814868,12728592
12366353,9612886
9531334,12007587
7198461,7631867
7208841,5381892
3034303,3298234
7099498,6856244
2631455,1919029
10477542,12208575
7571413,15823729
9555698,1810731
15232479,14158019
6188951,13849238
10479783,11094508
16594249,13615318
10611222,10646937
11722334,16356758
10829198,10322676
1975986,4346320
16795409,14082071
13279050,1113778
9004865,538889
5368139,12658122
7812718,2548187
11264094,13092072
4178595,2901122
8882960,1559402
3865949,2323254
13507611,11317374
4650094,4336541
11466862,3548228
14827232,1729422
15893918,14763629
13668023,10627092
13832485,3778444
15267228,11661228
11257166,1188837
11486880,2111924
10058061,12816817
13101625,3970442
15022998,3001558
12227529,16291878
13428473,3975523
13147958,2785309
2429003,9908779
11561174,3507257
7765458,3765825
13366112,15563742
14944386,15026026
15937401,6934926
15270735,8747589
15838781,7595822
4705059,6185288
1043661,10986277
14243182,11813314
7865091,260501
1596421,1159670
9850140,16185350
2196415,6004853
13596052,2706728
6157359,632490
9468868,14976296
11439577,1729546
6583437,4442849
6099224,5761848
7733853,1855801
12917621,15279302
16520048,1960178
3013466,13860853
13083629,2789398
1630205,120106
3446839,6706106
14911423,7368691
14732081,5017834
1627838,2518150
8199373,9899803
546484,12514548
16721802,10372404
13708917,12466631
696421,8052057
15846393,3813900
3822347,10597026
14107878,6639814
978202,1774704
8786592,16204564
15453752,6436678
12171036,15944833
7968425,14181402
13529128,13631062
8145241,5819151
14648723,13628255
8640057,1253455
10611260,12766930
8505908,6305950
15315163,14442749
14426878,5214728
4750283,3385365
6867639,1626280
13894363,14554792
11513211,15650548
559740,16347235
2486149,4830275
11149035,7828687
10373533,13748852
11214045,5655682
15759029,7713969
4504706,13944133
4380573,6982583
13382243,1016720
8772848,3793052
4689680,4172690
16404479,13535867
3405680,7946038
823493,11559075
540033,1155019
4491499,4640196
2056210,9933972
186576,14414694
3773674,13436194
4008053,1826444
8485586,6375875
2463248,9667224
15004746,2727297
15332353,11625758
1240332,16052946
8835983,2571679
5220117,14311571
13918011,13428595
11839194,5936546
45404,2222096
13795827,3543196
14970105,7779669
9137358,12107330
3232522,7711546
8142850,1517265
9367840,11866602
16091317,7643619
11098348,3327085
8214894,7059273
11023951,1041590
5492269,13455539
1595497,14677809
3982852,5979063
1870155,1113469
5056087,2817490
7478998,746371
12897661,2137164
7837625,3785663
14706691,15432973
12313167,5958352
1875815,14488735
12219323,6119594
12877080,5077434
5383088,7904396
16471684,15946561
2560355,9626096
13162701,3745632
13195766,4026357
9511245,9305369
3199396,11236923
4667214,9627923
10801578,6982518
2772309,9591333
6467620,1702066
12849527,901141
7632233,7144395
5766777,6277372
15217827,1038603
14246558,6261646
4073848,5878018
9572331,15535725
9508393,8550816
11524346,16125764
8179927,3278305
836143,2072333
10660269,13965892
11039421,2971350
2374086,11801627
6963641,2195039
3645296,15470662
5202068,7873600
1005687,13146746
14086280,1467326
10467173,4303901
10039268,12010482
1433324,12615331
9122521,15100982
14037802,12319348
362689,820029
11808625,9516306
3861231,10314600
2580798,3487435
15429761,4657599
1283822,15824216
4911783,3551098
11816784,11169745
13959272,15315980
5586541,13581620
9270285,1930805
16159858,351556
4319438,1306983
13642794,7919348
7854562,13519209
9805715,3473713
14985284,10811944
11784609,9033865
1099387,11436840
14318222,9195331
2160957,7710794
4855679,14953988
8096784,2486790
14950663,12893818
275927,8928806
7974929,6531489
473603,4124583
4057147,11659993
11137551,5821027
6239396,14893218
14114569,1975493
11615602,9920287
5360459,10231732
14766867,7910630
9270737,7515519
3924249,64255
8866389,16449146
12342913,2687045
11619974,8681628
2038469,2235674
9404590,615147
4178223,3145440
11026609,16735301
2857654,1587231
11559944,10025056
12233745,9075703
6711918,2267158
2142740,5209311
11420107,3908729
8396627,12929962
11446758,8117602
8668917,1744064
15745852,2217102
8275969,4781325
8171526,1485768
7278727,1715982
1931985,3345601
14294433,14431543
16407133,9900399
4822955,14796783
1393806,14980504
3934963,5241714
4166157,4641993
5905981,14962280
3174991,14116162
11534685,6114861
4073428,8283491
10652006,6328987
13465626,3739249
2450400,5546733
10654547,332245
3503769,1247798
14977954,13358186
10765792,4131832
12153546,13517535
7146672,12106931
12870134,16598241
8057879,9899288
16534981,1076324
1320990,9093095
5185511,10792977
14514416,10839875
8638226,15591167
15775484,14193725
13561935,12501061
3894224,1471596
8071571,1625998
9296216,11353356
4625397,2593771
9904843,14740625
6179700,16611318
10498962,726843
4053741,14539206
6690922,15398129
4634089,15438590
15365801,11278826
3375221,3807825
1807284,11448127
11357708,3793324
5659195,11352237
16482958,7961162
867950,6543543
1281764,13253807
4741321,1210058
6413864,10439837
16346128,14869456
8057025,4208881
6633028,1097671
8896137,7531859
7464131,10045039
14425051,1642410
16572221,11287307
13367267,2883618
13558223,1760796
16353993,10908631
14475000,3239294
12581457,4835638
15431544,3350021
6807592,12423453
8884793,9013206
7186530,10859789
4665239,658311
9060858,1279265
12695591,9675831
10708772,1787852
14696005,15357588
15610020,16390108
2282436,11914544
15804654,13197498
12602870,13453730
12924809,3310924
11599996,14974260
4253872,4640693
816284,1966675
1470295,9606057
13868150,15371235
7219768,16111735
563296,7504527
1603079,12354039
8521321,16174424
14793904,113089
9814389,12014362
6600691,2794552
11380920,6507249
8592696,10690452
10318611,3234989
16695848,6052026
12450526,14205214
4935774,1977397
10483095,6809846
13674897,4611689
9719742,6924293
15042989,2726908
134476,7745187
4288275,16171677
12215053,15606341
6600288,9770510
245184,10578388
12043023,8786368
9295531,7496400
13098354,8274910
12005084,13352901
12503834,14700055
6252768,690044
3744087,5739730
1718206,2923571
14684637,9935924
8081912,8991408
1738245,12076452
818963,15040787
9563457,4465888
461862,9107124
1539617,10169538
15702307,7201576
7003684,11546454
14042304,2698596
14188006,11670222
7570964,16054136
16145880,10929171
6952567,10022624
3728029,9451836
3215536,3736899
16215338,12953439
1973578,9549814
9727578,15497989
4226536,16291632
13533786,2780867
8613857,3282396
16793938,13965656
2627165,5990311
4292481,8798954
13817604,14325193
814695,10193689
16021596,10815679
15657637,12933435
931670,6558325
10931353,4801041
11080686,2271116
15585118,9350175
4044215,8285466
11548302,16640061
15845076,6451664
12072796,15049853
1257395,4147900
7094053,409036
237421,6456122
14731942,7597272
417249,6643420
6816076,545463
118881,15001416
6526670,6193499
13311893,9955511
11379631,11323400
11696778,16200918
8584683,5065280
5102302,6027832
4082420,15710720
303837,11962617
2886454,15812669
6673347,6810002
11876561,13496646
6233095,15743755
7803820,2286893
7545557,13460643
8627017,14480715
9315574,11161160
6267389,10492974
212899,2575807
4035783,3985203
6213827,13152047
15369971,2366465
5731807,5114086
13329001,1117286
5433693,6980697
4071982,12935309
4150961,9707525
29861,2177772
16156117,2213848
1831697,14224065
10561639,8927923
7901595,16363750
16700561,14436850
11477689,13390492
14272783,11540357
12264067,6335709
10332193,10856556
8891844,8418133
2776569,544472
11846459,7928912
3623276,15022905
13514634,8824370
10436797,11692686
3072755,10367938
12176115,8590042
6239195,6153087
4643459,5274151
5464050,4812404
1991848,16742238
9268675,15108780
12383842,10855383
5199714,3836880
4027191,8774374
13930688,5800350
8766666,3430290
8368551,403176
138133,8162889
16204718,16202403
2966474,8638380
13711362,11016209
8036211,4672097
12182315,3085956
12266724,13383384
7426744,7991769
3537480,8080829
468385,7899243
13035814,10287273
16516499,5040912
3477046,3614271
6508521,13219724
15563152,12941870
3146266,740274
14937244,2745528
583192,16784938
10092914,11082981
6312879,2414112
827873,4230442
7914765,9152774
1098990,1769027
12173412,2753017
7061318,5673432
16042670,11867654
12736613,8637262
5998262,4056550
725295,5424583
1495941,3210053
1367535,4277199
1655726,7644339
16038517,897067
15215396,15770688
6302530,9580436
11449210,11218280
15578651,13586923
9357380,4714454
14621984,11405360
1057167,15539773
12034897,7460508
13243179,1770582
418015,11819161
4269224,5718927
7409280,5162997
11571146,4408912
4486944,4910119
908799,6474558
10740641,1074260
13483334,2489983
4492913,7696734
8534247,8367851
14870910,15724351
11161698,3093008
13311591,10987493
7292916,5363831
7334289,8255909
8087172,15128703
13665380,4037123
4242368,5182532
4136815,8768512
4470026,4065685
2733765,15784171
1417864,6602219
13800202,15026815
9634851,9956229
7530013,4373214
11974584,2898222
7326917,15922593
13093953,9053522
7758418,5364847
5378603,3396340
15013205,4959729
14153392,6545137
8439204,16795790
2624957,2046389
4496619,5998139
6594335,16582574
14800419,3802982
15821094,7729296
7832927,4618037
14600133,13521401
2705118,9307037
3583437,2688479
3436937,16446571
16471945,8569086
8115958,6054949
11487265,9251269
4643539,12837919
11279034,4439025
15673365,10034499
14844326,14597522
12597784,7492086
11767959,13505620
10117726,10751940
3005171,2030583
3936932,10253930
1165587,9171292
5685272,6010651
6093118,6623772
5317543,4759603
7407894,2998241
16266272,12763738
3384275,132373
14172450,12995140
8829333,7292438
6123092,7164442
7321324,2494125
15364473,11119555
13604482,2462733
6254574,9683347
4606726,10445211
14954318,3388818
10599593,14127028
5498707,3075679
16631934,14786114
8715046,5356003
4106392,3207895
13834962,5218677
9201046,15998514
213508,10458601
4990474,2640205
548034,1560800
14577386,4723053
13262331,7993438
6366168,7990788
11667574,2720801
14002447,85709
6799237,10142724
5381862,11576659
7316938,8714121
12301224,13708215
2896508,2126933
6033705,16018942
10999843,10816675
13266143,6557620
8298318,2808415
8628580,4777015
3410261,9354024
9181118,14063806
14934806,15170785
13870863,6927534
3903149,13328369
12258732,2604254
15939926,8273967
16476725,7428861
8578755,7064903
4038961,12034239
16128314,16654910
15185417,5711773
1437777,16080092
11880564,3217821
11522271,10344208
2042690,6518441
14892520,7014201
4093143,9238010
4785073,4720980
16570681,3947178
6852319,4354834
496610,12996637
2738744,11017268
1424047,15769364
11026780,1801352
10509575,11845691
11829021,15568346
10622590,16644823
13881169,16227341
3791504,1178629
15894168,14835213
10682971,9410040
9813012,10019244
12799666,10490004
14191996,10178957
6695901,7340660
4683065,3944661
11254096,6558517
16244486,3890897
5397450,6493791
4913232,6035309
4681071,13331833
4278047,4411688
2833806,11914755
12797101,4966509
16088727,7682387
2898108,15828152
15051630,13345345
13032563,9276476
9190824,9509090
3597854,11204022
16585606,13052606
9030509,15386648
15270041,5119670
393393,5482890
12148598,13507926
8828542,2662728
14089300,14792475
4456813,15339268
15785126,9418950
5177812,3834337
2242800,15138792
16377677,11412979
5323300,10506129
6610934,12577969
8251628,13181111
12353060,4904091
15811737,16079151
6510969,14287779
9084600,2784579
853644,12633120
11313478,12752814
12958523,10651960
14012248,10156557
16750421,1883941
14536907,14146889
7746664,2232012
5577586,13316536
205071,738197
5278536,12434374
7376197,13609170
1910109,9263505
1919656,516815
11704648,5363055
11185498,1988832
3048061,7031356
12793334,11480645
832015,12719607
7739375,14211879
9434657,9959314
4673536,4419626
15990077,3229733
14264278,15174654
14342317,2110609
7773447,175065
10713891,13130555
11864233,4661936
13024420,3963072
11819544,8673077
3904480,1924860
16652531,4517852
10253586,2600629
3564701,2557575
9831194,234912
12888669,6576634
3615348,12945385
9822214,6848551
1557930,11582644
15039741,14925902
7460002,10537951
13768943,13985288
12105769,16379866
4343557,9990703
13640388,12815379
5938174,6886529
1121329,670727
868029,9277873
14813614,6441472
6683099,12335199
7075869,14206816
266250,15891551
13510323,101021
495517,8182515
482319,2071619
16620348,15526377
10967192,10331545
13333182,10131012
5277014,10952591
7268075,2737560
2433161,16612794
13123673,15029542
12927763,15796969
10238395,4931031
13450278,10314915
323776,14090710
2669988,8813461
13673437,13295413
4406121,12431269
329637,10645039
14301658,11664636
8458628,3560842
11658163,16325897
10904113,9895408
8055065,15707903
6270174,2087850
303464,12608616
4854116,12264652
6626079,337317
6326750,12787279
4531602,5072011
2948251,5060741
2540371,6639668
5998299,12594856
11039512,7452645
14404238,12934711
9796140,2742920
13999146,3563274
14374329,9869990
12980595,3558060
4537957,5202890
13848918,14679320
3618875,10571237
9195431,1163863
15267047,7746599
4700396,9092648
4469982,5286250
5486035,4071507
10953695,9594193
3954099,7258372
2025306,435331
7713878,2013535
5680290,2111747
10745922,7014894
1299880,4343829
6210732,807580
14610411,11064925
10708983,4075709
16739797,7634877
14589352,9049055
6768604,6596593
6401981,7522412
10050903,11021310
1794170,3668333
2972390,7400854
7711881,7689065
10220022,5557143
5423438,1193684
5575670,7751089
9660531,6632491
1686013,9593847
12123321,10001410
13281423,1438833
3915549,15058244
838241,6094905
4664461,15520627
16650155,13489833
6306477,1307505
3318668,7881747
12798124,10214882
13911406,12542563
8847181,1835369
8544229,1983953
7066100,4663144
12986292,13323157
4363603,13991897
5955553,14596228
995157,10233817
13444180,9818905
443853,6325441
5327042,109421
12233379,14552024
10442640,6127667
156745,4211110
8803959,16726040
4881091,14157493
9403089,13304382
11495058,9968858
7982170,15778089
10621540,15786609
3602257,8883797
11089581,7510820
12455330,3880970
12363843,1335144
15875862,9271617
570527,1980832
1918261,4085153
7394457,5670836
1720606,8259999
14013496,10483221
7016367,979127
12289143,12350624
10531926,8977115
10147871,1874336
4376054,14134939
11216739,3423604
11965858,11359345
3459923,12943046
142222,10039857
13197075,1015630
11468940,11682613
4016436,8093584
5472830,4912300
10412782,14499050
14628794,7646496
131964,1193160
11035415,2477643
4162286,2972786
12523414,11097411
12911842,15682972
13378729,8827425
16656854,9720598
7065092,7943496
9117095,12544638
7340420,13066109
7928628,1032844
15036918,6531244
15269570,11220933
15430101,5416945
11422454,15846734
1366464,1182953
12960633,12309779
9676660,2994523
73815,3660138
438110,14340221
11323648,10770187
4351882,13244106
1047486,10846387
13909429,12784240
10049178,2124709
14248856,10080030
8443111,953623
10392215,4888711
1433336,6854781
11708887,5573886
12191291,3395591
10950934,1054997
2844035,8458210
10712136,1048613
11880005,6988809
13690108,12266146
12555339,14739237
15258085,13312991
11212,10216920
4181690,1402021
16215379,14516978
6077725,669970
10702824,15684920
14263720,3069093
12926775,3395381
5856528,10524813
11484418,5546013
7165132,2394087
13896157,9416984
4687574,16760415
6613846,71815
8238609,4523258
8762695,1251098
672502,6513462
12430465,2839416
7581051,1789362
12202140,10339062
8852925,14913843
9303916,11997788
10766162,10944914
1188601,3837289
5668045,1937204
13204344,3580540
7266520,7015454
4472129,1625830
13248603,15626418
11091612,5988207
5231986,10546429
13978662,11325402
11459201,12749986
5593252,2705044
8851056,9065177
9509077,448131
233992,9366813
665036,4078100
8614106,13974121
1848279,12352526
14328012,1856768
10668156,9427516
15001129,2697957
12617639,143062
645741,6602985
7477064,1645326
1455691,2371604
3342649,16486983
6076384,8136648
3275688,16768931
8914677,5898025
15578617,15872605
12975273,13522365
5163324,713942
858667,5040582
13217010,10325151
11515616,948275
16472310,5274114
16497941,1900881
3924715,16790863
2100151,14922873
3503789,954
5452220,1355878
8438506,4795788
13563036,14118518
539095,6601886
15678065,871917
13647861,11378280
3554466,12653459
16668978,5872796
11880050,3074325
13725581,3971228
7244885,15724619
2558676,1883724
13810569,4942295
5887005,8721293
183265,10648168
13367244,15144450
7964344,5772987
9402655,9188580
16201004,4020603
8751614,7653530
1308864,16193
13405291,7889977
4756698,8318039
5274143,13862839
7281416,11323576
4596585,2495247
4828424,7236093
8149449,6890554
3762066,11852618
6380338,9124101
9355164,13069384
3289022,11158238
14658662,7100850
6976701,1277880
11014018,12153808
8125557,10362424
8241728,9900891
802959,13286339
11133698,14765130
16068765,12263539
9895641,16443011
4525003,253983
1575222,11566523
4008990,1024458
4456026,2787156
14314863,402530
15998194,10394591
6156219,12174431
5803229,11247165
4885548,1781292
7202539,12584377
1915562,6092284
12113181,9401474
351217,7744437
2494304,14787929
9042053,2566276
1039363,12294608
3843376,4300753
12515826,7621992
360134,2777681
12600762,14700065
10684705,9213026
6544805,1748208
11512298,6470129
1310430,8890598
3935400,11262452
8915760,5595207
7441918,14956877
13928857,1217007
6969749,6443323
1246270,505935
7530443,5754991
3203874,5841102
1312752,8767040
5120397,5681519
14114895,3095273
14333327,2040098
15953820,5714865
12787550,11446974
12214034,15174733
14130357,8341375
2742837,5878667
2785331,8026379
7251423,1659268
10033855,13740756
5254450,2243592
5622985,5585861
13922565,9709877
14202144,12781192
13097833,10075902
3262541,8883265
1076841,9759388
8469229,14172780
9117874,2656901
8884917,9632220
12632499,10590783
3014172,9807622
9497506,9613097
11704692,13907143
11563361,11455386
4504908,13494574
8872790,2252294
2382465,6031069
3821983,10160337
15430005,12522416
11502567,6373104
15146401,111988
16642790,9587846
8937083,1623987
4017664,9198265
6714970,12009759
14740800,13923192
11550041,16053684
261081,6599627
10772397,5088763
5190002,16023671
1671548,6847165
1021888,15355883
6563493,10659888
4107052,10711993
3478030,6167025
211577,5045505
12563364,16271930
6232890,1887141
8446198,10347729
11397684,14481070
12658245,753567
9901901,12963734
10334257,8976227
15668923,9741522
9238571,6333979
14701118,5919101
14144463,8761338
7297244,13292089
9321393,276319
9968085,1208468
10026402,1899266
2521569,10834367
16337324,13997008
4830199,916222
14202615,7649786
8536021,15895354
5216683,15506369
8159444,10611263
6284620,366378
3685579,15846519
2405455,9061868
6688954,3019889
1974641,15490242
16207539,15253797
6371144,16405200
7016807,141937
124178,16217837
15145870,9608938
12573966,13755658
14982153,14401429
3899511,13051368
3892989,1957435
12575953,10968332
14431328,1540547
13229262,12530531
7380565,1728607
1102890,375537
15614548,5953214
3508809,10238092
2759605,1543962
4790417,12290641
4742395,6594059
12625947,1454493
5135987,1087198
7814648,236702
10941990,11703987
15248701,11724081
7808469,3841860
5125909,2672823
8280681,7661708
8524053,6112954
9531007,6899437
3935715,12244252
16349098,4906554
10493292,9882038
7755556,10475156
15244085,10640658
1620546,12503256
4289348,7572121
13766151,2849047
16400369,694987
3529719,5160259
6742620,1653610
3206385,14223634
753547,4408635
7429618,9183921
11709119,8458889
14735785,3288572
2803080,10284668
3761922,976538
1534782,4320517
9712045,15133649
7908377,11510437
5469199,11764263
9444764,5426940
10511959,1343696
16768981,693663
7810897,3305141
8095686,329984
16163240,12066353
3326277,11827477
2971410,15184143
177223,7947556
846297,13472731
5077223,5958620
11651793,10700692
14653112,16488390
13016053,1614795
14418027,2768833
363173,2558998
15601602,11524762
5327452,3537037
2316465,9039661
6456117,10439656
12851167,5912233
2945030,1267973
2349965,2647091
11821558,5425451
2275139,14340521
10699535,3474337
6387919,10240085
15722267,14135512
6901858,6239956
9869120,12387641
4955625,2765453
1191553,9407920
9746605,1307393
16033283,4522962
7297717,5361794
12135584,8641870
12124071,13329015
14540191,3039001
8950793,10680811
8130314,6371425
4509488,4323666
270024,4190383
665825,15918654
5895611,12049341
16438645,846265
1681250,12214997
5386627,16389932
2867520,229387
6853394,3334185
12448755,3388169
9287776,9343719
3419817,13211496
4076248,5717510
16527116,16132816
15297966,12717576
11368547,11558425
16410242,3571340
16183892,2275469
6539116,12053425
3501824,5314937
14564795,8951635
2726508,9343735
11020920,12410907
5229468,4807488
15695568,8645149
10374990,15182992
3751021,7825368
14397556,8476314
15582587,11642233
4747884,8409839
9532301,5107478
6292624,5618517
1827858,3629667
6629102,1570745
12527755,14014213
14429252,15437872
865255,11641966
13888122,8184029
2189156,305239
10846609,4922226
6142238,8623515
5028759,16122669
688027,8903743
463260,11679910
2515690,11163281
9923860,512245
9162097,8040191
15133446,16045078
15648315,2669415
5284428,1517534
315431,2837507
1449733,7720517
901649,1353018
13247926,12808559
14939632,4284632
6215335,13360347
8832070,9033106
722267,6499230
4899694,6213416
3639330,5984323
120846,7847631
14514545,14323172
4312930,8305609
11724893,11796339
1715369,5410386
3523351,2329678
4878486,10004830
9220258,3438166
1548843,12706573
13359632,15786374
6070568,7029004
9890472,948809
15885529,1905453
11050852,25425
13431674,868375
15781060,1623104
3446388,10502704
4600237,3759898
114287,4698114
4551068,6210378
1823905,11564863
302776,3245061
349276,12397155
15200905,10752294
13340599,730983
12237092,6158361
15605833,5755460
12118285,12195846
8713619,14163022
6373182,13285098
2203280,11770915
9985820,14731484
5034661,7162679
6078157,3898197
15325796,11238812
14855131,7939139
1065241,15476280
2733452,15675063
16527139,4530368
11658650,2803569
6636091,6101905
12778532,10464057
10793634,11899714
1514052,174310
3351003,10027896
2115370,6521776
11562012,12407174
5436745,12230094
9811683,3263218
9899937,5198069
1291031,14814836
698141,9184031
12181322,3636401
1969475,15531504
14400581,10132552
3902793,12495114
13309767,3518625
5541608,1125487
16203729,2797401
13166859,311683
10854318,2895152
1318444,12165868
9457058,10756345
11379712,1866906
5293626,14425004
607591,13187152
1911807,3215346
15618328,12110428
13677758,12665133
16723495,15842527
4620837,3246157
546008,8891879
4879053,10358816
2081474,13875464
7881084,13835204
9032658,14873916
1503679,13882269
13473306,2119026
12511284,16608472
9227596,11714208
4820925,112952
12086078,10294194
458221,12365383
12025633,3400465
1838641,15285658
6718887,8814106
16559794,841775
12867027,7798774
9019743,5837666
12885311,1325247
1253292,2343246
14203732,16667289
4819095,5226550
12127651,1649372
6398986,10387285
6391712,3885031
3303693,15133896
15378948,12720803
4306306,1466796
9294038,3388440
12628927,11173343
732506,7507748
11156686,6379928
6683040,230684
2017070,8627322
1639247,2339619
1201877,9813775
10575637,16258331
1278610,11378026
16014415,4407561
15856758,4443551
7638434,13367119
14191023,14683299
11330428,2194668
10285346,16324215
3925757,2557617
11417790,10355594
6521743,9496800
1808736,9103759
12437803,7262729
2479682,14547843
3299516,11507792
1060248,6733264
12967909,589085
13767623,4046606
4949083,5387254
7425178,1250173
15544134,1171934
9774159,4729389
12691718,8969684
7079699,16212448
10400319,7181490
5047391,10253223
3046005,1426774
12612687,8895098
13827802,11719612
11940671,7599601
12839185,2629382
6562339,14906216
8398549,10106139
3004803,16147865
11073071,10101165
9127894,6482108
13006995,5445828
11863889,7595534
11967217,4103086
15301103,3086352
16624468,6333463
8780471,4185183
16723211,4763686
13481863,14956255
6008569,16722980
11735943,15787449
3392233,15307647
9465942,3788183
7174013,11896101
1140104,11688728
627958,1047735
13748008,3908281
238837,11423935
280155,16318983
15319099,9185865
13747840,15290647
5793905,10888769
13130127,11709454
3806245,15150832
15476094,3464556
9855686,9839750
8815489,13011074
8084450,5684833
6605745,12858959
3356068,10265657
1260272,12126294
7384894,2391525
2038253,4810709
16759262,11523641
1635405,13791502
15501841,15596328
14321013,926670
11653770,14190194
7486932,2267868
14701044,7341366
193363,2622711
141737,13294956
13460499,13493069
5733045,13597431
15061702,12136505
11942882,5357335
11102215,8475735
16639568,574563
884862,11517345
9480222,16796709
6818921,13070935
15813168,10407485
16015943,15714498
8869407,15443396
2843160,152622
8382733,81111
9368221,4527630
14814372,10300315
1445530,12959311
8872515,10827360
13356734,11098219
12503886,14282845
1543957,11876307
8801017,5792054
1934165,9752594
3618317,10742313
10654706,2351283
6091225,15163655
9476897,16394319
3070717,1426372
4494471,8964524
5239863,6908873
2158818,9694300
6378995,2467250
13179614,14029560
10086202,10204250
8697559,13103519
10262503,12926914
9787669,8437249
12561703,1361596
12626003,1490562
6703178,14398034
2680517,3259058
9562005,16361726
8527196,11715794
15523755,7555031
81025,5362881
4570548,12573247
5873060,15034932
9022528,8200834
15768583,4197169
89951,3110742
288254,8687257
1033367,8591809
10449062,9223243
14561955,3002692
15415794,407104
5704356,15504134
3285778,5988735
6885849,6214469
13048791,3616888
11909108,9382981
12752889,10754610
10800832,1461036
14543140,3153040
13131339,15213474
821612,9033118
9703482,4119218
13914070,762014
246223,11570227
16202349,1397658
11248037,14502681
16120026,13293454
15013075,13043380
2464325,11818807
12409841,9229498
12136546,15151822
15623274,6527290
13515415,9580897
1406588,7660767
10483676,275405
14377857,12166095
2867405,12473023
7571659,12137361
16654970,3958816
15942630,1483111
5149753,7475985
11699150,6584571
3794087,6494659
3823041,12219609
16700017,11155601
2091189,4412625
4037122,9667973
8783516,8388553
15894224,2800298
12006591,3914162
11735155,2105027
10118564,10104129
13264811,6885113
6533400,16279466
3040377,9170040
13102943,4619960
14514738,6495102
4630312,11202126
5028419,12161752
13018119,5088846
13274013,9065883
2856528,124354
2362145,3410832
11440148,9384401
14121835,16373678
14752255,16568002
5887122,5840237
7640543,2248852
16305977,1953470
386514,6257986
11184052,12504499
13169970,10398588
4719522,3594056
3490399,8282504
10649440,8844054
1757767,3206403
13643066,9842743
465143,16013895
11999149,11986065
13635561,16490008
1240578,11527169
1134316,14931690
3160371,3522571
12359879,15134012
9167668,2497745
9011841,10352251
11078130,14822539
7970669,13800626
11944711,11641276
14617439,6393756
9739900,15399600
13290443,7756073
10666866,12257649
4936642,3541828
8724716,14906598
11329692,5191023
7741646,4587958
2392336,6915268
7081935,7568429
7230085,9584693
9852737,3008189
12966014,1990738
4287418,8063219
13017286,91673
12805406,9608542
13676233,8903292
12565905,4216426
3896995,6935133
11497678,4783871
3821216,11027377
10164913,15766743
15442527,9297053
114844,9163240
3214858,6915211
480330,7055989
3579105,11861333
3301223,1178945
4686879,6808513
9901703,8640944
1510331,4979024
4562259,16702182
9769641,11260670
1656879,609104
8891737,13433688
2563853,10378447
9562720,262772
2626163,1090353
12875207,8129169
7460522,8713788
8953050,5711710
12678668,8507232
16187273,3685016
8802410,12307289
4885557,7395701
12833884,9731512
2631124,11844424
6939052,16180694
1028531,6363722
4938646,14028642
12933779,4662243
15996565,14283200
4725716,758728
3886734,13715140
3557350,5467291
4875943,6860364
778695,13246157
3596467,15742542
13269531,16344239
4766415,2773224
1610585,13457487
5345933,4428488
6145808,11599492
12995705,5746474
86920,1999013
13689916,10021053
13075418,13817807
4274697,8331547
9375437,14295382
16507206,13223017
3155648,10512206
16715450,3812723
3811489,11381633
880065,9483656
9156662,11115656
11354298,11755307
11552821,1770054
8674552,7417334
11907077,7617168
4575998,11296950
14367663,5155920
10381369,8533469
15529567,12118341
16691752,9994062
9517348,4274132
1099567,1666439
6098875,8259820
15010034,841662
12358039,2392339
5641078,3915986
13775189,4371752
2511895,8450947
3950541,6037486
9986679,7740278
5604951,14331079
15401280,3676873
2971850,5088067
7269147,2720125
5482362,12391726
4192435,4515421
9499585,15469790
11160247,16034326
10623397,9928230
5051958,4722783
1486841,12628991
2566386,11187066
13466770,2817581
16515577,14525645
2366956,6269654
16788568,11171583
15397048,13088695
14992467,13871883
1559428,6609402
7362112,9514712
813685,3373357
13243040,911779
5608887,9225473
10268899,10373626
6547076,11710777
9987428,4825166
14738769,10076777
3926048,11897658
10230538,6312163
5845342,6922395
6794976,8711666
12742985,7028945
3548305,258156
1144518,14850798
10375098,9892740
6221318,4700309
15991081,13662374
6705075,12067429
680852,9371224
5738975,2060574
9321484,13079193
3190313,6380357
5204669,8644016
15579663,6027954
1777354,3428179
14895598,7595961
13843755,10882746
14391095,14134906
12821165,12863350
15407013,1942333
9560352,1664164
5924362,13672180
15503366,8905292
12818702,8497607
11108830,14938599
4820185,2596536
4490944,8034410
10777269,1620221
1638109,9158818
9171367,3779985
15271900,15468967
4770194,12702183
16255994,15495228
3322719,15545072
5743769,5309651
6373933,14088562
12849037,15064623
4854287,9558740
14729496,13150611
16199705,16097992
1845809,2367595
14536540,774951
13504427,533832
15157104,6150753
1432843,7356716
10237024,16247251
6652563,6278976
7193587,16450820
12016463,11139348
14859462,7395938
14710265,11971403
10154019,4819590
2302357,9710336
2898374,11228399
15109121,13312396
8330402,7557436
3330344,1123912
16058945,1718972
8616378,16251530
15378813,16247013
2817394,11258177
4195308,13368165
5879042,11244554
8801277,15313931
13677179,11274543
10134881,1567147
13628497,12661462
15519891,10990195
16184552,4368162
11429915,13303752
9210301,10653027
13077693,4985631
15857543,2246334
5002771,14907002
14018157,1773843
3423993,11099111
2791691,7947427
5602299,8137470
665218,7474587
7412139,15544947
12937499,1261244
3931545,6479907
12648509,11637031
6666336,8813136
14529085,1208199
3751514,9758446
15041625,5699284
5091042,696897
1823480,7419422
6649918,9134011
2712176,4522618
14745280,14104706
11286511,4078657
10987261,12089355
15969086,15800195
2135442,5552473
13597791,13235254
48050,16184081
6206738,6701431
12168593,9828905
3600043,5087250
13760018,8781779
921399,1373017
4561115,7501835
10116338,3896380
15570121,560299
2828107,12447612
6630973,15357994
13629363,15935544
8898631,9085675
1582944,8272250
15262808,2096368
12772532,11825681
8751218,15307951
10926244,13987458
16057445,6850722
4649066,15921500
8560100,3630118
8486104,16062014
6043603,913169
9736488,10354125
4399271,12584171
6893380,14284245
13365133,15478558
910272,1874652
15014471,4233947
7054240,9499875
11234823,3307531
15133901,4465843
5313405,1535949
5077895,4800983
16316126,4056939
16014037,11227866
5032092,2840722
2516128,11621050
16494516,9656709
3216228,9608174
16325465,9588726
8431816,15395539
14979533,10774720
10401621,7692114
349554,15020288
13248323,7186160
2416836,15854823
11999440,1469725
4781647,1561916
1060401,9688017
4905356,13538364
8126599,15348506
4943194,16729106
13869759,15316603
15267138,14623283
4667622,2339644
14143443,11480612
13966211,5905425
11960999,13922213
2990429,16392531
11398907,5116709
15157327,4327545
6946793,13008835
9829800,5202472
7398587,1816775
5221757,14066036
13557047,1830560
9599154,3408153
11476550,739092
1442603,685549
5252963,10069907
3270999,1132413
11070287,238678
4608658,3065707
13637089,9338136
1379088,12389289
12873895,1194077
5177919,1814017
14741504,5991922
12986702,12954953
16020275,3604935
4381064,6646407
2254391,6712323
13380359,4604658
13419101,12966895
10601941,6426331
1591665,639592
10729800,14434386
5319873,4706193
16677021,1586844
15091411,3578468
12961022,13766893
10190133,15667548
11428547,5699681
5932723,1113245
15277858,3537097
3365931,8080938
4320337,12272722
7538967,5926900
4100337,5703589
4079906,7246112
16017706,3305205
2541521,7245694
9483572,9013857
5609914,4921366
13352982,7499534
5770242,6126232
1904661,4881447
3784559,15749704
9739976,13873840
12708946,5613506
15465034,8966169
7651870,3413517
2007503,13873152
10295186,10986543
4309457,15439904
16328867,6951932
788005,3327103
3755569,7844844
3473203,1227894
15964697,11305157
9260580,8985364
3988251,2255783
16508170,10848245
1363041,15147510
12152219,11692490
15610601,4456958
16028343,11136167
13869537,11283297
14834963,8684698
15529398,4404355
3120778,16053360
7697279,4373613
11498631,16247786
13280916,3900091
13359421,4603985
10719002,13530784
3499913,15776611
7435900,4383154
10194424,11700463
6203054,1126008
16677632,2904544
14993645,15781675
12124442,10209348
7358720,13875288
9574280,3756220
13105780,7959080
9484358,16026260
4272473,12815832
8046120,237751
14435205,10225659
11850546,6931975
14738770,996924
749385,6380362
10494472,13234174
5493321,514574
7719767,10824466
509591,10259105
9184568,577798
9875985,12551446
3835114,3911748
13557540,12129049
3541004,1013992
1046697,8035236
8282540,14488763
4829551,11120256
4547901,7656441
3143780,4195475
1605115,1164601
5119650,8433925
7217179,10841095
9009744,2944448
5383827,12779289
7016138,8484095
12839398,4504985
7320170,2756635
11357505,5142977
9418403,3834122
2783995,15194988
12030735,7084418
3621383,14289722
2246286,4473352
7723210,3230135
11260617,12388449
3688583,8074375
7380701,1210173
14794939,362955
9994210,1410603
11234333,4949289
8358144,3645436
15526654,6044759
2153780,8800074
7245698,14433773
14061766,5382065
9000993,8271830
14114801,4412431
13096248,3416992
13841806,12982210
10553481,14347817
14453658,8242076
14895674,15574825
6082310,2167128
9874178,11804248
9356054,946516
5104532,14728577
11993512,12578463
5394597,12291188
13490928,606953
9420978,11261235
11588612,11760932
5942011,16748744
8160115,7702532
106694,8501441
4214852,3902946
16781178,10642184
13151927,9393716
7904418,4161882
10805681,5435318
239327,8564936
11080770,13965141
9889395,12010688
7532777,15735167
13360396,3935662
9785443,1333651
13226458,11885013
16361057,12138417
5603865,7335567
5255671,569463
12780933,15935222
2667369,1401398
8201501,13657892
5753159,15833240
15955288,7124009
14011978,4429412
12738940,14026749
3942061,10329888
15855213,9079767
1108105,8696515
5805918,3945198
3943465,12536093
2519681,14078896
9418278,16037586
4602045,15356751
9648896,6699368
7337212,967813
9538061,16540169
12925336,1048664
11838559,7129374
192569,2553161
16058396,6370023
9310261,9022481
7619360,1985033
13179907,5426306
16348004,12177904
9106131,1816417
4523758,4161741
11618629,9546036
12296351,14676351
4719694,10043372
2846384,1335198
12085827,9708318
619540,9671812
16758529,11012960
15242527,5352722
14984693,9161858
7388325,9380685
16223051,10227166
8115078,8932179
6799836,8550428
2041296,6505781
7337928,13997503
13863642,6238719
13802516,1535852
7225683,13654689
7223044,4435442
6342916,10229441
9775489,9792303
3539572,3820723
11924193,10004899
15531170,9516697
10044465,13981592
13168067,15530756
5078177,3770398
561215,490294
12315020,11356348
999844,4501625
6081369,6418527
6241140,1126292
14224966,11776917
9998216,11697185
16120601,11445350
10174274,3007137
15889353,5148842
11232194,6057350
13896943,14016991
8063471,11031142
10393225,16423327
1733470,610180
7584662,8543807
11082550,10401364
13851900,5784906
14775307,7301064
7438703,8037920
13547977,4138007
1790033,15056203
11299078,7835620
13184865,5182500
12099730,13447526
5049649,6576509
10371218,6446315
10345501,12041394
11780651,6982617
6678880,16073066
8533689,1144988
311102,4890197
265048,5833386
7220680,8779433
5609504,14538928
374440,15067393
2305765,7504512
12180995,13565848
970971,11358608
2342487,1519928
1486894,12742899
5840567,9806516
8417403,6157161
12973672,12260300
12378500,11264974
972787,12423688
11518641,16009330
7791753,2061218
6709951,9120281
2976319,13982067
4554600,2785819
14301199,9659914
4260914,9236537
1703375,16582625
15928992,833616
11607335,15721752
8431228,9692196
3431467,16139520
1586512,13280496
14750579,3185442
10996508,5462842
14203497,701163
997194,994591
4467926,16752628
15545586,11786540
788409,7857887
14992598,15992431
4809928,11999090
11664897,16274462
8187900,8821290
14118487,12952677
10399024,6812726
8447782,10735454
14171600,12631916
8111781,11451210
11438527,7223068
11198793,15662430
9902530,14266313
154697,646700
5917851,10900736
13436110,9358414
6165408,796964
11825444,16137156
3401897,16356812
274287,5069225
9132322,875209
12607290,6503391
13017648,4242102
3909257,5596223
14247530,4003586
61434,14237311
1987870,16333030
15872138,6973474
6872315,14935730
12981673,11982850
16441257,4911596
4033382,1243438
3321315,14151005
16552705,3478158
7832806,16587484
9851414,12106153
10482611,2853957
11471324,3972295
1805205,3355952
14805353,9582587
3805033,2663443
2752763,13723358
341340,15622214
12310321,8917719
4608153,8959848
6821744,10436600
13444006,9802583
3366605,2406755
13619046,8921154
13096870,13326186
750072,3739071
15969089,3938122
9293841,142845
15563632,4071123
2615048,10828974
1984069,478175
14702114,1331068
14028081,10728980
14358165,4067932
2825259,11021256
16503282,4687425
15471462,15313066
6747284,6496540
1188819,13235626
6429390,12487653
5651073,12234848
13791182,3197265
9812761,10272334
8958903,2636934
10051510,15189877
15335859,9310271
16004405,12714261
8899828,1351560
13719022,277051
11785972,10217328
11764707,6031826
8702171,15798853
8165177,8631844
9068120,10502859
5430066,10082468
7498433,12186974
13889635,6240947
5872270,7748321
3266976,3502202
7508487,3442846
12419208,13495972
2286365,12890369
10919087,7808509
9384513,3913762
5387261,16304877
4462084,381747
5930337,10973032
15643401,2813055
3860919,16074190
3635384,418351
14296282,16375732
9829469,2200639
6310160,12113021
12477988,8148373
4199469,6078623
2992552,5547651
6951634,15401441
13933541,11571809
15914463,12428488
15107211,15628850
2107801,12326555
6793511,14188254
2903840,15236740
7826894,9670885
9411709,13347355
14895049,3538849
15056044,5662684
8070518,16674037
15230345,2495485
8930404,16598757
2475454,13797021
594627,2725944
6968546,3979182
3029435,9108781
13031011,8689104
13595080,13892999
12391717,3468986
15169847,11312664
151636,16224950
5871845,2641221
10669551,11386804
245188,9895429
5492567,8565564
10871665,2349170
11600026,1302218
9539236,14043769
13565808,6924725
4070010,4503681
4293176,9184020
11957924,4408275
3276559,13315097
9228158,5169335
4357079,1437155
8261055,1400157
9910975,8802455
13862700,15861420
9709353,16621107
3315451,3339677
9382290,559140
5460029,8635670
6179188,13850698
6716586,11188472
7998352,1841340
656799,9091716
4930720,1639281
15058328,11532629
8220062,11217468
11971782,11967051
955944,3068419
763436,10887715
9679343,13622622
12195579,11145621
2664021,15898919
16480050,11401408
13688931,9050329
3546977,1155817
4383648,12721466
8418523,3642821
3803401,875255
9905851,5232448
7553972,9443838
11454760,11782458
4485024,1983547
10557087,1551390
9768312,5703244
7659708,6698660
14331186,16001625
8508457,12338553
3473804,16035880
2473049,14742294
1612280,619661
5542658,4800876
8790759,6688867
5006662,9980219
9688787,6967333
16234360,4496437
16170915,15630727
10681834,14989698
356023,13812334
14318506,2570432
5468215,12329972
5088799,10149838
1962057,9860461
8633664,3223675
5492944,10727460
11092310,8472257
3439085,8145064
9645022,11754447
9208332,10087248
6957743,7341137
9254213,3463413
5430689,6585934
9155276,2590893
13077558,7309758
15255512,16056650
1711471,106405
15954263,16383737
8994270,7365527
14749315,5288469
11659754,14306532
8379623,6066808
9296930,13661360
14478579,10518352
1763962,391370
7063387,9649479
5046787,11144120
10622070,674774
7321863,3745282
11767666,8073462
16164246,1848633
13710086,4132781
7044401,16595430
14222491,1076333
9680537,288361
9316676,9906293
7020907,9274968
11953311,13787882
521802,16273512
14714136,15992846
91279,13612092
4780308,13381895
6994605,4854008
13967123,5262832
12358048,13368686
351340,12724634
12907319,9881577
8420252,1053757
5134592,11823329
12495437,2533130
14968076,16111787
16407769,11489748
16774735,14119292
3370779,5572427
2915652,1104050
3260995,420893
5388242,2271096
12579535,10975996
12405242,8831419
3389731,4793052
9954015,10652786
13660210,9747514
6498905,4553168
11425074,9199388
14331516,5763011
1204254,14552028
13380019,15443189
9499210,15638831
758089,10404873
9097616,16174212
12923901,4556295
11595911,3562712
4148852,10623339
2671785,7566252
7706079,5011095
2436217,4096721
6396612,12406828
9796074,11412085
8323969,12814113
705715,5132492
3945030,1856643
10429056,1337212
12725610,1658159
2967759,15327995
8714070,3101289
6561141,2119776
11556533,16248973
349353,5570618
13370183,13433388
1285080,7461066
13397685,11646206
11597940,14121106
14965938,16151422
14171408,12430276
362056,15060012
947608,12117327
4189465,234
15717910,6775077
16266327,6374012
16067660,6332686
8922873,1599542
14866237,1653312
11562585,14547212
13297451,5908826
9772551,1579023
7963633,4750516
8515841,14600032
4232260,896705
3599348,14938129
11219790,16021220
4503583,2513171
11061688,5504271
10439841,15123933
12869738,1470027
15525146,16604166
12231623,8194212
589783,15738140
4187382,13633505
9918649,12028899
5670703,1510082
7415523,9663873
4498057,16329554
14489092,2197767
9177460,14315697
4131227,1310383
11946297,5625656
16653005,2477627
6722707,4007560
532044,14598386
10830574,2084717
15168065,8715284
4902663,520543
651713,3702785
6998284,7918568
15046486,7430150
9048112,14850962
10024442,12248744
1074002,7969369
1427065,10928914
1281836,13595874
12219966,1950042
4446024,16724456
2872176,4164788
9987544,4806576
753050,16048556
4961343,14512090
12913044,5490174
4386164,7802762
7942992,4678762
1162595,12768790
15827503,3965306
5689101,15787931
13248073,16386595
1717654,13038152
1229777,5421540
9103104,16378336
11413084,4154989
15987319,13367247
8400994,254417
10951325,16491827
13569319,595630
11184095,10969912
3006611,13312550
1189954,5132454
5454963,11121112
10896103,7328719
1127207,6825695
858787,4190023
8809743,2264604
801405,11428494
3505888,5825222
10890272,2129063
10668242,12538448
9509769,8304436
14219459,1800549
12220446,16207234
9820741,5194187
8884468,1316286
4268009,1066032
819320,9072105
4395869,2583830
5279416,9907997
11569301,10681395
12271085,1702054
10334254,15033055
240728,6282093
1129426,4703318
6055087,1114796
9123799,13802239
5802389,15288183
7843031,4869407
3392071,7546626
6928237,10256953
14492315,2849601
895975,1807389
1737803,1678803
2863608,8889328
3573030,13743596
586925,10344909
6585151,8148518
4092250,7468308
14742492,6700462
5604395,14980762
2893258,15940915
8150146,12800149
7354977,964499
4702678,3509962
16057239,15286198
10661677,9827578
51653,12040600
4864930,3611429
3430678,4267856
7200369,2143875
4053864,2595438
5849925,12659666
10514509,12796419
11140481,2325131
1675418,1107726
2945416,1778004
11460605,190602
15521254,6800540
8632887,9883797
15274087,15324573
7601989,15125886
401456,16611606
4978954,8411055
6134790,5058197
13557772,13992241
7831027,16532883
15002289,2333807
10113337,3566864
16456895,14713889
551476,5331394
9564425,13899582
12224375,2074475
9712426,6536452
9861774,7642951
1273631,10295365
2710952,4849889
6237927,7395709
15400542,16006472
14730364,2706632
9532714,16364946
13793563,6835239
5195967,6547096
15708318,12488073
2634797,2035834
12264875,14394315
6819751,10424563
7912013,15773198
31538,11976526
7933524,1734009
13939204,6825194
586446,6320778
11979234,12749568
5315025,2959527
8706049,3380240
2490838,8679184
9362501,9915642
15585981,1604515
6671038,8408200
15532145,10424342
11883467,14039060
3134611,12693003
504364,8899929
16728756,15560466
7478797,63698
8801983,16391425
16710771,5148919
1862048,7920483
15193774,2502311
15480085,245245
13801840,9339856
6427036,5907665
15676347,5963501
16285446,9134457
16560145,14301057
15271409,3029735
3402404,8374175
264198,10216504
14857501,8436021
13085455,11637214
12091134,1323360
7509507,10174953
6433662,9960975
16545897,4729517
7575132,6753908
9416128,3817076
6507748,13704
11503528,2863858
6849509,14942149
14117001,14163538
13049717,16197779
16794281,7341768
14090890,8965387
6535749,10255395
16069602,4415921
9158646,14854796
13767696,47885
10312152,990899
6017633,13302961
14964104,14179934
8561118,1554613
9767144,14178584
885024,14186563
16154441,15588599
7570791,8342389
8817276,6808800
13906251,12952295
11077673,10238665
2722567,9906443
12635107,11160479
3990135,3428629
8731332,4687574
15656071,14949382
2164461,11528106
2098876,4254595
9492123,12049489
11276381,10735277
2985241,10973721
11877043,4820515
7652333,8644049
3900024,11961452
7456927,13054919
8169472,9613801
1573360,13543638
15402458,4984122
16246770,4286326
1247694,12673705
16520668,7389097
2350417,5790587
6260242,8098259
6018895,13420973
14008594,2651677
14196351,11121653
1212956,8673178
4019746,16201596
5051351,4132491
369060,2190099
6079350,2183892
23532,4209093
10248181,1952372
16750101,6059938
4295957,15338347
1646349,1994378
1356464,5000650
13531100,5914707
10893213,15631827
12817595,4186492
10137364,1858902
7107715,2605515
12866079,15687857
2532665,5501618
9091729,11469440
16061738,16173876
11200412,15785147
4593032,904670
5087137,6685963
5174998,8814961
11242150,12018622
5733158,6130648
8541725,438434
1783697,9348693
7042524,1075515
9113325,16125610
7882719,3532907
15260259,4387173
2192565,6112569
13454963,3506263
10773668,3776648
16684024,5515510
6388317,12569970
6732793,6921062
10935638,7077346
16255185,2992900
5540750,3449759
4712995,14282307
10723815,13987152
13883850,2164639
9367887,8789887
3331897,9514328
14801692,2705990
3234831,549228
12465275,8532280
9002036,14627295
1379444,9265686
4910550,5783883
7157663,15156159
2328749,13711867
15169343,6963757
5906109,1127007
8243605,9989310
477003,13835860
2674923,15437397
13438248,8447016
3645285,11874409
11946983,5120738
10476487,10595668
15572713,3926512
6028940,10599151
5612725,9945423
7736435,11569846
13241597,15971066
10595151,12636536
1993668,623769
6728044,6345868
11690789,13443110
1006946,882880
15124380,9897574
11985908,1427991
16738345,4897359
15790822,9176161
785877,2646855
756867,9718704
3371966,11427984
2816293,14082862
8978945,5405600
3389302,11476889
5305252,2883157
1462245,9086927
13760525,3676306
2031237,10554874
962531,2092540
11282987,1766558
11107382,8715852
2447080,12820389
1442928,14971666
13797251,3650459
7810692,12432755
6567727,10369573
14841603,16308144
15254659,12294710
11094823,3407988
11725626,7852736
5983865,10479447
5012814,11126023
3912413,16724520
3381554,14925201
4799462,7803029
4203225,4367335
3751699,12651996
8153436,10090998
13233337,12333743
6409896,7283500
10107381,12693294
6258577,10852482
9673811,9063667
6255491,12545323
12728164,2795755
89406,2894269
11897968,7880939
14862973,7876573
9312579,1186067
14596972,16042850
12744973,12818977
10710284,9497928
4310346,16508074
15465258,7645123
13697911,5494302
10325040,6846070
4484172,2833749
5857637,12015761
14961935,1510370
9309871,5256838
6504195,254681
11783795,10469787
5848559,12967788
12393139,6073485
1547648,13888200
14345300,3012113
4017308,12048083
612747,9346726
7402696,1986863
781668,14152369
11293811,7672044
881721,6932737
13271370,1255495
5711178,13947821
11344039,8199748
11389650,12212558
3510889,325677
3864254,1419752
14456869,9982500
4700876,564158
13866110,9854448
3607657,1441696
8483271,10906575
13164473,7648538
4716364,15161735
15141456,5647609
4413354,14543704
5482190,10748244
2065450,10335988
15528824,14778720
5916568,15544263
6022205,11045824
11024319,8108814
15060281,7631810
426898,3271308
3768293,6854405
13512243,13536088
16169603,11335248
7337061,12883688
7621210,952666
2267543,8388670
14528958,12557658
10958337,8610947
14303376,1775003
9748414,9071670
7582769,540137
6018991,8212173
4952099,433761
13869340,15163000
15123157,7970002
3810796,9296154
12552744,15466512
8617933,16518194
10522258,4514366
9162767,9805553
2944563,9777966
5015098,5126427
9213935,6019483
11850768,12506172
2561297,6167025
6870449,9684476
12947981,9444325
9743802,13658558
320912,13361113
15912195,13529549
4180802,1259025
5969776,4507497
12333148,1766671
12548306,38031
8886619,5862950
7127388,8603868
10133640,927517
3258213,896214
10475024,7332654
16408694,9490506
16756376,15288046
8329236,16438552
15705298,1227599
9002303,7999936
14611036,8948242
1910803,1436676
11699262,2310735
15862917,13300427
14918665,2479883
13791670,10577939
11016319,6018719
15923790,9532548
13582071,12163381
9705581,2892365
3803393,5108545
11507393,16391910
217222,5059800
12888146,6063576
13895089,7499913
3467091,10580015
13775239,7148340
10777026,3654919
16727169,15135803
5022460,8084708
14016303,6594807
4916048,10924534
2910346,6750484
9726829,244793
10671593,472204
15626332,8696181
4013149,10681069
6033592,11957354
2023437,12846357
13793231,1667916
784452,15841290
6085002,74508
9747313,1988930
162367,813206
9761435,4258700
11846227,3633550
11574411,15109923
890632,3733978
11519626,2473091
8338393,4375268
5945246,12009818
2872697,66607
16166748,11634211
4007279,252216
7488903,5575779
7046422,9345548
5008581,15897367
6281769,6794221
16722602,13644939
4364220,15207629
1147518,3454003
15053056,14062193
6358445,7020409
2580159,8305475
4940158,2818717
4232425,2022915
16641498,11602355
6969687,10805184
16100956,2895679
14902555,3319386
13306795,12432905
10304766,3074144
727982,4486410
5878438,12868126
13068289,13048615
16222390,8011594
11941631,9876343
15648919,1803140
14805171,12666492
8893662,4919165
280916,1216217
2736465,2178057
987911,4521384
9105480,2903765
2935196,6728451
7937892,8275749
11918676,7544304
12802067,2548869
4213733,11995291
8907217,9004444
5537669,3697077
4419763,12550743
3843598,2943356
7205366,6199421
15920041,12690102
10628454,13528137
1156274,11210467
4708798,15998187
2340544,5166931
2964428,7092587
9166191,5444280
8243376,2287819
374690,14820454
12263080,4669816
7489081,9535843
5790732,2945437
6519416,6969161
16356253,7474868
10875031,16612679
712940,11543667
1639003,6398812
8715239,6525684
6843840,12096841
13429663,1568503
15267490,2180769
11057658,10752943
16030035,1314509
4037172,13250843
8971560,3003517
15596088,10280483
14895074,2227453
13176452,14152850
16231536,13336517
3952664,9245061
318302,16187595
7695429,7004532
1347176,8752159
10607976,6784868
15383075,8618052
16270881,1954855
345117,7329831
10478707,616197
10419665,5317586
2530605,8760888
13390170,8765328
12092935,14639642
4617566,16293907
13069105,9145675
5398290,869409
13611442,16743446
9251985,12489339
1668254,15794673
14058881,6390716
745757,10457418
276253,4203911
6804950,14680846
16535423,116548
727255,10375840
2852460,9416390
4034869,3261413
15148300,8544571
4706998,14580934
2542418,16718691
4922589,16682609
10296206,1865278
7465159,9781808
6333415,9238319
11006724,2791310
14129734,6651238
13416735,11494029
13430917,9830197
10791780,5089327
6228004,16472350
1164378,15509872
10311586,15647179
13567621,1335923
1300739,3129830
6958661,5933925
13276900,424335
1045181,14168706
9770958,16064254
16451718,753199
10394062,752252
3296685,2590827
16612054,1544281
5292691,12720569
11498651,9951408
8646552,5141468
9902317,10970763
3099121,6595739
9089219,4696529
14991926,8063362
2323532,3728439
11322845,5398006
9187033,2617368
96677,11995902
5279156,15727356
3912746,16444097
9992026,11586699
8806342,4581048
10259093,8993145
14092634,12465740
3598865,4489049
5438242,1722861
4574601,10252667
5066137,9711661
7821566,3251219
10174383,14579775
5766291,13284127
8295284,3100253
16380055,4609075
7255515,15891801
5505481,10605665
2422558,8899198
5053205,2879998
1547825,6634822
15664721,14522170
8596097,7486409
1796256,16398250
15018576,12954563
5697382,12881527
14638844,6243242
5671389,7267094
13787135,9748986
8351025,1372729
5171957,2552645
10635511,1700731
4629889,6642442
12998823,7434103
8485967,12688469
13908355,3176608
13663357,915026
7587059,13665330
3899985,13716614
13144435,15160905
8646010,2023443
6522659,8157109
12650598,14361616
13034096,10778377
4932886,2444543
14755881,11244108
14625885,1418963
14130432,13882458
9758927,13073849
13839924,7246159
15118161,15499529
10983539,9848853
433859,10023631
14384213,7562390
8671868,5742092
11409542,8973702
16669241,14382714
9227667,11753071
14631165,6887041
1764378,3191103
9423598,8039140
886084,2017381
1840377,10313065
16138824,3752581
13931973,5315805
16127743,5872551
1369177,2973239
12137604,1652689
4757543,8248400
5364561,15746057
9064184,12978758
12937861,15574399
11296606,13748390
4105470,10371235
14527564,6948669
8181186,5014011
7453698,559802
15569173,7857687
4938772,7694384
2440010,16344434
11935986,7924138
4361,1648483
7315985,11881563
8285532,16396811
2011672,12483093
7176962,10800287
6126303,13007399
2932313,1219267
12878049,3779528
9143901,8110906
9152116,13131626
2888305,14631287
487017,9174301
8001204,16448522
15707121,4071671
3664172,111707
9487435,9869543
5445728,10611671
6435398,5656520
7951449,1511583
3051090,7428555
7770965,2250794
5695917,2950619
10788311,13480375
9096555,14153026
12984439,7836539
12656774,11258183
16643599,13781971
8854298,1482980
12363813,15596238
11052409,9166719
15365528,8629578
5654827,7320285
957448,9308918
6327255,7473441
13744286,2970748
10758690,3609956
6029736,14399252
14307891,6309542
13805950,463108
7160841,2521844
6451088,1446762
3783271,6333436
9594087,14861875
16719275,9651452
1706704,9047227
4296809,2607504
15881073,2647922
11462325,642302
16776212,6836984
14266911,3582339
103675,7503108
10903928,3083651
5018937,9717917
10076882,13313690
15867541,5688598
11551057,7054693
4218028,9662328
1744508,3218569
290178,6005910
677885,5976793
458308,9512883
4927647,10577531
152321,14387711
11621360,11953920
13573339,6546148
6378652,9147476
8428315,2107776
1287045,16665055
3465411,3623216
6964075,16596733
230293,12985719
5102689,315895
469265,5936053
7098215,10701683
7853266,7707228
12656281,9152158
11733120,1957112
13105891,2518663
12601151,14858232
16769445,3229590
5708208,414836
5327804,53353
7369060,883652
4897431,7710407
1341153,11767168
13027725,15096336
5946252,9506886
14319171,11955213
3934263,2100054
12304001,1616051
14733068,2238828
13725078,11484525
15119421,12446207
11719688,336802
8199200,8407510
5095421,13190736
12321941,3623072
12168818,16070423
2266528,5465584
8820971,2327723
12681164,6357300
939157,15740840
11511488,5922947
14391014,10401003
14160930,15503994
314974,12815358
5662037,2927584
1585198,5368747
9076038,4760932
9989755,7980228
148557,10981785
1232210,10573883
5589265,14648927
12014325,14871818
7215710,16308170
15731409,1006313
15033513,7527383
12599516,8898042
6725012,1306443
2337708,16542848
14518818,5829375
845518,13192491
13509706,11848610
13178663,12179730
12205177,13323263
12895271,14311270
15346484,9955935
15092575,9988303
793613,579596
8964240,5865115
11660285,6953324
10586554,2070146
12735737,8233074
13684884,13074623
12298618,6438549
1120720,8072604
12970444,1252186
15725416,15749320
11774883,6979758
11390552,14159041
15613919,7620017
10468447,4878824
1141483,7162707
3534509,5695756
4636777,812000
2549151,10200347
13924063,8097513
3712794,11957810
11405489,5373913
5469535,3090204
4685239,13443129
4629010,1113759
3846228,13494169
12680352,7418340
16179317,11981642
2776103,12881245
10185874,5178367
3766030,13981888
8978144,15198337
11415235,15323788
9516411,14522207
15440699,9297227
2668226,11413806
13931255,1968731
7453966,8616035
12632299,10194359
4556099,4486629
3676774,13931575
6137889,15626473
3948271,15406166
746461,4520167
13924501,9537109
11171304,13591906
13143547,2020448
11962222,8137789
13080775,1750761
3970577,9257714
5213029,14354837
4417597,342913
3804945,3933477
512051,13395607
2629959,8212972
8902818,668308
9354175,2338727
8383872,9729323
6455753,16558352
7112379,10000299
14614178,6609981
2276697,14506897
4679973,11653871
6441401,1198606
6627196,12557579
14696888,3017555
4612068,9952794
16265545,11370589
12758941,6985651
3767299,14205103
8046186,4777430
6507407,9978995
16635814,6364004
16293871,4555458
12024295,14670237
14373778,4848470
3530603,12407599
13046421,2580189
7154398,9945651
11924890,5668767
2031966,9699486
12322770,15487412
5969757,3857559
9010880,1021463
8180401,13715919
1513759,4998041
1468948,14296468
5345484,2730486
1666403,8268702
4213520,12438320
13630645,15235989
13722344,2418763
2527550,5687722
16356541,7759210
8394853,7780194
3520213,8705202
3798417,14961266
887350,585764
11761157,8913617
14190217,2812818
11899484,15394299
12672720,12106224
11146029,16723307
1420572,11284205
8539689,9183903
12670667,5299964
16446897,14665323
13462379,14199763
12924600,11507881
1383783,15991576
1057816,9156310
786088,10609633
10495072,11493807
9254351,7445155
519103,16113040
10403648,9951707
15850346,102766
402104,14944666
15175875,12405553
3244476,15321926
8739894,11480553
4657325,4013584
10083480,14277092
6281860,15898845
6653972,11547302
3307378,3759622
6648529,14568082
10681381,12024952
3306799,14721119
4817263,8651241
12759399,15611360
11026660,13060736
16516034,7630813
6938171,14117753
16075868,14987967
11774929,9915727
11947757,3883593
9529949,8508101
8188950,6323114
11172927,11375391
10954424,10390328
3228329,10817459
6100031,9351450
15966112,11493514
15454188,8155322
256203,7552555
7349322,3558464
6913552,2438616
835050,10112590
14679504,13186593
6194381,13850548
12260359,13569872
16294730,10510238
5536097,5214628
15018248,10392166
15558865,9340489
16677790,2730444
1880298,313993
9274947,3935724
4312732,9865868
10141131,3428056
5104883,12587058
904388,3934492
2198586,9854683
11345582,11515708
12028081,9392111
16670292,7155503
109643,10428323
8154161,9134922
7387312,6291040
15604422,2549542
5220121,7903992
4560004,11316631
14722562,16601118
889805,12722831
14289631,4975064
16253353,4553144
7381362,6424729
12627941,11446681
1225740,10178065
11153976,16429680
13614950,6214440
1549491,15893069
16418831,12053175
14815709,8725992
273728,774114
6313930,14262132
1638071,14700721
7551434,12291770
10765990,8546656
10048546,4681056
6238552,14288125
1765110,592802
5216261,8923015
2493293,16525868
1263888,11286036
14015,6436728
3830659,6854958
10438533,213155
393071,7592334
8353089,3886927
15530914,10291455
5157704,3226350
4665574,2378394
2893887,15137789
8949270,8082302
716127,10006896
10423458,10877566
10144939,12278500
13414502,16407555
11501248,15891632
1365666,8846210
7780797,3547156
11389637,3832873
512711,944455
9661951,14421575
11942254,7191036
11221560,9795924
8610537,11333197
14860675,1340362
12214332,14838303
13853311,9344170
7987596,3972790
9043676,16531368
1659852,6189061
3501805,16576904
2238189,9741097
2377553,3441344
9681255,1193048
7973427,9964954
16227391,14241407
8661755,12547201
11158363,2720557
1014575,11220578
5594674,11960906
3831315,430913
13711314,10985433
15986686,15122197
8549683,5609089
4165346,16569543
1574419,4020945
14944956,4130965
6514677,5381896
6053450,594825
5329983,11462067
8084594,9381276
5818496,9095912
8833238,7136395
7965832,7991593
343231,16495465
1888925,2087529
15226128,1036263
13529301,12152061
7339571,1751075
5282730,5814589
4863041,162349
4280612,7497354
2382521,12457529
13165341,5171660
15323664,1036607
14781863,10956821
2119834,6902000
12469238,6282981
11905876,1731482
15816392,9187595
10294625,4198137
473058,4295685
7760873,1193807
4668685,4187375
5474907,1238781
10248026,12511803
1712688,10947123
9825144,990261
13151815,2586610
8735998,205483
289958,7838006
9020967,3737644
16059556,4538658
7220316,12893628
12240108,8696283
5978149,4277339
14661292,8560628
2071533,11990769
15718079,619012
4547529,8853779
7460678,7783061
9366306,16098733
14605309,474126
1380863,6200224
9759530,2319314
1986646,303504
3213451,14991813
11307905,5613768
14525209,2266476
14223185,10184025
4594163,507575
1658912,6604810
16449695,14256939
11815196,11765561
5379589,4964058
5931900,3106961
4110085,14576714
2832724,12994807
8560584,6051352
153028,9924614
1186633,5191054
9219003,6974587
11001498,14493730
5965768,6154086
9975094,13724811
9414408,11713733
7297960,2250719
16099978,10271305
4910940,2123083
8780205,7608523
8477866,13462155
16225241,677124
1774656,12613258
1719062,1781726
8550799,4383854
12532273,3661957
2179252,7492979
1639918,429937
13692568,5343961
8198111,7599099
12708622,2136333
15478430,1672146
3837917,12323379
10152624,9241834
4375332,42890
341708,11440463
5964171,11795063
12670178,14847930
13582180,16247411
6527214,7487925
12020401,8383135
7917918,4766340
4086086,9183276
2550170,7749667
15265722,9247330
10116636,12292196
8303749,4062038
13134084,3521961
8006505,13691370
148853,9505605
11076002,6006751
598858,12224735
5143352,14842715
9116830,10527851
1690992,12243457
2803590,1211117
9559606,2803137
4668021,15931242
14498395,11638897
7280857,10243989
5290121,3185328
14214630,3561836
8971821,16018566
12631144,1546587
2286110,8850473
11558262,415433
14326823,6817254
5263598,3807423
12411792,2189497
7634824,6942656
2891997,5407496
6012513,11871430
10394648,12969412
11152454,103975
8486753,4260095
1822410,9522001
16777119,982626
14055715,11896250
14111449,5229107
3794770,5807973
12454559,6881618
6418434,11127329
7866665,13608911
9467805,16101442
12593628,12483703
7549816,5058792
16385766,15520779
11885952,5662495
6016557,9550845
15713273,5678662
5772135,2930408
12789908,11057615
4909563,11634740
6934552,14722632
1420598,12797201
11905474,16386208
16320907,15153669
12929561,5930834
3232858,8477921
6414204,6140238
12121737,8855962
7583615,4909527
8998132,12393544
13795384,9846077
13203259,15089289
3322693,11788858
3272160,12505546
13128747,2063859
12581840,8186511
5675070,13398355
6542425,9001589
5374373,3392416
3045661,3887278
7504680,10298862
13348344,1638248
4825836,11883575
8560246,16042508
11594996,13186987
8889109,4718371
13862588,1181938
16737565,3018559
15838304,2275159
12260943,2521714
3702,1821894
1506180,2077332
3379085,936255
5626885,1866390
6865937,7699722
161371,7805608
9621789,11466699
12452194,3641334
4155020,440322
12892623,7854720
15513535,10491888
8520301,1798761
15347691,10081501
8925237,5840649
3356337,6136229
6695253,12285715
8510523,13853038
16637418,16139717
6194559,9815225
1798255,13698963
5402818,5406661
12009773,13540004
236010,5372340
5504059,11192499
4581093,14887566
1105721,6863719
16125219,16764513
2542097,89407
6986029,11719862
3540402,10929135
14618047,8548115
11975601,3775902
9001753,9491076
3558899,1554865
10075141,11418571
606238,1478460
10367013,2598301
15521674,11810306
14366810,9859085
12101047,3332314
720553,59449
16339007,11500527
10001348,12265597
13882003,3502802
735895,9761378
3254594,2703127
9401178,10762383
10460605,1832886
13766940,1730808
12749415,16272815
6242087,10322991
5868433,5768611
13075,5834169
1507151,10413805
6666678,14243596
3016968,1356827
9074464,2181076
11049783,2891897
8062424,16766408
6880179,3457592
13017691,16233474
4563894,10385272
7077071,14132720
4995166,4157370
6094240,852609
3602392,108478
11513987,14909820
4504043,1796922
13540836,9713733
2210800,1036174
11541011,5031423
6991435,3390370
7511370,12159295
13009780,1320281
11841888,15041966
10144634,10471155
12033906,5265538
841099,14782554
16651964,16189554
10193400,190447
5368781,1664862
13178174,2051076
7893701,13736514
1626547,8666779
4199270,5781209
15060689,8661588
6862149,10266052
13887760,16139352
127744,9604958
6404845,7725848
3869766,13563531
4435923,7005965
16483082,1075141
4283175,15561680
10697585,6311081
13219411,9938551
8806094,15180830
13342498,782692
11716583,16186477
11005219,9400579
8799549,14286034
14090849,14508638
13475359,14585501
4747568,9032633
16149901,5146715
4087768,5384436
8788911,8348648
353452,6448915
8888225,13595364
16541886,10590747
9891330,1873648
12501129,8842469
6076087,15763499
5187469,14129317
2931201,13954097
13474771,7301747
10137946,10356744
14738787,8064835
11834464,13892551
12141720,6395135
4723520,11740345
4862956,15897998
10813494,2634606
14739007,6932340
2987528,14221230
7133719,14833866
3577101,2168176
4767579,14248603
3257075,3534686
16743370,6156189
5705548,2528784
11998793,7737871
709059,11884542
10021470,564154
8049757,6476867
5574609,15570736
2136929,12497412
2592311,10457425
1517462,1355100
1662461,4375971
15438129,9384843
9050396,3480956
13265772,8064508
4557253,16556089
13681142,16374513
4276208,13175453
7781926,8421371
8802416,2674241
9180549,11367397
4882,11836167
4056672,15060050
2281567,11327393
16002072,8324175
16066211,11584853
7326443,10685320
1392117,2593340
11120621,7453427
757923,14151977
4759599,1889843
9030164,1914779
14756843,16530455
12918629,10811351
12021635,7777426
3196765,480903
1229645,8452766
6701390,5784471
14432271,8616766
11598495,12893646
7123654,15778388
3860577,15403444
16495528,5197965
9795429,8186572
6446135,6404416
6984314,13850769
14236729,6791796
7698837,10307110
13900451,7818588
10174015,2868786
11611728,8534629
8834984,10419896
4083389,8634813
2513561,1881478
7014377,2754139
15404244,16184541
516566,5041365
3047168,16686729
15285826,11825040
1026285,7130255
268644,15382732
4419214,4945605
7754394,7401327
16391449,1537137
16794169,1784503
12146755,6959388
3764282,363143
15519421,10669438
13985386,4221799
1888549,1270132
16795865,4304316
11823860,1680043
3925338,5525239
5525460,16687898
8250692,6537296
9673911,14974752
3005567,10135571
3110251,10285577
4441408,12486801
8488036,14069274
4825908,8588092
4816634,5525948
12224942,9243758
15122250,7773649
8673239,14936389
15946347,2087549
16235836,10902426
5905099,12186239
8443394,14073918
15834026,7315084
5304691,13823558
7855401,9645949
1098663,6204318
5530054,2627923
2735147,5192780
10933760,12543099
11873945,16246222
8557342,12059629
7868138,2536933
5349355,12154353
12812256,6889307
13145470,5278948
2691362,6421708
10815914,10111334
16435447,7187652
5348003,11512234
2339794,12627080
9606222,1462996
7372778,10388721
12638112,7189443
10487358,13778341
12996725,8781587
1849984,12703365
477950,12734338
4537947,9828258
2738737,15410887
5547416,14100138
12510453,3449757
14485769,8485089
1483838,3456285
2204886,4485398
8182353,7325033
12360833,15519935
5447913,12853233
2787857,15845177
4891013,2443501
1746677,4268773
338275,1903152
871233,14558255
13984879,9522750
6346887,9679851
11120732,9858145
11280339,11096379
3354623,12557855
8212636,16349059
8880531,10193421
15428752,7319765
9548193,441335
7463173,6526338
13415742,6458460
3026609,6557621
6919252,4213669
13122888,15892630
2886376,15982908
774669,11271038
1037416,9024740
13442530,11388519
9914301,12365395
10517337,9300406
8092978,8163749
8583558,12150214
271802,8174691
1864517,3460653
9668287,10740117
1526732,5757533
7028092,11040647
13160523,13521924
6960171,119033
1032915,6998434
11109897,13083992
2710942,10282643
8418678,10000287
4880100,16488800
16147277,16078337
15547653,171811
16331239,13810141
14394147,5510490
7470069,14136427
2072535,9352302
3579822,368774
7256847,337508
9108034,3418247
3891118,11337305
8289040,559045
11750500,13516056
11965820,9508475
8910184,1997252
157292,3997120
6921485,9332108
3868928,4635321
6936045,15254776
6716230,659956
427145,7968160
5275066,15547122
16672794,15746371
13113296,6584064
9078133,13353422
10047537,11729848
6025980,8160064
70725,13555520
11205547,6350066
14063414,5653276
4953133,12928074
7032513,7306850
646474,7979920
10182397,4734720
15862289,2191170
16358673,16430574
12339176,9341509
13041509,6083547
5750349,14876474
6423590,11595228
12288771,14828280
11383901,8260983
9327477,490794
9542709,16499357
754422,2016301
1047090,3788353
9200431,4100197
10239700,7600746
3606296,10839216
16349085,6532133
11877108,5781697
13373638,6085079
761124,11337499
16550298,1538184
13000704,1717955
5379688,5758183
13954200,13352780
14262423,12315949
6699008,5743744
8103059,3934813
16711743,11678704
4160211,14988647
4248448,11365327
14997841,10567219
2087795,6257471
6130957,1446941
16127964,4458152
16372195,6533547
6348897,4468311
8956213,11098205
12263883,10600796
1755207,12381329
8264840,5933014
13666816,4259077
6981588,520173
9378547,2419159
3488618,7530901
4453374,13087433
1159278,15867913
8611773,12299219
12046608,7103540
2321837,5368154
2094677,5627754
12171611,1766315
16258878,14434037
16618825,14780968
2121795,16585522
3506400,15226964
14109074,7164068
5455640,10223581
6932173,9378642
1393896,13551255
883040,1358926
14934343,938160
10185948,457419
14591571,6808702
5953820,6454531
7411619,11503850
2919099,7861709
9614827,10231517
16219870,1605501
15657220,6082851
14466126,14268328
16607001,6257221
6766571,6761931
5782618,2791807
2167354,9767436
8414550,13751802
16783459,2255525
4235830,9183395
8574515,16153750
12772802,9955940
8637898,4099614
9122665,2360245
10989176,880445
13899971,15069954
12185973,13637489
6469121,8565139
2509780,3055833
14556697,3393985
7813116,8746836
16598027,12681737
1315129,9699972
2987407,2415602
13933284,16586807
1464116,14385275
15678132,3721551
3610187,3280790
12175785,7679414
16369447,16013097
6170730,2697941
15036680,1775479
4681826,16636656
7025906,16051621
5899631,15881926
7066661,8622950
43557,6093699
16250757,15158842
8260405,4206085
7660861,15747664
11419806,13897484
9101537,3628999
1741638,16735554
9180200,248628
13188470,12683574
15005600,9963586
10012535,12733227
6498329,6120471
12362009,14313211
6099302,2794519
8072712,11362853
11315505,4028220
12340847,9469452
13970009,13252507
8067602,13746109
10625841,14034123
10220575,4175111
832925,3633690
7452769,10543630
11236245,738960
7729484,5072329
9054040,412024
13002195,16369816
5150275,12116055
11994763,9468713
5897002,862236
13827265,1206178
5551635,14800178
11977585,1097825
1659599,8839147
11815523,13316576
8312183,4479428
15307002,7015018
9614624,9640398
1926060,11779007
6515081,16769511
15938890,12876917
584817,3930105
11409836,2557861
3709171,2671854
6445137,8926679
6996593,14779785
10867893,15095360
2014279,15820547
6063333,8068105
12185626,11454930
4773660,1249645
177077,2387975
12544247,7513252
7532316,381026
8906519,3244213
11800144,4465243
7067499,5620867
8122851,16329856
14936595,2353636
8591519,11671933
15120839,8826400
13410878,3654206
3436093,2113242
9896620,4062688
15789541,3330970
5601013,9714267
8242856,1509832
16319616,13407182
2293870,15836712
3506788,4096059
13660375,4695904
7212938,12728944
3962888,5381148
3730424,8188125
7783476,14484664
4638273,15948732
7565106,4450347
7807622,2705766
11318575,7707553
10307182,10035835
13103902,7426729
5937123,1606726
4495397,15236555
6239212,1486511
10084778,4086377
652656,3408046
5373281,15856508
16191649,16532608
6057738,1269264
3920639,2587939
3198727,2266414
8083513,7582497
4401978,6115805
14208825,4928765
457547,7088069
7473939,1126138
1919324,9136651
2556017,11324755
2343408,6785635
6372165,9116274
8177598,12291291
6149264,6796158
4617187,2843696
9744360,10087440
4624302,10171438
13500542,8417309
4369102,9861005
13181474,8561664
11414219,7306715
8417747,2389377
16622754,8800933
11965882,11907299
13201943,6193320
6553336,2277721
5554234,5953971
1870336,7841133
11287956,11829910
437974,9922875
604258,11870748
11593893,3862720
321214,8500816
2137635,6345650
8446865,14653703
6950623,13027891
13934567,12337725
14685051,16150575
9677785,15051603
1420425,15579213
4708544,6119791
632850,12698082
5463313,16609664
15779182,10742827
9669404,7502686
6614638,10649897
11049568,14419250
13955481,9638672
4400811,3678619
11461469,5546754
13428893,286248
9675413,9270182
6393455,9027536
8450130,13188253
7165824,11973496
10409324,16630097
2805508,6996175
13848479,8788958
4299932,14552197
15069867,8788219
6422219,9867302
6327311,11348715
12856933,6388284
6821337,4785291
7522887,15783001
8770295,15383911
6131114,11572479
1876222,13653032
13736132,4096086
16794688,13891856
12553662,15718916
3524260,7677514
3622405,1651042
13631534,1718516
5651344,7123614
1322683,5792535
3573341,16320889
16585812,11808330
4976217,2406867
583255,1264380
5983203,14687290
15970449,9966254
14623696,14748056
12799111,3234403
4955922,494114
8778567,14187078
13546957,1744911
5956289,9735571
3951449,4192134
15373655,6394674
7261244,5540929
2935125,6387836
9199656,3369072
11683854,13006734
8853797,7052502
533624,11114194
5734744,1384432
2959457,6852696
12806722,11155014
5094628,9779097
11300281,12281991
16749371,14221791
12581148,7312747
13684084,1525112
16084327,10670625
16719328,13782245
8486308,10422716
15121290,6702251
9946809,5455477
7057013,4910062
582838,1801852
15460792,2315175
2935891,16562063
3648422,8699917
3307463,6765571
14184620,5161687
13044717,9998340
15676359,1897011
8005301,5572592
14366159,5650709
16382486,7166608
10956910,2060361
10560763,3584758
10533208,10034874
7312332,400653
230647,681380
16332202,10418886
1668418,6335069
1440152,6182906
3694925,7443944
8633725,5517831
13077583,12645127
11513510,14537417
1019215,8772598
16699649,3953761
12073124,16126927
9677501,9977945
15362137,1574578
10781920,13145699
9840948,6922010
8424531,270653
3435615,9573349
1573349,12602420
14485201,156184
5422085,12762885
15586944,5715472
10904224,4623496
8984169,7083911
7539587,5938216
5667263,568229
13751008,4783066
2539697,3414259
6022913,10765992
7894781,2423490
4412442,1874545
6137110,13173991
15999538,16691531
16780376,10247819
4979335,11397827
4154152,15454427
13762078,6650756
16786383,12335086
7966267,7620651
11124709,16182398
12694938,8285566
12310571,10926170
8955966,9311109
6604695,4930003
5272503,6528815
12855658,2954549
7332694,1632612
13073047,2844433
13171299,12562456
3054541,14759157
13375,4242593
7710674,15137489
16505563,12542598
7949743,7365259
7303331,6833006
4389805,217350
1400075,11703186
14593693,11611062
14959359,8242601
1150777,283635
15234001,15222803
7603312,16590947
12555406,14595999
12667952,11420555
10084320,5438054
1993187,7811595
7612584,77323
15375169,5507016
16685451,11910581
10296635,16622235
795388,6100675
14558968,2918617
16502510,16132892
3971008,4866628
8422140,402450
5302893,4285586
14479182,16411473
15135500,5972581
1896638,2880459
13353752,15583482
6864531,15229876
2793299,3809564
749097,16105105
6757920,15310056
9231941,14691862
10857957,5574709
6759177,13971269
6622272,11392850
14802674,12296528
14541241,12001892
16515250,6200365
3619163,2853295
12077719,14951550
4595322,10627384
12896248,7825644
12379367,6008839
4994504,15011793
2195647,11953453
3862754,13140397
12424144,13670699
12588167,5756996
8994710,10394000
16030748,16518499
1576226,13216470
10306822,15055577
1229825,6111704
14565981,9555985
15115179,2928126
1535898,6916045
2154012,9022797
2933899,6509054
5745759,12175153
5643736,9597650
11593693,6026816
4575620,969536
15404194,14774102
9304104,14033845
8998314,3354056
14828475,9730851
1903997,2368281
4500750,11065908
5405943,1842190
6520186,13777851
9632690,9239044
16643585,12642517
3163148,3911094
10616918,16247933
13861963,14495177
8814114,9189110
13384187,9502019
8268094,14055129
8373257,5026271
6135546,15009021
609423,5583177
7576178,9634752
11617768,5152756
1975151,13290905
7439495,12867371
13132927,14609006
4529524,4431703
2918833,16695795
14683527,3283704
4321986,11844247
8532805,6039847
15080122,1026282
5687419,1769848
10285854,16432138
2235805,9196366
10959871,6721719
4176099,1042966
14006636,8954604
2547658,15518433
5422650,2723786
10773995,14827366
11120349,3630290
6674758,12003587
1807788,16314610
9632673,13117786
15569103,8336038
15366514,9270664
8032063,7257171
9387730,4458902
3335359,11870648
3651430,6643158
9850296,7128136
11816790,3347419
6854064,13371173
12644749,11306867
15573755,4069554
11097153,492575
6601850,4866503
549601,14436186
1356200,15058733
6438912,1736818
10727452,4975198
3961427,5806661
4119336,12826709
11263949,15565030
5382196,11317928
14836251,6813540
3011316,4001879
2294411,11056705
6045848,7295091
10532183,15012647
4963704,9649535
12277617,13052517
4557806,13822897
11820045,10365332
1670593,15360364
6503799,9805087
16475159,15214993
15753093,4095405
8399441,11922067
13367773,2835796
1176450,3833486
3134298,4296453
15402630,16624600
7970979,12869935
2021979,5251051
2832218,11725671
12572915,1547047
2320870,1401581
2723745,3831852
10898077,12773281
8588234,2224369
2672378,15622761
4055743,11771499
8211776,9795585
9554896,7323731
6155268,10172851
13977748,12056838
15380468,1016380
4523784,11602815
7762456,10065379
12640689,1604182
14598525,2822893
14363264,1512509
9816266,403135
6672822,3093202
4731818,2642049
14953126,10351071
12029981,7343634
4504158,10409696
14981355,10721249
3808730,15284487
13157128,11536491
9901975,10909791
12355824,568177
13543586,16209726
13837750,11877643
15164550,178070
12166567,7081306
476289,3900373
16306421,11323175
16039549,8988436
8142111,5331334
195123,2596468
10955130,9875431
14078774,460150
5403917,2617011
9397946,11560760
634961,11687937
174899,6265760
14945810,8901550
2003897,7254726
2583818,4899814
1899527,3948205
4420997,16424023
8217407,5847358
9654996,9163540
10469227,13615375
9119671,11878589
7308519,9792283
7066857,6260482
627277,4428152
12294390,10311074
951177,13694023
5967271,12174370
16507337,6739901
10665089,1750373
10558471,13777538
13745786,16520914
387640,12687292
6433383,432761
5775288,7018624
2133072,13528318
6829453,11654765
9698079,10552509
12047754,9418220
3504238,8007557
8372568,9318208
14030928,1989228
10769325,15676166
10421399,9727675
14180618,1994256
7344951,6365027
1988197,13656314
1596754,14622545
9818234,5676911
11015645,2016605
12774,11086223
12046161,1444787
7004107,8003743
4342044,10958328
10600960,9681679
3849719,10486527
15210689,10126671
12001748,5376370
12145533,4564465
5677686,1924733
15987518,3640847
11899064,8929760
1401760,7556066
12827786,13319187
2601428,14215480
342736,179345
11035922,5764845
15423646,3928849
10861186,7546534
12016955,16686289
9855182,13119691
5710770,12961640
4877717,11121224
15960838,12406424
14837559,15972417
15972186,16194728
505687,1911646
13910334,4293898
6159907,11849070
1619951,2584741
4815760,9089831
12535422,11237285
3623736,8021633
3574143,13148063
11899891,779704
1590303,9238311
14427018,3844714
16008930,10778759
7562387,12222174
6029642,14605354
11401269,13175597
6247453,13728907
5909202,4183243
14432597,8621708
14691777,7819021
11544114,5098603
3730521,6842605
15608149,12003987
12214097,1222749
3663439,13914204
13601468,6112818
4976274,7569137
14051936,7973577
15321768,14766900
6086910,2943744
464275,14131208
5972902,774520
3110,2477106
11691144,3003291
6980562,8105794
11893340,13798175
5738858,14761211
13442574,7987707
8904642,14695708
1752330,2154058
10978811,8183109
15658374,12488722
6130440,8663052
15702438,16031224
2348778,15605726
9855502,14609741
2524165,13717500
2544455,13747248
10036127,2535027
3158460,11352364
2618864,2028042
15982891,12496638
2372852,3680374
1044363,131674
3179841,589533
20629,13343994
1730536,8081371
10299637,885663
15549647,15349100
12897518,2014919
14818870,6601664
2109492,13867220
820753,3871130
8121071,8134567
8977741,3165269
5763806,14263705
13000268,5497828
10063865,3745916
5618158,16007870
1264940,16568655
4024087,4445709
4135890,12137831
8771434,8473262
5911889,2353593
906838,8481681
1496413,14441105
6680915,1712640
14179553,14201009
14532010,13139968
9924980,10643640
5808673,8876731
7378564,12689128
11356358,6896446
10703825,1757981
5587915,12792768
13738531,14327771
3256796,7164711
15545597,13512056
9552970,8066908
15760229,16689252
12396352,4472657
7553347,10623086
12013883,12214859
9003938,7409964
15266761,13916227
6106427,3787401
9384440,5617394
16138966,8977968
14478006,5018340
5795549,8427055
5481923,3809512
12314864,10631143
3779166,8617762
16432311,13931242
12471251,5712993
15535571,6587321
6417573,14643335
10037992,1853711
15371780,6780217
12484361,14603199
13443094,3577537
16584162,3157494
13866076,395636
1289037,3246539
11617227,9874618
5844402,961983
5543212,3564468
11306119,11293347
5395424,16693881
553850,16058091
13511522,14537445
9375829,2940155
11808765,6270367
4580929,1057510
5742537,1475349
13444551,1316161
2078924,9468639
15187680,8842249
10415364,3333910
3535267,15724581
8649850,1406205
15824760,129910
7776018,2371854
8997410,3631030
14799512,13073419
6436422,11285459
2528568,5201843
10241286,11792082
10343462,5875877
14175868,10219592
15486427,15618240
13829091,4725984
13018582,16113756
1151038,16778276
5985914,14366869
717566,1951619
9478190,2871549
5832002,11815963
6808413,8810850
6742267,15920719
6560074,4205972
6457368,7517596
15398730,5861585
9992410,7693143
2538589,15489854
6781803,1151565
3394083,3113008
7011645,13066768
3327445,9687789
3112223,16526292
8089734,861941
3041375,3918411
69748,7794480
9202853,10491316
6982882,278289
6973619,11145498
9345511,624638
15135362,9091761
7814288,12277534
16341570,3575029
4063699,10967479
5828246,14749571
10594861,10297698
12542765,505590
4375064,10028416
2398476,11984819
13787951,9537792
6682797,16232016
7303386,6239509
16447312,8259503
4881322,8643881
14356446,262262
3822563,5048302
4737460,96707
6691578,5421058
7898272,10770396
9169591,9866760
11669754,13303982
12740529,16401303
1875984,1305742
8718239,1058445
4835536,4879373
16779011,5019649
709070,749868
14567387,11383530
14788255,6481730
8503068,5030600
15687782,3922451
4070577,5460607
14562528,16187628
14720523,13519198
14447550,6503211
6903670,10689460
6527399,837210
10387278,214800
7201536,15366362
13211785,9963923
12398780,1228356
1760220,7429074
9720553,15701988
9219548,10862434
16322979,15192716
9856247,4376177
6363920,13344418
821652,8484977
14024373,6344496
15679619,16700981
14340274,10732569
5394587,1677493
15373032,4143210
9438327,3746849
13926143,1874908
10900357,16126133
14399439,16744747
3803300,7426622
6778733,9754525
6415057,10772694
3300482,1481656
5694893,129039
9706075,1343867
1558283,13933164
588797,10223311
3982215,3230003
9988608,5413562
14437941,9583064
7914294,58425
2856657,5816428
3734588,9578289
2822642,4474613
13168418,14771928
10008736,5217850
16537761,871611
8616979,5273675
7390604,7240181
3698331,13616155
15807833,2066703
12706237,16423171
12899369,4009273
950400,10422947
12530098,209605
9061166,8681029
1018866,344888
15837899,12060258
442041,16419050
15045875,12129199
14287244,4344392
14019354,16146467
9498694,15809193
2130280,3945004
14948153,16142843
530179,12390927
7861815,8685631
9629582,6953704
14742082,14443894
2850950,4480407
8450839,14552178
14685328,2219494
14247912,13290860
7057511,13187209
11315203,2366320
15010639,16193248
11267826,14132025
9032493,15713514
8340603,7749808
7989047,14913017
16290044,10806931
9898268,7994001
9360778,9697170
15903100,8989943
9255674,16176723
9461033,8115253
15158193,8201742
3539588,16099125
1646294,16163276
12917375,11265894
6454098,11192909
841488,4510085
1574237,15616694
14980511,4576140
15688931,6081656
12835129,7409590
13822965,8001254
9994358,11499251
62258,7384201
14957559,12513335
10072447,14998597
2646491,11108935
4910045,9903461
15242202,10095822
1115486,3281202
15660476,6220911
16230873,10417655
512102,1256039
2058066,10401489
10467797,331111
14294386,3890457
47971,8907393
12897252,16555491
8758281,4085089
14990558,15039968
10352197,8816785
3277985,9845145
16372699,14534597
8893321,8485863
15252669,7647860
2239997,708398
15612410,13112033
3850897,14861937
4213437,2839389
15118567,1443030
16210975,9541934
16008665,14649333
302737,16519533
5393568,7986846
10645463,524778
15399785,6528366
13745673,8618007
3563543,9152355
7661214,3407873
14568983,12899982
1070297,5486061
10287510,10489058
5706804,12148911
680569,16356605
11582926,5459355
4817466,3796122
802840,2549851
7861268,4782638
15729022,11695279
8599955,15664318
4447539,559457
15670268,8046907
13796935,4534261
12474239,9797631
963917,12650919
10845380,8077396
15973025,2604746
2080754,5664572
3121495,41166
15055850,381613
10088856,7135451
8984973,4773735
5002957,15629569
7962468,6071328
15312666,8970428
3468765,6181052
16650287,9035664
10946869,3807807
6069065,1323135
2501453,2688647
3398947,9748619
7524719,5239573
2620941,6750288
538152,16029438
10494130,235234
11217445,8922207
11513999,7680478
7994995,15153197
13579411,9174695
15795144,14269839
13833128,1721372
250512,6909147
12186758,16204339
14793289,8030485
869206,2236463
1042194,8175810
5157193,9353708
16450034,10283908
2667199,6479911
9619727,299590
11633679,2311320
7910602,10249657
15564252,7779617
6298490,13869044
14341953,15406608
12287876,5522841
13037429,16589881
2102066,9768508
10865979,11064283
509988,12862388
9163223,15187072
1869398,15625618
1880689,11334147
12355275,4918404
7885025,380140
10477721,1567969
3326726,1343602
14182020,15130304
2563072,15934002
11190314,16307205
13895519,2788839
1226189,8382436
5072100,12821270
10803226,2829635
9830286,7171212
1855236,16024281
8661312,7071872
3694746,6308852
8621226,6165912
8034400,3288736
9470231,1643302
10535188,6573264
7620830,1808648
3153330,12345720
14345263,2967210
9219974,2106025
15807860,983231
2605198,2485608
14876732,12819933
12059127,4505163
10602211,11195858
16754906,12787315
2995943,14607336
9641465,13766786
10371244,12573090
10313338,1315444
15094326,5799761
14665355,14138472
1066145,1657756
16352253,3638644
4322309,13036542
3745387,3429240
5988480,15044581
1008770,15582689
10832324,12050596
10364222,5958076
9572776,13664038
7605138,11298184
16605560,8545289
8954696,16071216
6095964,2869285
10045012,2088230
6110998,8770488
6778487,15578146
6179469,6513445
15225653,8990339
1180388,9347779
4561224,6344025
12972441,3154935
2163903,16731479
9792422,4226783
7082876,3922016
2365172,3904113
739252,7868913
14158807,6776669
4290077,6809988
9516495,16523111
6359283,16223710
10934139,12287753
16550419,13699506
9048550,13520212
4601154,12612947
10380447,3761976
4360159,13935387
14278814,11378818
9788984,1527738
16474960,15952103
4560033,8289550
3287179,2292694
11220449,12514668
14962784,4857647
6578362,8865492
9889883,2450693
4989083,12150892
5209820,14981425
8473544,7457821
1727113,3252046
7794202,2892395
387490,6061074
14965837,4297950
14633547,3619125
3327446,14294886
2898248,15920273
14278228,6917941
4914805,16553526
12191712,9593934
15482401,9009876
2470441,5957331
6037796,5799114
10253574,2208486
7599820,4496568
5412278,1689646
14779146,7649780
4427645,14617472
7284128,7433376
398765,12357549
6397125,16136319
3023595,10023134
4101274,15706816
3578339,2643361
5383901,14396955
6194722,5217197
799586,7283300
12881699,4117794
11727602,4106957
10660214,5362496
8897343,3801836
4069893,4907496
15963308,14123184
15628911,6493640
384936,8823554
1855277,13739200
2703017,10490212
16530840,11569720
5959118,8258740
15189244,125786
4721154,853563
3101657,3114364
8893755,16282516
6560381,11134559
10700688,4128727
368201,15177269
2369096,2088785
14504759,11636804
14875432,977730
12453784,14053929
11275292,15180031
1007354,15501382
12711148,2146053
14863507,10467398
8880803,11335937
11032462,9089187
14028315,7487616
3277672,14684713
11149280,9555455
11669627,9512328
3601108,4299310
15092426,8612548
6497184,9644606
13888302,14026780
799625,1632553
11375481,5117383
3985620,10475719
12170258,3658550
6900844,15089284
16549998,2180171
13266203,9374754
1269994,2131387
1661062,1677994
4055014,1750443
1957396,15327907
15852550,12585417
16621975,12844809
15995870,16344350
14774922,7276542
921958,8890065
1656815,8397740
5856588,15653320
16327631,6393814
7205971,16150650
5631710,12934721
8052435,9181200
1676061,12185811
3400618,9022243
3115460,9026043
8031932,695141
9918717,8562512
5463679,2460686
16066370,7817977
15306440,15761375
7704479,16029970
13162533,6691847
13475672,3063717
3281052,6360768
1733705,7300865
9788087,717447
14322815,3730694
5864852,2803934
3897730,11531597
3368427,5793165
3993431,14571683
12747751,997972
5876746,12131862
9494064,10208947
9878974,11697950
10697643,5145534
14724860,4819596
6349381,11337643
7818337,10073830
12882664,9421949
9454987,7807586
3355010,7151442
10022017,11926698
9939280,15332021
5482752,8295452
5989247,1113471
9929789,15700452
9889935,16054699
12660237,7531302
11338517,4388514
7225580,15277323
8881505,10219458
14707652,3318718
1118125,7568801
4796725,9504319
4011820,7427599
11616314,4291853
2954954,6242083
16414337,3849729
2569466,9540766
15384015,11807630
166857,1098048
2645073,12924924
3725275,4068691
12369504,12356581
6681878,3562627
10053347,6631049
14434634,7630142
11149336,9984818
3666030,16415054
7398795,4458241
10163333,3978371
8726639,2490100
5830024,4067242
7156270,4425515
9911904,7711753
12897520,11985889
11245647,6482727
10977576,5591728
1266792,3247117
10636499,2299251
8550065,14388295
11688644,382576
9369821,15830662
13690774,13656346
3616551,12475962
7833028,7574461
2497465,11240765
16496091,1422386
4227362,7369499
13398720,15902581
14505603,10973399
5991024,6809927
14669031,443519
1875847,15738248
14196223,2597930
8309255,14592574
5147407,293270
14705160,10773757
1385289,14627743
3517498,8957022
1922949,983221
1408053,7428248
1308492,973941
12332876,5493363
11557599,14878360
8367692,5653683
4461576,13843636
673926,7330930
663133,4300767
2319772,9745946
14090572,9640858
344665,10289854
3609484,5111201
5316074,4281508
4736891,15965885
15963872,12477759
11527354,9545079
4921550,10149455
6542462,6134141
3097836,15952391
16628126,7610597
1479918,11524173
4326225,9601888
14707559,6819753
15824159,1348091
11208086,11080599
5346748,958281
11827463,787326
2896919,10504173
7768323,16008094
16038657,9285890
12628751,2043206
14907378,2508373
3439141,4886808
14626890,9140653
8511559,8505608
16726898,13698084
11842979,16397521
11212493,1348207
12417909,5575724
10802538,1149362
10920699,15539536
6812753,12036556
12089172,3405785
8838893,15009109
6379130,1746271
16219352,7093776
16057499,4696073
2987634,1300464
2731121,15797059
8913623,1058790
14218550,13292893
8170662,12094231
5675620,8731175
6279911,2181825
15008646,3991618
13269689,6683092
1636896,13691876
9530517,15850024
3990869,13012766
12158301,1857995
6563606,15994779
11401294,755896
1056395,11839314
10985613,10427482
4863376,16210885
11206964,174220
16690642,2280628
10488719,9392002
13431112,304719
15379637,16370826
11931484,12922529
14489562,10151433
16768249,7040993
2197226,12685450
3208200,4656335
12176211,14397315
9013605,11148152
12503691,15177816
7222314,5056238
4995860,11512929
7143645,16723516
9134125,2939435
15565774,13326225
3996157,15403707
5388067,13465379
11774486,976925
6510585,5704267
4060187,6682809
3116307,14787772
5103990,3316253
13879685,15185335
12536804,177820
5254090,131587
13946172,7965467
5220373,7087225
7493186,5143012
13926750,2149965
6321452,10024031
16108990,10285754
1551742,7431150
14926686,3653158
1392647,4756960
12969792,15243185
4316546,129560
10485067,7053761
14658049,10931390
3071120,3295924
12486177,6385068
6027208,10672047
12146639,5605772
4213993,1777152
5937584,9514047
11268805,12752342
12884317,9808953
3703156,15430991
16667467,10323787
6396180,14403283
5129556,2046741
1932392,12275267
7547272,2522636
1854090,15774781
10213493,15199587
387636,2997157
5962092,6811928
13323028,4307975
9598179,13807785
8586259,11805058
14831118,5225968
5132328,16090283
8960424,9431206
15072787,2876166
5614469,6636119
14148643,10237640
710222,9573241
13254126,4729721
15321658,11919084
2189264,13708281
1772718,15646905
10542213,1525801
7112529,1372396
13188352,15190043
5322908,19135
16073028,992578
1855604,12595981
1382025,1473385
13673624,13817550
2100066,4024520
2871451,16331131
12441587,6465790
12759143,10933320
5889079,9737480
6734320,8939449
16196215,6276483
10552839,6054775
918484,15494837
11985238,4606776
15340554,13300056
13706573,7741207
11381958,9484048
15508455,5868118
11921151,5213277
6504435,1154891
14164560,6059724
3732389,8081908
10767994,624521
16487824,16658628
11724699,12724583
2795414,11049087
6831092,9574550
9501529,12349583
2580302,7857955
15639218,16654024
5289938,5180877
13690583,6541629
9060403,14893440
14557481,1026610
13168843,11273818
12184778,5510169
11491964,15658570
9681708,600949
5461004,5307579
163674,4351966
226913,11446197
7864183,15296301
9605076,15590594
11351219,16417639
9362972,14132868
6923660,13115087
7372866,10586424
5039469,3003228
15737902,13292511
10373105,6158878
6157603,9993702
2016464,8015353
5938137,11281361
9616456,1591349
3486781,11238876
642571,13392943
3624549,9077712
9705550,16482645
13256060,1709606
11928377,10192352
12294478,5363989
13950733,10364403
5375154,15465476
2857733,6517385
2038652,15234756
732887,7300650
12370463,12255746
16123146,2231173
11277537,1406436
766125,14056912
13084614,12039612
13233160,14367843
8435797,4510532
15944466,5101534
11354152,3274803
3079719,390646
12090187,7151073
6475962,12009156
13150823,267598
15693905,10902856
9003742,2771336
2526410,15275806
13644664,6307261
5929756,7585489
10383984,3540549
9742565,13687577
4009095,11321860
5675135,3420029
11646475,6027699
10465819,16304294
14381993,6413361
16472716,16259470
1636781,15641647
16164653,167848
1545002,12483556
4535233,5360981
5482490,4350510
13619561,2140995
9638538,15326287
3679078,1394635
12413589,12177332
12631592,12277887
4131339,6187758
4440953,5163691
3863041,14841702
1430500,9813570
647623,3017231
1946132,7573341
16489886,104993
14879527,14192174
6392358,4309844
347273,12356904
10058700,11295934
4751733,10817323
4296503,5712803
6961638,9139754
2093276,14497469
11567509,16414235
7251678,2277548
877380,16285192
2391905,7245613
2302624,16271780
11598437,8137559
5607102,11555538
16007153,7363510
14197843,16724701
3445214,15841170
913227,14002282
8806766,16424765
3863728,5310678
4878175,12082297
11157973,14393072
5810757,8611651
13314307,14764519
14590396,15239188
866563,3898064
9455741,16205528
1276902,5156781
14966311,10940501
323833,1836240
5587017,2463987
7810967,5628190
16396269,9753099
11389019,1657653
3356442,6509035
6511294,13439917
10131835,9899488
110838,11246571
7564166,2008447
4575206,2039042
12501535,2086762
2223021,12235865
11663956,7972930
11144725,8404641
2347841,13016262
14248522,12493254
5973919,6194347
4824825,14673287
8854154,10274276
9008226,4663192
1835182,4695028
2792492,7769292
12384489,3109040
4880003,11498334
1944657,7083752
16741072,5994889
7621096,3921812
6775143,12379452
5430988,347395
15048777,5531573
10511702,7091731
7244561,6530996
6857137,3191243
10083589,952716
8827994,16003929
15722809,87795
5419865,10289499
8433592,6249203
9412683,11879293
15639591,13473759
14378394,15109720
13900272,3097901
5512513,11286821
2055327,16478522
9965293,270388
335575,11744616
11154348,4076392
9309285,15204897
6621680,9328961
4285121,3934131
15535732,11203149
16488933,9620718
14115325,14577698
3910406,9405415
11144509,13379967
8776073,12549754
1072299,16391521
14363983,12831423
5026140,5032568
14352670,11784337
7102390,2249728
9991685,5295841
3543172,4242279
15234652,14454099
3497652,1209458
4035035,13505306
7999778,4202930
15036764,2784784
4209047,6579784
7284894,7302012
870199,5252415
7140496,2909807
8287626,11561330
11696456,15290232
3329542,14461404
13265299,8320692
2098000,12498937
4833146,15150269
7221654,7260675
13315856,3581781
6050593,9279477
7790112,14850412
15478644,7638169
3852288,14480878
10221048,11451586
1286489,16338706
5299456,8551811
9693861,1237244
8151780,4788220
1892717,14585598
2732955,13614300
11276698,9959285
13254437,7809723
1952835,15939698
2279744,3652280
7534091,1612141
1116023,12874305
9789688,56148
8521233,9507821
10342876,13476382
13840841,4792167
1220719,9993657
14390816,2071838
1131720,1693158
16201967,6416162
6866627,4888718
8792354,3474637
7410958,2265213
6762711,9623004
12601007,13893128
9589178,5131287
2732172,9126806
10078355,8044344
12424231,15550005
10745835,11142332
19962,6635719
14399962,9684632
10576062,7770719
7186327,14477190
1920888,2962657
1223178,8997179
15761619,1575926
4009086,9268704
14603617,8321988
7592366,4989931
10159066,2867417
299101,6446036
16309526,877791
1736108,14732293
2869382,3952983
10030950,12654178
5164070,9879200
11024057,9877212
9848365,4795851
10969468,6250067
909673,3411693
3749696,14648289
10569078,2268271
5798765,12398474
3071435,7940173
14078954,8805930
16498393,11362037
6076070,12852060
4222414,2479915
6927321,958530
16519458,14806287
1826033,13899580
4919064,527202
14368901,14267135
12321287,16494300
6164858,1713645
5407221,6328703
2619832,3291649
15788302,9862603
168713,6366726
9321527,1311823
8204697,15410488
5560531,16561808
2636483,10474153
6277976,1787959
2847566,6675930
10956138,12498840
9646754,8900241
5015597,1587585
10045321,7426813
11114206,336526
6761739,14081792
13881826,15097020
5089496,8164202
7193237,5422250
2724671,16653141
12928406,13996873
16630698,10662446
15810549,16218123
15479687,9062138
15853036,7551112
3294686,3468062
11532925,8839388
7633171,1314682
15565781,5845602
9155688,13137701
13940670,10140584
6175712,1626070
6104990,13138581
16426917,11370499
883170,11467539
316342,13199635
11803432,6906280
14222863,6983187
14366646,16719297
1375330,5559722
12278533,2194209
14481895,10412479
10869582,12831273
4110800,15533327
3899361,1641675
10561470,3921895
7394017,11449636
1242872,16247621
630406,6985256
16173353,11477005
14662925,3461095
16118272,1462887
3381335,1117690
10922417,14994043
7766651,7321221
16187001,16336113
16114353,7069659
13354121,6679200
8118947,14257963
14159017,14625471
10204060,11892282
906598,7906002
11836597,13237607
7684386,237080
6322638,15176451
15596578,10175339
13478034,10896219
5985492,5661096
1401637,1839066
4150976,3152269
8612489,3886026
12335429,9344827
200101,5162098
2765422,8999717
1799566,1276169
12841787,5746699
9654759,10467400
1235489,13523457
11605238,15247836
8748833,839875
6226592,11539345
562375,15866849
3135166,1342206
16034971,7273166
15397258,9745819
7808966,11330252
9815644,3988553
6227614,13656073
3735118,9857145
14313212,3796677
1325760,1131341
16112226,7933605
13242745,1497602
12255383,3383324
6659307,13859977
6789965,959902
4969863,16191379
7319946,14128750
15046336,13266335
10138788,8848051
1759920,3310625
5633445,11738596
1188735,1406627
5625214,10309108
12037002,13706828
12407587,10138915
13574524,14321733
4672467,12583004
1265792,6440836
664565,7083614
7476897,13427714
14042980,11106665
13838397,13001083
12925725,14991423
2699586,9309926
10775506,6081123
75632,2608125
8160432,13715201
13097340,14104926
8959179,2773392
7142192,862197
3834505,6738399
12227353,10559788
11810339,6104551
3116225,5345326
7098364,7516337
257439,6201860
7766030,10048648
5177202,9949877
6331475,15474794
12309850,8212431
10029238,5455348
12682482,7134247
12542459,5784232
7296263,13135583
9934426,8506122
9679013,9520836
4174645,14693380
4242718,12590619
581012,6473365
15853195,1501761
2379524,928953
2023786,1362449
658616,8064359
8344840,2266984
1377562,10458487
12215610,8696040
10016417,10577749
8546068,8697779
5912292,10959492
8540609,6664709
1817109,16794474
6560874,7106714
12757697,6456342
16401568,9631200
3652492,11467980
3473309,11310085
15212889,7654937
7201147,6085636
13274926,5611609
12530663,14645620
8499766,10211278
6391369,15129192
14111224,16276639
1785509,12514742
8017648,1539310
16568006,2011286
11040516,4759522
1810325,650534
11810058,7649662
1188684,10937703
9965506,1087565
11787380,9765319
1363873,7062023
7342819,2190596
2298322,856704
3711060,584283
9514924,12107215
10635771,15805080
10587864,1914569
11578193,16429218
5965609,8840432
10122791,11291160
11552067,9163137
4259200,12849435
13034634,13996588
16327430,953952
4228051,10336539
8562182,7612782
9670546,10637626
6843308,12418369
382963,4455956
11882935,4856355
12843054,10725229
15171974,5509911
4931010,10600141
6442590,10432541
15914172,13652913
13271914,777390
9863218,7470445
11304821,3800408
2601045,2629270
8500119,9361786
11084686,2445353
4974648,15205668
13999313,3545216
11739678,2676102
14673334,13221383
14703441,14871432
15773786,14111049
8721552,5444748
13167434,5210272
4032959,15550790
10916667,12547127
10121052,7126939
12954512,8437056
13665849,4006163
12353872,2415266
2164910,5891240
3507679,2361434
14093396,13863290
12389076,14098807
5248672,10106759
8898029,11250189
12479423,11535427
2024828,9585355
825008,12312015
16166818,5691923
15625242,2365230
1223811,2477565
12889622,9970157
852310,10548660
1012455,16039670
6345851,14667234
7362549,15121151
9574985,13949778
6384313,7341772
10703729,69316
12881928,10640949
7890942,117399
10278693,14514806
10288509,2794333
16398585,12960312
11328523,9054541
2091453,6844193
16249017,2997786
14634140,9908581
8835007,13969257
9638912,13406250
4009048,13076239
7128801,8956595
2440425,11258358
5399101,16383347
2868294,3072531
16031371,2991576
1946881,14835894
14308938,126791
8041032,11523081
6116689,16207519
12098047,9483056
7099318,12005540
9150742,15781837
14421182,6487673
11924972,3501714
12340597,2117803
1483575,7926111
9393557,13751157
10669683,14764390
6801666,12585139
11772585,4783426
13638919,184780
15179387,7321255
1219631,8095819
14551779,3202195
4456800,16229086
14036649,6546762
3958642,732144
7427282,12058667
4185613,9522791
12674034,8235157
9743047,11691249
3425325,2981732
746401,7437505
5433541,3434667
1726806,3173090
1847586,12757006
10295103,16145507
4193294,12313786
14451420,13445862
9651255,3989089
9377785,1756090
4219708,13315672
14741495,3327694
10048882,224400
955631,3907680
4698936,910254
2254786,8353998
12094720,3072881
75400,13853005
6992428,16706955
2937373,2002256
4128928,9695093
5731811,16226559
10328064,10559450
2835555,7267752
286274,6576795
13527425,11477807
1354931,9840767
5928401,2126296
14748089,10194998
11781373,12257659
8642249,8925173
10389270,8460850
14674232,14836254
6055433,162302
14624521,398103
13524106,6276253
11629887,14494754
10654918,9106340
13360357,6800893
2325052,9376044
16702250,5846083
6002795,9286796
2809787,7186579
11637301,10525014
13828761,2684852
6849979,15984899
10478987,6146781
593976,2106179
13672162,12185134
13752474,1933903
3731948,2884681
4135040,14300109
14452262,495952
11192309,12492046
9855068,14208630
8961450,5775239
12734051,10205212
9415796,1266201
8716296,2427437
14579801,1139208
16263476,3253459
9789493,16158516
2768663,13512685
14877494,9250116
10750789,10008568
8051653,9313307
11154201,5029889
15711062,7858549
12279159,5813451
14448955,16788511
13168485,9221605
1576030,12795562
16783260,13328538
14496090,15419565
7130391,13220304
13455184,12177363
7296239,4051248
1488905,629952
3604015,1720264
269247,1672634
15083918,9540547
11311851,13891466
11213404,16652875
9271237,16249673
10848675,713631
10906910,9143306
2508415,4766563
14225466,690691
15190125,10627347
447597,938167
3204994,16111946
3551926,6013014
9087062,18663
14166930,11707581
9263122,5839784
6745672,7423380
9172116,1780557
1887138,2291626
4765086,11646871
2992060,15779095
13022214,8629440
4866805,3993739
11553340,8976384
7294252,11014271
16508953,6893943
12755470,519886
1861192,1348704
14383768,6184354
14005314,16533215
8602987,8240798
5864225,5247816
4832742,14629549
9554430,6353280
16661189,4626360
6156086,15828952
11307624,10367600
9430010,11559138
14284134,7641914
7840312,9365863
3233210,16156495
11353215,12728704
12863441,14078446
11359798,5652481
1953335,8089459
13005636,966757
12250128,7975192
1471634,10072315
2882605,3920437
1499344,4586364
14431060,8219273
14334711,12041894
873966,2379369
5962270,785974
14604357,7132581
16777948,15391167
12227817,7077667
13022636,6073540
7393405,9484303
14485902,9021587
5020647,2502414
8959235,1923931
334778,2107713
13483632,9721296
7404508,869481
15431085,9853910
1533044,7080555
1761485,5883394
10774394,11833730
6139911,2941482
2988832,14108950
2826344,7554056
9032763,7375773
1303700,13795179
4359459,12711887
9957458,12517385
11881515,16614804
13991732,14908593
15814144,15653206
1591199,16479343
10363850,14735586
5921812,11654687
525739,12674324
1154060,8433785
13685539,14187025
10102390,12582770
10598634,6332327
116083,10128718
7995247,833545
8426211,9560481
1091380,6487708
1236588,12630018
697208,15765040
13949031,6133574
15271395,13768057
3063718,11080914
3714089,1041304
1824356,3431997
16491075,3020955
16389483,13556035
15791805,2618503
5450121,4048952
9789062,5324595
10790352,15497339
3587361,14870000
12054388,6334131
9678369,7082189
1417965,244844
4273909,13193707
3194168,4101197
11533421,14151422
896534,1484560
16429479,4631673
1839487,12901415
14292187,12041413
9748472,12172744
4746696,5784401
9209026,12744372
8474428,2552342
8210837,11178916
12421933,15715309
10091764,14399531
13946596,2127992
16610686,11573695
12705577,15818792
11479516,11028225
2307322,4867536
1685708,3922639
2770481,3571313
12596743,6247207
16676557,7857532
16270481,16300266
7512478,7936715
12986974,6618202
6650022,1110481
11719507,2029115
11276539,6649293
8678058,1707375
4599683,2160470
12486323,6038716
149662,226971
8950489,9924357
13337618,13897699
13403837,3603930
3127315,5468044
2297847,4929844
6292870,2585929
14800303,13719210
8716502,14979653
3143131,12743199
2386520,3277328
1577204,8991041
15689637,7628838
11530337,7174556
3912538,222752
16739023,4606528
9080635,11879110
11533017,5426320
6290195,12340436
12135416,9823056
14085572,9804462
7396649,14123811
8983238,11980595
14281852,1294242
12200758,602346
15235098,14340386
12370231,13319547
1364483,5936983
14590122,9485012
6177432,4477732
11993523,8303054
12236649,16707511
5757683,12334362
13185203,560943
15497830,7695072
9453482,10495146
11946264,938549
14459396,7401286
8195968,9705186
8495123,3767932
9631267,9329967
12513784,9860202
6232983,13138640
15084571,16477070
2442489,3104411
1748822,1631496
11702014,10807338
1539024,1694529
15304034,10227956
11284405,12763042
6564865,1445234
3393675,11841107
11007122,3131173
5729453,7752719
2334671,6500496
5459208,6882733
5822464,12730062
14851230,14772181
2888960,16203418
9819530,16420400
8930946,4555386
6283797,3270412
7087814,9979515
8656330,16756667
6812475,428728
4365477,11148828
4015699,7995011
7740100,6330105
7044067,10777829
6779617,1488605
1115908,4753186
11847042,13346965
12707692,3787414
6932115,9653270
9750388,13214550
13451873,11036748
15125508,3031081
8562768,1083914
7606429,12851773
12396411,14058892
21807,9316921
12354420,11479134
2665246,9817916
15711529,2037510
3327204,15240667
15017078,13206305
4877506,3225769
12422746,10764675
4290888,6075922
11735364,1572431
16742575,12269701
7220908,14959812
11306978,13013722
287282,14551659
2123728,7256134
10945590,16667062
13549921,9275130
8537110,12978721
59913,4185614
2529254,7116965
13707053,9749635
3324868,12829663
5809132,6567723
4508452,1925015
9859992,14284109
7556536,6820885
7737941,10661175
2548480,1827164
10759373,10599978
4625213,16201547
16795617,1143884
11601857,785872
9862079,9897041
9126068,7548655
6137689,3561047
4185712,15939624
6278293,12863376
4522504,3854844
11355949,440270
15035018,12449250
7572234,6865306
12631526,5048463
9231946,12848908
15032510,13445942
10676839,9170778
7807446,3662740
6697896,9021732
10203065,6518446
12164453,5827520
10334482,6391284
15417041,15403918
4489002,4143941
4338956,9028740
14084103,8396538
12384017,4351079
852575,116644
14927106,8725823
13202611,15120973
15191106,14589005
12780329,2938044
15347940,12033754
4127460,1307776
14292228,639709
9018296,14769325
12690852,10720215
16767017,9367401
11029840,15109488
4996882,9816705
590453,3641764
14596,11709926
9091278,13533455
469430,8712826
10036681,14451871
10931612,16512457
12180534,2791626
16314649,11036653
12843652,12641349
6462981,12757999
13000304,11354722
7259325,7536505
4944496,8830268
3475056,14515461
14667246,9095683
6489840,391838
13000565,2046235
1457168,5184595
15858786,11188678
9589838,5336261
11811472,16786156
7655676,15715438
9802285,878780
252768,8169012
16520219,5160458
12776561,13561190
5008755,14348760
14186996,14647089
3387625,3488561
16161209,5510173
13485246,3943615
6246115,8915069
16255102,905762
15266867,1852805
4363278,15766584
1645254,12889839
16515016,3116331
8943890,5639878
11313546,14086824
12682686,9223156
12810623,14501835
15178714,1646575
13925582,13665952
6096673,7258359
12841628,6642463
4469398,7917861
16790230,6416556
13906199,8806238
3725911,6378418
14712930,15413687
12134060,10519650
9482965,2898707
11315861,16020785
15139897,10529763
11237484,12199775
5566170,3054612
12789120,13223433
15603876,7826121
8662692,10340820
6017392,8648549
5759192,13518838
1405891,3545436
230026,1612123
10624405,6998535
9056479,1299432
4290239,5976650
2656541,14814343
15958886,4941918
15033960,12815243
6113695,1875055
6873567,1594640
10278580,5418496
12851514,9631931
12325635,10550648
9096985,14380530
15421253,2974997
11255067,926564
145120,5375422
5620187,15142544
5000807,9907948
4573069,15689849
2592447,2882328
13014870,12566050
16210700,15086538
8033669,10612414
9710138,10073524
9474255,14565471
3884775,4429245
15382904,2010705
9653878,7854045
5450877,12734257
12077669,8159265
12429927,4476250
995636,1153596
13383550,1485571
10632869,6221290
7134410,4541408
13058994,1660728
15256685,16653036
10518412,11087686
15463156,14121070
7058837,8767275
934125,10533624
8695516,6102305
7616839,6842567
16306511,6406396
16015331,10995995
11570937,9232314
14128624,6538490
2302101,7255717
12358835,3897780
8803352,6642568
1451268,16079412
1456328,3192215
8531306,10096231
16645088,2808087
4527875,10045074
2410032,14635439
1255636,9077783
956873,16364138
15244490,14254144
12061847,2046084
5259681,6045006
12514836,1384714
8765642,4760775
13566441,558537
2996736,6942625
12386098,5133312
12074478,14819424
3884858,11134334
8201707,10613068
7905259,2080422
3607100,13787119
13710773,8123583
2859399,15963903
15470119,2291471
4495306,4131537
11873393,15193448
4658293,6937246
2115216,2027624
4473069,7521620
1268889,1713802
2972668,2587537
6289826,3362292
5346085,5389381
126782,2144156
9238837,9411761
12994369,8232607
6635046,2867610
16190287,719893
1562051,13219743
4716035,16311349
10395920,8574209
4363119,13083165
13311615,3578749
7355202,9367527
4475049,16376808
6574363,9480495
3354362,8350987
14456681,5708483
14730310,418317
6678873,13491743
5886590,9923653
11047000,4580678
13617346,1044302
3359317,8436057
6818611,11294184
2332797,16020179
1743996,15810041
10360959,10267113
6545334,11633254
13549014,7091357
14158093,7274219
5901503,7711576
6558337,5217024
7746145,16339349
544614,5711034
14969411,15824329
15372934,4808638
5124896,10175161
16366651,39954
6229848,1178651
16681384,3043111
7283948,8995565
7448691,12686963
1808078,13453405
323517,9287952
6434261,15067096
7493450,16415037
781482,11168571
9899295,9362089
3419482,4330879
7598374,9600465
13978849,13561356
11197109,4267749
14835480,15129920
12638668,4063898
11918538,523613
6886536,894841
8150413,6370968
3139589,5867900
6942919,4921556
6976057,3329904
7819182,1332264
7784200,604293
14094586,2750841
10487689,14973923
2240352,493935
13778521,9108783
6084788,14315131
12213461,14631197
2074337,8712233
10761362,3232854
10182073,2171985
6190993,512235
1249699,5483741
8331794,15049445
13945154,6029518
6414544,7312004
7510518,7672536
13944678,1292768
12439812,1972492
11303430,8535469
9952349,5356937
2660613,178003
12674807,10473419
12441554,8732064
10605897,3787286
4818614,13936146
6987566,1212880
3341176,11862931
10443313,13094713
10554988,169299
2324621,10090674
4295607,4837702
15406158,14779976
5004954,14958976
4017692,11514328
9974662,1997460
8068661,6429953
12744039,172300
10028963,3610571
15678681,11644880
12440501,6355060
1933011,15720071
439910,11964770
14283847,5051654
13251530,284891
13960234,14648059
12758782,11013132
14241536,9734438
6682819,11379865
15637760,390035
14613309,3768967
10403091,2213185
10163911,16497805
9292150,3960556
9363700,12636393
13842074,8879185
12220457,7881934
12371765,13328222
10410649,190580
7496738,15591010
9824514,1197363
6254304,7610371
637444,11707522
12891063,1430500
15297574,10772993
13521687,7222770
5543519,11902151
5142607,602867
2634153,10924799
6787000,10374516
9066467,12744467
14241442,4901128
16371327,1506053
3912403,8485738
10407052,11949631
13417202,3865876
1022584,4290871
907095,7042247
225672,8090444
8649228,2695929
11055402,10662804
531378,15759303
16761616,4100705
4245361,6691968
4249107,9700611
10812965,5089033
4981547,2922456
12973240,5393455
3419951,15138082
10479410,9416642
16053004,11701028
6231505,12056705
14052383,5084411
3081664,4565491
2080254,9227874
4417013,9169038
8305106,12469881
9390967,1277414
1737473,14059714
11683345,7148063
7811826,7118127
10636177,10227125
3101499,5124137
7527887,780382
5787949,11301401
15827033,5200086
6481738,14919913
7110429,9175043
16424302,2960523
4163710,15113260
3072746,8567769
15744655,5631512
16512439,11735698
5006292,10901904
186078,1966212
3336110,6932341
14424531,4408610
7608192,10884965
10334118,964655
4348615,15585302
2635122,14128825
9803214,9287276
16211831,13590618
16273002,8773379
4888749,9281976
6546585,6702121
5406635,16156802
2055699,14804574
6424967,10152000
11595200,3431908
1381046,774618
14054479,15286444
5519786,8112069
6604318,8590130
3387439,7547069
14200351,15441290
14648644,1172480
6059786,12693598
7967773,8647421
10594607,13812269
10099056,12046664
12680025,2366568
11624944,8432289
11928596,10891333
12341599,9260858
6784380,14190426
1435900,6151472
2313005,15966842
13946407,1730341
16303221,7939050
10280258,9080002
16664689,15648621
13218017,7416399
7044059,1214001
1416469,5494086
920965,16183558
10982836,5051528
14791642,16560967
9616378,15766812
727050,11225991
14012585,580861
4347691,9863777
11593284,4145804
7262394,3450524
16381130,7079118
48496,16129114
5770391,13428376
1245022,2303261
3801885,10422112
5550912,9265164
2884895,6259783
11763040,6269695
779941,15201381
8363940,4087464
7534341,16409550
12270094,3844281
2533832,4254133
14114025,9606765
8930384,1303628
15762213,13141483
11192292,6554638
14896601,9428308
15115492,3191587
458895,7336619
10951477,4714671
6244472,14291752
16087561,2372245
2455080,388743
1923216,16018875
8161869,8499780
4981432,12154531
186670,3956264
9641629,14603279
2820443,621008
4105635,8513404
14936312,771718
7121715,8970707
2952364,13027915
5695293,4386476
9060254,10049402
11053482,9519280
10080475,3050218
9148850,15257848
13157662,12675277
10942337,1152196
402906,4520935
7930859,13302434
13848485,134860
2131760,12614409
3809733,10544560
4000030,14177853
4337168,13007304
1070937,6883662
3446904,15528413
13404097,14312470
4611642,9553658
11832937,4499451
2826387,6944745
1965541,6013078
13278557,3662158
8441623,5247413
13388789,11061204
11708921,8436253
6406582,2664244
505093,12677193
11397294,4597444
1765096,13890835
12668531,6627443
13434294,14025466
10327877,5525877
5194372,11633778
15238046,5321158
14424131,13974194
16605355,301723
5685662,15818719
13929599,12037008
12055970,6024280
13521201,12168761
266445,14216975
3680202,3220306
9651414,15498021
13526037,1151567
16014744,13322374
8937460,7325390
6329950,9799563
16313180,11592373
16580241,10699627
6468034,11539641
3643038,2687009
13632429,4555748
7520333,8787888
10936173,4546399
12297203,7784428
2489603,14078885
15201018,6480193
14799834,10594817
16054686,13186776
6388081,6695811
7197653,10542931
5861300,15875945
15164893,917238
4710696,2508720
10422512,11825681
410954,14278533
7135101,11772335
10947954,14457833
11552904,690319
14943511,4242740
13404697,3527622
15675818,12959999
5022329,15743571
4766117,14126427
1083048,1513991
11805517,13908158
4358925,4992097
12796437,2291008
14546411,3308005
16134522,2147880
10502902,2277202
783615,4887691
9298841,9648803
5587868,13918102
11116323,10100073
15294357,12381563
11670728,3078713
14623522,5651005
15657675,11596852
7939544,15075100
8554822,16559009
6076369,2033249
8313930,15850046
5680642,1757438
15515170,14347629
3460392,14067666
7262040,6230716
1135725,7061508
16428790,12939452
4033756,9858365
15045578,12251672
4703858,2438021
2174496,7012468
1632490,13072891
7870979,5670532
4125576,9541723
10529530,10149913
14588782,2576030
8982461,6215340
9936853,1676375
15459536,16535581
16712701,8557532
14193096,9562338
4571100,1006275
3196423,11677948
6647027,15592336
8319945,10236924
10866328,1287755
1985696,11113728
10362750,13473951
11930347,13045646
1590746,10027063
10931637,13546851
12925447,14870365
6991934,10722186
4091105,8556753
12437408,16095380
421668,14369404
9651973,9376537
12682211,16504784
11556704,1180219
16300259,3855835
11005309,13370439
7549634,1014883
14865538,13582179
16710949,5859821
2000417,13447407
3036082,12631403
15866975,5077333
16376424,10094355
9671091,4274394
3729743,16264900
5693056,3242187
10924930,13299075
1769535,1234109
16217101,3135598
3756543,5467320
56289,6718703
1484392,13459384
9669004,8777428
13899730,10313383
16500173,3886551
4986741,10558571
9268287,8951307
8546795,297071
5645269,16158389
11353519,771368
7661400,11633660
12080111,1593973
2558544,12955129
7077930,7525068
1256902,633422
9268512,11810399
14297031,15002656
6675465,4295787
15366203,9105857
4653673,15809755
11451240,3931922
15794832,3232478
9340017,11176807
10764988,4673623
12770846,6187518
15106728,2362515
2454113,13298897
8505721,13932495
1050803,16753116
16422288,5601620
15042889,15674577
14749776,8762261
2228564,1773415
16407252,5703932
6611378,3061421
5836596,16553332
81461,15871493
13403100,15582979
5738020,10695229
8566241,3870119
2715229,1363071
13398874,10915784
11603420,2201041
10716726,3563160
1133396,2636303
12492018,15160056
6069382,8449399
7132533,13208956
11391453,602506
1109704,14725791
13704596,5821008
10745489,7117294
15998644,8295289
2670046,15305622
10379004,8903876
15724106,11440905
4423347,8428620
2763281,15616072
8484514,8890730
13228983,11562971
10525668,2913455
12599216,241927
3750264,7720334
181124,16647641
11914471,9824086
9166844,645453
13665297,6328924
12387469,5843964
7030134,13902362
14448409,11603462
9505610,9250365
5635882,15173018
9343898,14370524
10210493,8542861
2898039,3454896
6811892,16209155
16787194,3468971
10537,2138411
2212573,10186807
1885553,1540026
2464397,15825158
11557786,10924341
16125693,2315332
727425,479841
11980718,12058141
2911411,7711394
9736546,8572631
12316047,7480660
8451921,4854900
15638934,7279503
5564773,8100162
1611845,11854039
8899875,16602863
3383511,7996778
12285257,559162
2468778,3842251
3021957,9082003
3779985,7051763
9871660,10811741
11856761,10286252
6500003,13075031
11218768,16651135
6067305,14389139
12982290,14990243
7012958,1874941
14062361,2819605
418460,11877960
9864881,15927712
9891265,15458038
5049307,3531612
12083770,10547886
5174325,5841628
1010411,1831921
5376052,11084838
6585799,13864709
4735841,9452973
16153585,11577969
8469298,10330522
5021889,10787300
14995778,6691756
4317444,8658697
6872808,11430172
4634696,12084616
10304921,9168746
11067031,4542801
4322957,3485850
767437,12634195
7461624,13317751
15479936,13883047
8052268,13460329
3571694,7677183
7838011,12857329
10569398,754692
5536551,8904474
11189870,15203399
12707854,1273316
4838390,1862121
5984504,2874580
2607159,230494
13481394,14703739
4839685,6868874
10543433,3776173
14966817,9812904
1720084,16625977
110907,9539469
4822330,5676352
6695917,5753082
2999913,13954738
246609,6105817
3815708,14394193
7676772,10731137
15124858,3323356
15478408,14553607
8107852,3908643
4418730,13342802
18102,14156540
7072544,3275866
2603126,7723866
559355,2312137
9186366,2754390
16203197,8555635
3203955,5355928
14019334,5384709
13234118,7182005
8388173,8072580
16133533,5734196
10046799,13495501
9938186,5175750
6485956,8884509
16118979,3648044
10032555,4389402
4363058,12393966
7550889,4530308
10759563,62699
4803602,12884344
16767250,6678253
11785435,6250709
1638259,16737877
16511648,8456364
9414730,14614544
10854150,14214054
7587641,14803883
8686703,5446413
14163115,12539548
10412863,11344765
6916601,14390550
5225207,3463885
16050754,1300091
13830618,2975402
16684963,7817644
13406612,4047854
7706807,8443196
13585765,5161697
1072551,16354421
5280792,2347467
9372964,3449258
10369967,7286999
11594432,355714
15282026,12034313
16180961,4816890
16045105,7654699
9869844,16405836
12159184,8017586
13567641,872989
10415868,13980771
7447332,281765
7713298,4992725
1860489,15288484
10061534,4455163
5946077,5278746
11352776,1360653
10236846,2806355
15751570,2622939
14615632,7936905
9156095,15004964
8233494,16469038
3780263,15865925
8968961,2424315
8083923,6418725
3232038,6252837
8223468,1193365
11324514,5435586
7271912,7645841
8883239,8290814
11510717,16409293
8452426,4681460
1739426,6494203
16636069,15875436
1255331,12962177
6513480,9238308
5692445,3204749
3858675,1575081
3210016,6329843
5374992,6970879
8028176,10828829
9661757,12305219
1983322,16475431
12183506,14852161
7473502,15949679
10577499,2635707
4030868,4790254
16185846,7161229
11032784,9866730
2472486,8372731
14672314,13956852
11741819,4360855
6335575,7751220
15881354,13059117
10573719,16063274
2321435,6090877
6928262,9116412
2158854,1023604
16349903,8438045
14376398,5647462
3282608,16519715
16576984,16789461
11543945,9379268
13204079,7910714
12568167,11670176
3725925,7434290
8172495,5433881
13818458,713312
1231733,3252278
14997676,9497449
3990219,4065830
7303052,14609334
4522037,11142162
13905715,4886917
4030420,15330585
5963314,6556127
9482469,8233534
3009874,7523916
11135888,13292510
13171072,4890788
2088422,14070553
1755120,14268884
4948695,9755025
4051147,11829828
12453809,35998
5804245,15806040
9974714,13663266
12318921,13759132
10919950,5879051
14721212,3878445
6664870,6972428
14109294,16108646
8175340,10942533
888634,10282697
12162416,6377822
16401285,12334327
15435800,5141153
9372546,5361961
16224509,13457941
5439698,6117245
9441220,3787735
9950172,5901536
16406139,5467186
1137064,7114521
13938123,14958774
8438151,8410201
5240119,4297361
9368231,1203351
1261480,6920751
14693015,12553262
7975678,5325646
2945762,375274
11625369,1815249
16477753,4712090
4187780,4232477
11659244,2525775
4412405,7017830
4820388,14715493
11428012,219448
4422813,193087
15855877,15646249
8477924,15148796
5283314,7152173
6289724,5508796
661703,15880377
12841546,11492440
3586014,1308596
9660502,11465604
7853689,3720975
1082999,903702
12937038,12677329
6229352,10589225
2245705,2658607
14650459,3164842
14239920,15051410
11357617,204603
2366130,4544256
16011272,12181211
16222800,3841513
9077968,10064490
1147843,6378408
10721897,3935090
12844371,8069012
7331692,11197246
10593621,12466285
1683195,2567778
872299,8851897
7749436,2092415
15466766,14374566
2838119,11305203
12436238,4058441
6554898,11544282
7016720,8794334
11759556,11568069
289541,4277862
1717313,9432770
16023231,4376496
11535199,5796333
8567292,16625239
14394194,11014108
12610429,2244594
5014518,5882782
12508470,12547534
11508358,8636482
8495943,298040
7954628,15798087
16063215,2789157
3996035,9483099
4224152,2987248
552457,16505148
8803298,10089626
9579321,12999291
4576184,14598242
9566926,11590691
1553935,4142935
14125405,16630012
2614628,9083460
6110792,12361063
16678285,12072636
9251855,6842531
15863808,11176114
9415216,182547
6251331,9250284
12150133,8163087
13341645,16397330
4807797,14331816
15430348,3004293
16008378,7721699
15993253,14815798
8559659,10540729
4368019,8938117
5036672,5164987
689626,8466401
1537577,420398
5679696,2260684
3457463,2322950
10361505,7040299
3816858,7282860
2508650,8140799
9329185,4946854
14409821,11808884
9412562,801704
9189634,11305509
6412015,2580336
3843459,2679227
11691492,13733481
2967766,14161608
10176089,14113677
8947391,15948235
15726220,10073186
14688780,4101685
7064881,4351849
610926,10255620
11587235,11516920
16564092,1810129
2278645,9244963
5893305,1212450
13043133,8612306
12919218,13166475
6380546,14425240
185400,14138352
14423986,6059990
4191276,4409160
6561257,5653812
8953088,7837913
13701574,16238132
9682704,13925564
7715622,13589511
1440850,2052001
698529,6686488
11247967,5309315
12157371,4576618
248254,9426294
835251,11875352
4440308,13896022
2225626,11998982
12296256,7071388
3589768,16673027
9664,11018216
2730409,2550394
6240429,10100039
8778486,16235126
9553197,6656945
3362659,11897508
16072150,9764079
5655371,9742000
1060030,3199439
15899313,2829691
10429748,1412368
12290595,16746106
15536958,4565197
15843694,5365214
5499115,9501109
5348850,7165686
4243329,9137971
13954035,5237884
15509660,13599256
16249041,16055404
12105488,7712695
13473315,15731747
5386013,6399667
5481709,12459147
727894,9127100
2861700,14453680
11788150,16033073
8719595,1516261
4922240,8836516
11289094,7541617
14254128,246827
6974262,5676650
13111917,10466843
11863521,10592740
2498903,13588199
3583628,13524880
11273014,3692809
4168725,4494984
5313502,3650859
12020908,8410054
15063699,16660890
13023348,10636765
1142419,11020069
9386439,12864073
1353398,13981077
7455671,13160022
12469498,6182768
14146731,5885192
10660390,14413167
2970388,9999785
7517584,1493296
10457690,3181918
8849612,13823921
554980,5765473
5803700,6135359
11897744,2777868
16505592,16674772
4754020,2132158
519454,15121755
2314294,16150073
1379279,6273868
12881292,15877497
8395863,14562477
10076614,7347432
6034816,9959222
5174019,16169191
6498034,1669299
40902,16390859
12574077,7072016
6344761,3629101
15723659,1332989
3839258,8724186
8093055,816131
6797376,1763001
15754690,8859877
7638285,9230692
7503291,6767145
7610791,10040117
3508455,16697190
7790889,1836226
8056935,2582720
11024196,8499994
11858275,1132149
16063814,12946562
4369263,12396676
217356,1672772
2631086,14485494
648944,13982349
15962067,10924928
14030545,3091314
2507303,14891581
10039665,6280990
16463312,2757176
285155,12000592
14492202,8103718
4102088,11000822
6080380,5437191
10808203,2846967
1765467,13512736
8007941,6248923
1611431,10905932
4875044,13890779
11581597,14391124
8165747,10367608
14532374,3074730
5435561,11967594
10089532,4433790
10017833,354881
9209754,16200452
3322507,1115394
12160010,16020535
4791426,14250766
7760864,4928919
3568481,8632804
13295759,11562400
6706914,9428330
11221571,4852674
3799332,13772180
3284691,7241652
10574565,7075033
12473593,2452594
15109917,12743078
13561256,12198112
4201194,7153912
5486278,8866891
13406306,7977899
13060522,14019641
5200435,1337542
9341659,14491729
1591319,6881668
2773974,11778689
5821060,7478221
3840433,14355544
2870920,15241823
1097807,13431541
8250046,15053010
3445415,7387296
8092771,6732180
4835968,7322013
11722923,13051064
9428869,4833638
13559995,16251041
11825707,14356105
8386056,8050169
2968070,1358704
15327444,10734243
11128035,7586074
5217308,6026256
15199678,5788813
11575476,3876303
8205738,7399594
16274842,11592079
5121519,3968928
8747114,371993
14588409,11370480
16511646,10069247
4886575,13129316
10405082,4989406
15950826,3876119
711929,8785777
14921176,13010599
5347956,16050225
10803973,1973578
4898033,12985884
10056595,875919
3347014,2286094
5568139,8240426
6714423,8218237
12491094,12762502
10257922,11031592
6761799,12955958
11509337,8659436
14914256,5921440
9458030,570981
13477370,6715618
321411,8768202
2698119,1883373
403818,2560805
11218568,1199072
12070118,15885193
7133781,16765285
4437461,16208291
8324071,6742526
6853293,13245284
12583826,9960931
2304729,3912936
15909042,14613928
279024,11183447
2033424,7989335
7276458,16146381
15031767,8237086
8138734,11233411
14329295,1395684
2067254,13204874
16718008,6777292
2279513,1637000
8511486,13564850
824477,5737689
12921972,16255174
15691700,9065056
15158713,10691623
12139514,11524236
1584570,578851
13544117,15778715
4146140,15209103
7780298,1266688
16331219,8780624
3051526,9828134
65965,16063976
15229379,6329256
4264523,6969992
325392,7654962
9292158,10108274
16033667,16771700
8806680,8570116
4926744,376598
12778116,14927264
1021887,8982636
5578273,13070282
10874002,8400462
11351741,1184734
1462643,1695817
8806602,1741308
15627138,15255322
14244184,7933686
6438040,3629417
11518631,16705648
9901576,13192480
5935419,10617727
15118718,15438442
12359536,5951002
10754688,8790406
5741854,751952
12832488,6402598
8883697,11606781
7959311,5488629
1352718,15061896
5583950,10047538
13457443,5034272
4105575,10843405
5713110,10320663
10732691,8496741
12703136,4781747
15645329,1012289
10326658,2202672
2031196,9794758
12870751,7610256
12645663,10530542
728424,3702968
8915380,5016671
1240057,4516442
15476862,5114979
3784098,9709414
11240169,5595539
7923677,4100814
16750721,7302716
1912681,13304403
8290515,2544845
12320798,653361
6229598,15253246
15099032,14813193
5174803,4221098
3616949,15663182
9251607,12268546
2666384,2885584
3464743,7374140
3910155,8499852
3603948,10589987
2798406,10144412
6845737,7727100
14728077,3439934
15908183,572660
5304928,99547
10142617,16011069
11882645,8896494
8862660,3106218
11254280,3068384
11574109,12323226
4729593,4667995
5689990,13832107
6232447,13016748
949803,6956745
8159006,11328968
12616769,55354
8377767,13859168
9512691,3801149
11540984,10244988
13324541,13039204
2463301,3329149
12179574,6477995
14395578,5755533
2643957,63366
8703508,12516186
7335290,813736
7770168,12683960
4256073,2025532
5441165,4616800
7132377,16180858
12964396,8943130
12807806,3076555
696075,5535345
1868154,691520
16672285,8920636
15889020,5934453
12158084,6986627
321473,3667411
13091612,13075652
8906196,15260807
8247872,8632159
6836857,7912983
3950968,9875434
10640033,7042031
11723861,13321549
9134086,8863665
5578616,10647387
4019095,4420507
2062812,3322309
15557950,12783894
14977893,116215
5571444,7879351
11642652,11887633
10640596,11029615
4369777,5752625
243558,5835793
9345542,12754214
14161852,10100694
832059,3633619
457336,9357255
10415270,15477190
10700592,3692777
5178766,16096635
13137554,7313055
8122804,16579826
13581168,4387182
8336953,15282393
13094170,14679813
15113706,7877602
14425531,12902314
14631551,14324079
12110064,7754169
12036767,11606605
8235259,15847199
997438,768835
1219346,4658309
13198737,13043395
1683785,12027005
15194465,7261652
11518734,8524833
15556710,10581341
8883147,12357625
901317,15362857
4298839,5245581
15009912,7750709
2360776,10406280
5032118,10350637
13443732,6769944
13917725,6096989
14587552,6518008
8550640,11774584
3278878,7798449
12843485,6076181
6110592,7603193
5765311,1235860
11632481,7818009
2531581,13706486
1209649,724911
1966810,1420398
2482852,10825028
2349304,7613421
8933658,13570215
11402785,2552610
5529434,8990201
6352620,15116076
11103816,807194
8533043,4722264
12826724,7518884
7787407,12398597
1728707,15006644
3252141,6372302
5677180,5911469
16471926,14755823
5800116,12907595
11945180,8518759
12956406,16602746
213404,7993751
9604240,5284264
15588477,1194125
15491802,1927398
14675900,9510027
1075683,6910231
2961994,3646147
12060727,12845657
1128454,14976663
4401453,14752613
2120642,15837251
7373857,10441224
15623024,5593013
12875765,4521215
8492242,12383823
6428875,8354724
10753836,7423747
7964200,16215112
3421740,16312159
5329739,11381697
4740470,14047522
7159110,14181801
16488423,5439318
2061636,5889787
11250602,15040799
13633232,8673655
16197977,12121781
11987848,1035180
1651900,2666976
4235657,12983524
2448967,16162089
8476500,4129722
4925843,645052
12971752,6923285
1314640,6454906
4479694,3485507
11945104,6872327
338732,14752287
10179494,13689392
1298687,2871209
7194055,12876777
6678416,14951973
15475614,2078485
2439558,11704596
3596023,15665811
14883334,14379295
6843674,1729136
12548213,3178309
10343727,2228853
11306718,1186141
16472133,12667256
9128026,1507995
10323507,2684270
14674077,12029254
7890118,1684092
9968363,1956689
14948945,12670608
5221283,12687784
4725299,1606580
11912249,13829177
16548410,7994657
16697622,10685739
8015020,15907465
583725,12588727
747656,10080787
5378209,2011761
5466167,11596528
14224403,13085280
5493096,10242151
9912632,1661977
12766691,8757512
5685646,12886359
5440468,15045371
7160009,14973908
15383224,6233740
6844650,13043108
6019025,13616945
10704571,7774388
10506962,6469163
15651080,7079425
14296144,16330798
13718764,2407460
14692886,3872931
11736436,9564851
14296288,10827107
5228370,13068830
4406100,13110709
2164963,11207979
9607128,3863382
13398641,5217500
3403501,4388210
14348863,8069381
2614195,16552892
13773250,4933379
1045361,8498333
8154700,12180564
5257402,14458159
13605007,2598588
6021698,3895097
8678024,16736231
15780432,16379705
13165062,5293313
5400154,917530
4643196,13197024
3339686,16430757
10606375,4101306
7749655,1150845
13452120,7224322
4849881,13777576
6593005,9357768
6608877,9396157
8743261,9948355
11962787,12626889
13176812,10109597
10626507,10703663
5010132,5563538
11997610,6285829
11484781,78684
5935053,14745023
6702442,12447937
11555331,9467990
9152941,3087502
7944612,3603229
15200549,7763787
1614849,8351108
15108016,7356183
12942277,8081099
9703471,3069196
2221728,5112911
11941086,14294112
16183632,3920666
13129966,11434028
9902436,5568700
14435976,14440568
14413949,6442197
14916914,9620245
5498206,5475933
13481656,4154200
9527102,5762306
8856215,1906117
12582886,8269745
13746687,4923521
7738933,4050385
13021772,11260661
12330760,4378371
5114163,2570981
406340,9263389
11691446,9142428
10138014,9489105
4343017,9914371
14334258,14327475
3911155,9016940
12371024,6069952
2561885,3435599
4875841,442643
3174892,15582975
479317,13932771
10340513,13714067
16021938,6187187
15803219,2133134
9584843,2724390
8455734,6094011
5566157,13097878
1148215,2952133
8447440,1630331
12905281,2789574
5024153,1037885
9174556,7897479
3243253,4158575
671231,4201341
15169694,7931926
12157754,7606509
4194525,13628892
9982796,13107753
6020416,15024638
10620021,10132019
15704459,3451554
10090857,440890
8932219,10168173
3098031,13106425
2577547,16458597
2725118,14702552
13883998,7384846
6830992,4635455
8842186,10708383
9393970,15232850
783928,7337503
12139338,7340092
16719374,6896354
16043481,15334559
8869764,7011515
11935474,270427
12682711,11921416
1842162,4314882
13755883,6203809
15214834,15864703
14341996,15000779
12454422,11723619
8985793,11933438
16453531,11526725
8696371,12283626
7927479,3137311
1913301,3123950
1362137,4482923
6244031,6156923
1359440,8861792
5240505,4047026
1005539,13527016
3417523,10802876
1034869,16560982
6902459,10420330
4870413,4538433
6543733,1470547
3965144,5796282
15636817,8085403
7367908,9736682
1052373,5307883
4957201,1281369
9081663,12400149
10299514,10047678
7906054,12302359
15145110,6914969
1348046,9780239
11487962,15816846
14192493,15400458
9171635,7205971
10746475,444435
14513458,11264433
14384826,7908726
8077843,142935
9984867,11846413
13206059,1070046
7215125,3692723
6132443,3714533
13370609,8717869
4745559,15416237
4485670,3971610
12058853,3494927
8502753,10998485
1833732,2059833
705379,9847964
9938391,2288997
3710054,4958491
7604968,11630759
8674960,12900888
7924279,16087317
12038970,9292565
16226793,527473
1475824,10267692
5102338,2839868
7580250,3846048
1598728,2915979
5376853,16287682
12439968,12561434
7690484,16118715
588475,4069429
13017227,2931689
2786589,7929441
15431312,5969262
14462719,2748970
8787327,7198001
15497464,2796615
5499370,10624132
3663082,12655245
2315489,3885073
3221781,15020204
12995395,4533346
10126406,8315787
14461980,16237990
10505478,15804004
10598768,8500703
15277359,15963199
16584937,6135560
12829274,11730926
3270051,15393986
6548568,1125633
14671300,8247540
13640800,7924898
7293982,9066452
14090725,7939507
13625841,16144708
390599,2473494
6063461,8676672
8087933,14006571
7705035,2013919
5947510,16473331
4352143,6350789
13052508,46626
12636598,5481446
8433147,16677857
14385863,590604
9219932,16674350
4556947,11387142
15056239,1054321
16454135,1520365
8012560,6248516
16264257,13272574
9289958,2768893
8047624,12475516
12073862,10491745
5623247,5354895
9757351,14152624
556258,2572286
352121,16074909
9655576,16096765
11136228,6854314
15674588,12117522
1768013,13512539
9912950,6205451
12568765,9173469
680957,5253813
13393840,12378111
744928,7880081
7551774,10453891
10555599,14214181
10537954,16536901
3326267,3502995
6962602,6073275
1750947,5910297
13967370,5159024
3542683,7447084
4389094,12170160
11459021,8919989
11252162,16494658
15209766,11454199
4599214,16405022
1291486,14166198
1443865,11789202
934672,11730001
8511180,11422827
10365950,10002147
14855889,2808532
1105518,16545886
13108972,2679028
9523996,11444394
4206531,11482263
15867227,8339397
4057653,12689015
5533167,10520980
15091008,1674994
10532374,15265269
1534636,8395563
11777266,3864830
10211353,2495669
6322576,7264897
14192821,4334140
12535012,5511777
5927035,7853241
11264296,6431070
13855551,8277894
8243846,14995273
12971128,11793315
8609357,1921105
2462090,6335042
6233688,10556631
14517057,8777591
9822891,4010936
14281717,7127763
1458275,6406837
6138319,7468709
4031456,10200459
15467386,314095
5069393,11856510
14922800,303071
9110316,747663
16638534,11018663
7360624,11431696
16523267,5182458
11878696,3825716
15307091,5353364
16168261,6066456
15705407,13871275
447243,252218
14839942,1023033
13640833,13746730
13700414,12712655
13248554,7956289
15325681,8514906
2538435,13580924
6265885,12216739
8957124,16414895
2336632,2926902
10187074,11275215
4706084,12140394
5789276,16041906
14998912,1144892
11789990,15268074
12399947,6715616
854076,3905274
10389683,10644004
8517598,12028135
8481291,3830224
8904622,16254226
6596596,16326630
5249310,10079041
3618288,273791
3192192,10820396
6279503,16683438
3766514,991142
2829348,14644037
825742,6544973
5009836,6644148
13651124,2273975
5572356,13409039
8592937,14850071
8201410,7029697
11695572,7877904
8998858,2763785
4115734,12004691
11851196,252774
1114190,3269404
9170039,15488751
12728488,13604263
10315517,6959654
5156469,16290339
3187650,13375747
7163006,7087274
7113445,1642807
5195344,2223328
69269,13940341
16259447,12465328
4620162,4752715
12148496,11623872
8390058,9543572
8512575,8269022
5463378,4215758
1072187,9499871
127485,1245747
3846266,10111860
5836369,847603
6428824,11205698
2473424,4404207
6051997,11991986
4871533,1688732
9139051,12046224
14479144,3696548
9842381,14668706
15169194,4879731
7394139,14143438
3696969,16285990
11821473,12374430
11202819,8880792
14163968,9018789
7492849,1202485
14695884,16709487
12779766,13786896
16049938,13329041
13452557,15404359
13438599,15382585
14902797,1889940
11654112,4231839
2203949,5931624
14280639,11140325
4338298,14280674
7146363,16726037
15889633,10956812
3542915,4173764
57994,8513165
14411410,4064264
8600333,6691197
7950520,12856980
9467826,14528958
13777011,739206
6897129,13508414
13877452,8931168
16057335,1668535
13691284,9249911
11745915,9617583
5668813,16016062
7648164,6015033
8920422,1012168
3512783,11827654
15418520,7037371
12186190,115920
8246663,9258977
12826823,16587764
12347702,5030409
13705569,5854767
14612370,4902788
14703784,2100796
14120168,16286707
880082,15621930
4662621,2759187
6530782,2135199
2262921,8594047
12797170,16028885
8584449,3345523
2451713,12211699
11364841,8863472
1584907,12663724
12900151,14473321
12049346,5349815
3802736,1673206
2135641,6936377
14684998,13541879
8871737,7436765
4182454,6644829
7268755,14815414
14942848,10541263
16774872,8973129
3519176,4865426
10578820,6912169
13369793,14469313
8582544,5690906
14344710,4454744
11923408,8378334
2580464,238939
16649380,428372
2717251,9999460
198246,3355836
13879287,15527188
3707363,2883672
1450031,16243916
296130,4290568
14502084,15079913
3929381,2707017
14685950,65678
3767627,13586090
7527690,7591460
3952469,6139455
3835239,10086993
12482100,9588909
14315771,7898921
3747819,16366462
705266,12053164
11367495,10033437
16766497,12184352
9833083,13602172
4798879,9438330
12605576,5221290
12415647,552868
13923267,3603072
6084212,6259609
5464339,13625779
7123030,6274780
1169479,11175963
11004220,6814934
10034212,2537728
9301171,4186576
11555434,2466770
1723663,15751516
3793905,4380500
9283879,304575
9417666,3496406
82904,8269871
8441276,9301524
7658003,16569921
8389009,2767155
9341432,942316
7403816,4764928
5022221,2760351
4010829,9050791
6497941,9308544
14127307,1990041
7656425,1939632
15645559,9889256
13670942,16139120
5577940,3581350
6692928,393957
11378623,8466493
4488908,2492330
3390568,10391328
11991984,9969907
14234093,12265621
7715765,1534524
4313169,9218255
8139302,1612856
331812,2958546
2529678,6027900
16139485,13698932
5103950,16333231
9357014,7055894
8953281,8471763
16244206,14755337
5917764,1243147
13420404,6040879
5721054,8594675
1932879,9506319
15564652,13707561
1438436,6370906
4268151,13461778
16046336,13809713
14944034,2920402
15931570,14000634
5088280,5815445
15209393,7100487
11329712,14320749
11485803,7278057
2300642,5156399
6352040,13081620
13853549,8946857
11280533,1047642
15753887,9021033
12917594,6075586
15110709,4760759
1656779,3506634
7023617,3734765
1617285,15127497
15666609,6476769
11382761,8527753
4658901,4323919
9256951,13556668
8693016,8909350
6524172,10979458
5774152,8802375
471317,5481760
14398454,7308426
9997025,12635028
16066743,7181808
11295284,11173963
8350609,1647649
618962,6678507
938278,7521146
2952477,4181621
8074163,3395135
1079141,2065923
16757751,13889865
3388985,8026191
13891049,14468320
416786,5357703
12956397,16462362
6081219,1491914
3069670,9375935
16059303,7140368
6489228,15414297
6928061,5458911
7432411,4749146
13383251,8373497
1216610,554099
14866220,3958815
16357797,4071888
13821189,5518462
12693983,10038637
16674465,15886299
13509837,13325469
10047975,3775488
13781540,12041749
15623803,3382793
1020544,7958010
3108888,7938427
823758,7815752
4306650,5701464
16317486,969297
10612610,4870454
6262874,7933188
10523711,2123604
10599735,2357373
9312967,6329962
12883674,6095628
10620897,2940007
14978782,10064331
12677183,7142149
1175663,6111296
6688333,5148777
600084,5113173
10008545,11082235
15184190,6420897
16660107,14091508
1300260,6886754
4428388,12692723
5485735,5198698
15011084,15150733
9096959,3339854
6105147,10926109
6399406,13407997
3060129,15292902
7366828,1282651
11051734,15217695
3176006,10746236
6508621,7290132
11141396,4740835
9260036,16430163
13707882,14577730
15568564,10146519
15226578,9427462
14347536,5440080
16287827,4714943
1633206,1060925
9324603,5989919
3403526,9731484
16777900,1325251
6920093,7358198
14711930,13462393
8592835,13050566
11481231,7404923
8787212,10074712
2524049,6059227
6860794,2239549
6058873,11734025
7130998,13160424
16147727,7650501
8273214,3286291
16624358,15715700
16288473,3247341
11128008,11945469
9456986,12720250
9658468,12036079
7731355,3812958
11900225,12367766
1778452,10845736
15985216,13256561
10992132,6007629
3277678,7967982
7852310,4704120
14623856,1847456
6547623,6808534
3873405,9688320
1228997,5652636
14903797,1374537
14243087,11684553
3409733,11151483
13573776,9963318
1440750,10607601
4301240,12680013
592285,10471041
15597366,13983813
13615999,11664947
15992176,2976046
8729356,11771737
12359549,7765485
15638569,4129266
13818633,10705052
15911597,12462987
2568332,5121846
3393340,4866129
15485688,4508663
4677115,5095313
12234334,1036963
11167925,12157981
5354808,16546672
15791701,77483
2511831,16611505
10140556,3155624
15440905,6027356
5151222,3441769
1322461,4958283
13108787,6328170
2424746,2087778
5227970,12950911
2340839,5237853
11557087,7260045
9067055,10919978
9814112,12727779
4347197,13140225
15780516,11733186
1544144,13138568
96437,7914000
5518113,6192424
1716960,14338211
9838533,9475716
2418001,1313072
16395438,12585227
4026510,8806631
12794320,6682327
4547862,579651
10137719,10532400
14439457,6529915
8652866,5816015
12358033,11747764
4716682,333407
10853613,2847491
1988937,3186662
1240897,5774106
5168689,9572354
3917056,10161092
10396980,4724876
6507610,11363717
11621356,15562585
14290056,4600240
14280128,10327463
6338621,16523173
11851637,6681534
15254090,16742056
16627662,15048059
8118449,16073322
12100231,2701284
7319547,16591783
3365086,924509
8277137,6563104
1809303,16138166
4971453,12716628
15326357,13917094
2041264,5760547
8214384,12860238
4892439,16508283
11338675,5207987
10641944,2637028
8798230,8406397
5356857,12370434
16524022,13592638
1151821,6112436
11585405,11747214
8764599,7114113
5687122,11203994
5726617,9043716
618387,12268373
1279025,793289
10284258,12093425
9877715,846180
1940733,10748836
8607026,1136539
15610997,7562933
3110800,390410
12798000,15039572
12152701,9919285
1618827,12876845
4480087,14594689
13823627,4770230
6295540,5230204
12650146,2678375
3337944,5271311
13630373,12251072
11725415,10091959
16327731,1123984
4486722,12554563
16052409,14748222
357895,9217468
11443569,1182572
172710,13832591
3293547,929453
14251712,3326647
14300309,8109422
9888955,6932346
3095591,7646577
716807,3571106
2422517,2544959
2870658,10044861
5148246,1431054
8413666,8605371
6078868,6749853
6974417,9597211
5321569,2498232
13893620,7118476
12057152,4409710
12147580,13844415
1224872,4595365
14435741,5860708
5146180,604598
3109716,8468962
15136538,16226705
12330669,4847815
9959181,11254857
12099230,12903600
12835449,14271496
2814813,4651704
128879,10222882
11813963,10775240
12177415,5648416
16235394,16027798
7600338,3596664
15009632,9296434
10924709,3602802
8177424,9532614
6948238,2099991
10606192,14569410
11147896,2114842
13418499,5619379
2072405,12717812
5482037,989720
3682656,11481552
15044822,16105396
9483488,11506131
16736883,8631645
6961007,3733605
11254035,7549595
2334458,15562244
16590955,16383443
11984601,11116516
5799462,6016741
2249450,3721207
8065326,11127152
5548948,15212020
9565932,9259592
12597466,987438
4250238,16244759
865262,8854741
15777344,6235434
8363360,7110053
8963330,7114405
7289375,11320898
8972887,8484430
516582,13087961
11558428,8897663
1981368,4457204
9459815,10153579
11204591,11947967
4548392,16093272
3302230,5831081
3087511,10014481
8265307,16619235
10964477,2328339
7250673,2838565
10325029,353374
1546248,14926268
10305825,590087
9864564,6898095
12816911,11847039
13874025,10401347
9996226,9817391
268667,13854
10403163,7561220
835376,12914979
3969219,5886887
5082797,10980778
2278578,489299
9429398,10907141
13972191,1647205
4595413,10776421
8337025,6190715
13097536,16440034
13386332,10433730
14281206,16277553
3744921,16214678
9326969,11753520
5010407,13425124
2537752,1813282
10199024,10294684
13982519,1815940
7078312,7101817
13400774,12776838
11597031,1222512
5879525,14375604
8762151,3991770
12771603,16476977
9287925,9832412
15742156,5395004
11727767,13216078
15889567,16397807
157770,12783389
16278565,7209919
9091208,7410451
14324663,1202946
8871903,13495357
4342832,2577781
4753284,3622959
5124445,16513897
10100800,2112127
9549144,9389225
10468600,3331043
3615045,15240275
1114952,14708034
15548092,4207338
13842349,1268827
10781644,4893107
3408911,3435610
13569379,906099
2605243,10221865
11075156,12839287
8057414,4873913
8176791,2425597
2316715,4055983
2280944,16559579
14984925,8190394
6338658,15567033
9911781,14740677
12122266,15786986
5767045,7252629
13983005,13725509
5068301,1937135
15908130,9613496
133208,1022228
4896262,8003766
14245755,10467410
5964684,8277605
8263784,12936851
595598,668770
602507,5120077
10204707,16415716
4335848,12072678
13058607,2822086
7507308,1361294
1863086,850718
736679,11258483
2083172,6615788
1572934,16367
13616305,11143330
2453656,6834889
5657755,13650964
7778884,10632463
12644445,12351569
7962718,1463399
5583822,10622731
7893253,14265458
16257991,11368954
5788118,15723255
3364480,2595182
7266184,11453850
851750,2753976
15434311,13068774
2840237,6913402
3939109,11101636
6071435,13678761
9587556,11260233
8211505,12764900
239540,6598474
16211401,10351301
4100292,12489201
15946922,12671752
9253763,5161666
2316512,3203389
10719534,14578679
15297002,3027764
8990176,5037243
9857098,14447996
16128428,624561
8489771,6366214
6705046,15631813
11059453,14833707
15914123,12406113
1011374,4495163
4354022,11439883
1729963,14761982
15173540,6647572
16105078,13564657
12297748,6110736
9828194,2766425
11956919,14806299
9501595,3059870
5318942,5409411
9994287,10566337
4585620,14797710
16641058,5962141
11174727,10903326
2714830,14166241
14580585,12138212
13650502,11766272
2926149,11396558
9325904,11231764
1300997,3601498
9285953,14644791
13738035,5046898
5732076,13431640
6935585,7847285
8781650,5896478
3392952,14035129
5768356,10654935
1186615,6254258
168853,14418746
15730717,7068686
12743791,14573177
4402561,4389876
13727435,45691
1982416,13697706
6219025,5222660
13516613,11820746
9465093,13112240
14625956,15571041
8849884,11192854
7290622,15928384
13652336,767151
14704216,3580455
1827857,14970074
12106754,15243834
5450387,6485157
12941191,2775826
93949,7631418
9852622,16460466
4036979,13440755
3674014,5183871
12310905,16780691
12912877,12027639
6240640,1283810
4032195,10504220
9798809,6491960
13189219,6799597
770809,12425209
16300552,13102304
842085,13694313
9598966,1913999
3767634,12346320
3813213,14906702
8519635,6417603
6237059,9507551
1658646,14236451
522670,8685869
14461384,636893
9907574,13408839
10075030,9013365
14009667,7960898
4570570,15198193
7098803,3448032
8017664,15679212
13309417,4029277
3857350,579361
9246732,12844302
16463428,13279431
7578957,15593091
8070681,2028411
7526774,10843326
8924232,6496300
8938496,2782713
8088704,913181
16282152,150596
8705103,1912717
4898904,14914173
4881241,4226186
14353085,1646526
8633927,4554927
16304109,8310882
8561522,6941064
5655095,873192
15163973,12213921
5934207,5704549
9184115,1891847
1979415,12287589
4701350,13362264
15423305,9926909
10238531,16308223
13192520,15917653
8291088,13758338
9332509,6550607
10882934,2279226
9637311,5970375
2356107,9185191
11543669,6902849
3541791,2269634
2672629,7573559
11725873,16263160
4175875,5825126
6207908,8273047
12291887,3125900
9283807,12940091
1422467,2678819
12337634,1715917
7315996,8291867
7485260,15324801
14854062,11940560
11500514,6844330
2007609,12840282
9853995,515724
6983104,2936317
4386319,16289553
11649144,2397512
2279528,16648537
14384195,11121530
14395437,1702428
4107065,766152
4080001,14542615
4234674,5300823
9430433,9374142
9085482,7577157
15863502,9272864
764204,12021005
9613673,7866924
4058813,5965937
10028973,7593602
9077541,9403477
6671516,11975089
12313067,6002149
14533388,12926622
9114667,11838098
11927625,898614
2623657,12012470
16140891,12577922
13286502,15181378
13652803,9868666
16379546,7336806
7470269,15723211
5653720,4241910
12722313,1268603
4328167,12107356
5765097,5036719
875838,7392403
12574510,89546
2653096,15956025
11837059,7307399
7411117,4237767
16526166,8158542
15363632,13751397
4720019,550148
14952718,5628684
11396434,368764
1310,5701961
5934700,8311086
10801748,7252960
2536329,7244858
11106132,2906863
6327631,8275843
13835247,9714514
5316946,5387048
10135913,14825732
8352631,1045458
10320222,6687195
4889044,10211122
10645981,12226502
278096,2429868
8508735,15471206
3446600,14331219
253130,6559198
11051995,11202708
2601774,1207029
10828500,7460967
10180381,1973007
8222280,9231854
8984513,13829798
5371582,7895866
2905004,4083819
2009986,1304694
250342,13432693
6591618,15419303
15569243,12236088
576944,11598610
9564658,7084199
6911472,73051
12185437,11072151
8423581,7671815
9576645,980309
8102446,1739345
5743749,7230247
1646950,3216349
13246457,15186723
594607,16230392
2366057,4686869
10972131,36680
64867,16671003
9059207,11556881
10316125,13933413
8230562,9874667
11310817,4183620
7449111,1194888
14684307,5032024
13113541,306356
14104609,16053434
5278156,15750174
13750235,9981417
10674399,12112599
15124927,16297786
10962243,6651914
9853931,3347727
8953653,15461697
6867580,6273029
1587216,6721711
7687661,9399439
4329876,14368830
2174067,14458601
14574152,4329082
7940820,2294850
11641783,10817614
5352983,809903
13042746,145839
4492758,13087487
16037032,15111081
13421391,15244589
13731289,14277820
12242767,11813653
12560353,6897123
685169,3209155
4660150,8542238
10496827,12133812
713632,10183222
16527085,5174149
5235779,16574378
9680976,5896270
10561708,12485830
4385693,7729603
12984,3579145
11970915,11104566
12573656,3352232
8433368,3560494
966034,7969262
3583981,8712922
375871,6175067
10725467,16598388
3855376,7802087
8220844,5974057
12554099,8286248
14683844,14700857
12377708,10351768
12712576,11824602
15941199,16212119
3904454,13334442
13068258,6440560
9377566,8134943
7979752,401535
8072117,4665218
13057458,10875607
12740177,7860891
15535684,193432
11749481,9783770
8533326,10250720
8491546,8769419
9091037,2508340
334212,13261645
271481,12100807
2012294,15752525
1446049,11189628
4439283,4490250
9794529,15337118
8183872,5263691
10962294,1399885
11305106,11724589
4986254,5162671
10650360,10537019
7842057,7533255
13646730,15488854
7061190,3825130
12828556,14957709
5820333,5706522
4068586,6085801
10856043,2992654
10178382,3696887
12832082,7276599
12640936,12072268
8523839,15113069
16016970,9326363
526495,10482455
10335344,14250166
1150676,9077837
12131509,14728028
15378009,6189188
14754272,15206202
6129062,9104632
15544620,6986020
7753043,6313508
6413019,10718318
5117161,2900968
9882135,3454985
16635010,14331895
7288926,11611216
7165112,11272472
12912390,8574683
638018,6913416
6585906,14067237
11085887,1704299
2350390,12459478
10078069,8482981
13831105,9999356
5725118,13536270
12200992,8555915
10981285,16563793
2212796,5830531
3558910,13677933
11786947,1879712
13436207,9900956
3635250,1844147
7188130,4608972
16415293,14617452
3804853,10082998
3308669,13489770
6255420,4616078
9707369,8776782
2498137,1443192
3896310,9435497
11961907,8306692
4228820,766285
15693674,5660232
5061790,5822007
2024025,12825756
447260,1568866
11963057,12642537
11120905,10653855
11731242,11191384
5304326,5690486
6370303,6779154
16425763,3701224
7181126,8432486
9367194,10914221
5270785,16329556
16526175,5224787
5867364,15261908
15375596,9813101
12719693,13978840
9266602,13769024
14273914,15926836
13655095,715048
1353490,5930358
12912222,4119071
12452048,6374788
3226128,6219157
12484271,8475190
8839338,377127
14342284,5594156
12587799,2640430
645869,9966942
12621202,11016919
2091544,10814417
9700242,2881378
14979193,524815
7080757,9065339
13104760,6788953
4484717,2889029
14432534,7561098
4197687,765256
7132719,5584541
299759,8022560
5634268,13370649
735491,6956915
1827484,3083803
1909210,14972956
5747061,14218449
14745958,4588199
8174247,6796300
1287574,9926781
4566428,10381688
15969989,14083736
14064384,7375231
10221928,13882468
332164,855361
15382010,541589
14929631,16643697
4296597,12429051
15168583,9867884
10259588,8876247
630335,8800404
11995390,11764350
12005517,7085664
10797323,2530861
506283,2455566
14610490,9243096
11699336,16037014
9496912,1037595
6192124,14875946
1500515,2711368
9599431,4382146
4162503,7316902
9133707,13373871
3543488,15288192
15483692,2521895
12886878,6671502
11698743,16672243
16418704,14870529
8437270,1353255
11446505,5320360
2507406,5926984
4701390,15627422
14425221,14564611
10588490,4395740
14215125,8187885
1681515,995992
2770381,14792430
13627363,5255635
9405831,11661040
3659633,12216875
4821073,5945553
6540133,10184502
8568055,15416289
16143449,12972639
1209209,6463522
11198100,15880328
13761920,8649957
15194253,881733
9247035,254898
8954739,6245537
16123818,11558694
14228697,12762081
4133815,15507339
615826,13663994
16386069,7476794
4209180,9078750
7697919,11325755
2871175,5285240
4031145,9079427
10098659,14873536
6298984,10667999
3635562,15296009
15498289,13192738
7338602,2713799
12460192,16540828
4380412,13620155
1332560,2022556
15127707,9435003
13892700,4243971
7460394,12657263
14640963,11576132
10788940,1781283
2155460,16775542
3610310,9134354
14511264,10225041
11106948,3827650
10762880,11251587
15121023,9229860
8932446,8381020
802006,4291941
13929872,15690927
14527873,7403392
69366,14110167
513019,837187
13811206,7435316
14404703,2385686
5162375,15709408
4803490,90394
5151293,3003942
15928843,8977774
13030049,16157559
16494510,8366630
10772394,7055741
6298940,7850379
4653741,13474788
9216319,10137042
1657978,4603697
9589702,2329694
1802861,5087918
9435415,12631634
11999802,6026692
15477890,5106545
7512847,13305832
9665250,15884510
6650985,14780345
11090173,2175769
9464142,9896552
2864708,2421972
13630277,4884785
15864339,7552355
8671867,119016
8886414,2629913
6548676,11538164
7328007,4362610
1285092,6339949
2557967,8526259
5552675,13272719
3552632,4816749
14680813,11475532
6665085,4146448
7194660,13516533
5930090,739728
5223466,3952940
2531308,12462661
16778995,1636638
9742406,4207745
7777040,6590910
5341912,12192908
2113916,1780531
6232350,5886062
15036542,2213193
6935206,2139822
7783888,3525162
6424180,15906801
6499772,1308859
15244761,1591896
11911318,16168975
2979097,12223551
16347706,9926907
7323051,12861999
11428894,1395464
4188411,12617919
3914353,14160682
4321711,8647966
12685409,5250062
12908762,7848691
5206380,16411740
315628,15083104
13651850,9954391
8049831,14611552
8494104,248884
4537208,2904757
7511998,6322848
7702060,14589876
7252940,12662389
11411844,14559809
11870828,14714209
15974188,4711952
16216384,1248022
16053785,4885437
14212795,3057383
7129770,4522404
8184839,10157397
13147558,8283570
6090557,183711
1104045,16666963
9923493,12870578
16711413,3404247
3671490,10028509
548359,9723373
16090417,2688373
2027731,7591983
6041901,683069
2856603,1429781
2980586,5181017
12677897,1341192
5967212,10935291
13517257,10910173
603255,14394039
13392453,9166001
1281970,4172653
774042,4262631
2527952,3740125
12059157,2422767
13569827,2190873
14004003,5339831
8735408,14525698
14717500,13793529
8328737,10081759
7098636,1656323
6440358,12076092
1941469,3240201
9429656,15571561
4910956,5556560
16644452,12699340
12702579,14995320
12447988,12390553
14564013,14796857
107969,12510149
5617718,555932
8376716,14457630
6888211,7321616
2371675,729087
3642858,16036120
15899045,9048343
363802,11274955
6777064,12754530
13873735,3290198
15702004,3596650
8621149,12838488
10142162,12590413
6934289,13630222
6675921,16336432
5748690,6308892
11652655,2669141
16646438,3332479
14645310,14015369
10609020,5942160
2373069,10370888
15378151,7577275
6462001,5679279
2966561,2801925
5146445,16726200
3422174,13870738
9635001,6972161
5797176,1302988
5798640,5535729
16272580,8474778
13375354,13238770
5092702,15776282
4213460,15507498
15569235,8402486
3453963,7404061
2366877,6835620
742182,13790340
7424797,16061554
10518987,6118521
11415318,401745
4330952,767833
6961805,11609839
5802900,12269574
3686787,14206279
6967193,16694800
8382467,12556146
1473628,4617494
10816923,3188304
6410806,2413027
921703,5742230
6666176,15798732
16748867,16729497
8608167,12527337
1635770,15649246
6037886,13726542
2416288,1083856
5916010,12081434
15239957,10730628
6976617,9599513
6861497,7005835
9001016,7978030
5673401,700394
5121462,11762470
2470242,12841201
13047083,1942809
5270740,3504199
15331434,5495729
6174552,2487684
16687601,15296379
124275,296862
10153597,1807713
9581895,11817721
10394166,11632891
15952351,4571326
6964222,2490018
4827376,3207334
6757383,6022723
14569731,534201
14294284,10976571
12694543,3837573
13244488,4277307
6094237,5301740
6713244,16081458
14715413,2175986
5997939,6947922
6596781,16139742
5970460,4771218
9039202,8110905
14105969,13792901
12252931,6670005
8985134,6005210
10796232,1776253
3459899,6761149
9441692,6456344
11655526,9359287
7322053,5221035
10842956,12628475
10561255,8168763
12548232,1410657
9692009,15035007
1722901,15588026
12676122,15214121
12953790,12560100
15857269,5198400
994807,11309435
7003093,1856253
1326571,10693644
1701717,2460374
1086334,7202962
1434932,8024920
8983245,2975227
4685615,11910977
9004860,2321373
10185390,577613
5570541,2816388
4809168,7259258
8485854,5450696
1887008,5950687
15757804,6986282
10353042,16744328
1573897,11070164
13382612,12083184
2875716,6695797
7994668,1392191
12004896,15210541
12495104,1668037
15590083,11735232
9025511,5443183
2074561,10362541
7083607,4234124
4031187,7031113
4884211,15136796
10236628,12164311
15918402,2453180
10870530,3847091
168906,8915386
16427354,665128
8244831,995723
6421491,10087180
1156311,8864329
4430748,15354635
6077310,9676967
9698972,2197278
8960835,2093941
8921850,199412
16295845,5314602
14566996,1948357
5729541,13934088
10366716,6025103
8520586,1193526
10765870,15254645
5183191,13946306
9752299,16686653
10295668,9927103
6879108,12669183
10436172,14207500
2458902,7860346
7602360,854058
11050882,12907293
15012038,13294920
2969132,8002107
821228,13974350
6345297,16559134
13586983,9854677
634523,492112
9744334,297170
1683767,10855048
13018468,10439556
16701559,14331961
3481543,6630738
2129506,8052627
9792874,4711476
4648048,89862
7589873,13940024
11404544,15483823
6695589,13101618
12668383,8687414
5324522,10418720
16009677,942451
31485,2550765
9132586,9251610
5260717,5552635
2639529,5755419
399296,7884422
2827306,16316836
11449999,8657466
16355715,9696804
3797404,3905316
5374433,10684208
14823449,5122202
8383700,829871
9266342,3334129
11731819,10835519
3683025,8299216
15024583,12700233
15112949,14617361
12522657,1168842
12326560,1520476
9973161,13152154
12198960,1890385
1418415,2393994
15280402,12217146
843549,6218580
14062413,8011274
6346838,1271862
2108379,9149190
7930519,10308330
3944897,3455866
1650092,7733801
11856997,6144893
5019073,1967958
16162781,4291817
5369048,1989383
14191116,9269144
9316946,4976680
14188113,14687896
2404218,12006904
1495683,12636160
15374521,10829657
4226078,11189777
15537815,14407287
7432835,3618776
13639825,5770132
12400641,12454163
12926565,287322
2494071,3064835
8540299,906296
11164826,7061455
1522988,9711728
15156592,1639527
7240093,2533533
12593609,11312003
9229338,7623317
8788601,508124
5443716,3757974
15161545,16751056
5944727,14238043
6581442,7062437
15741766,921821
3069776,1096627
627840,14202965
12690417,1062584
16195001,7188862
14542013,12368300
10576020,8802424
4529943,4191604
8180833,899596
9653527,10962065
9789533,1509972
5607750,16722127
4437559,3080421
15698470,2814405
10768840,10984325
11533171,9013608
5821507,7269837
2372417,7990501
15780346,12255234
13684944,5406297
2140787,1160548
13705690,5656216
2304380,6012970
4432483,15507571
11583487,432749
6591260,2723594
5998534,12849222
546708,8991542
5473463,9141237
1824596,13466786
11432745,4787973
14449743,15070755
11648088,13489383
4728031,13446342
14980196,15962008
100558,16585035
1267068,16199617
3118164,4827902
3246398,12706713
8937997,5053166
11135152,8670735
1378932,2676705
11954482,13968054
1711344,12163293
1046785,11600045
5448970,5083602
12078212,12505359
5939901,101920
13805442,13075942
1640798,8962678
1784243,11137892
9251812,10364446
16056953,6705122
2525992,4326947
4870623,15323762
6329699,522587
9841647,5725500
3167488,14900464
4898355,4804951
7599398,14053059
12966237,8053641
6300909,15477707
13181648,1568040
4498282,7466441
9355301,486705
2663122,457270
5860762,3325663
14457962,16203912
2554516,15955437
15257087,16362886
11044291,6232975
16421525,13779788
13904568,4559879
14077287,3706504
12338048,5775732
8521263,5927361
10436101,4827171
13001981,14638396
330317,13408725
15148180,3721073
3434086,11204704
16044929,13193947
15573195,912702
9356495,6088901
333152,15177541
7522891,15854534
9686265,5397946
12226709,14147690
4136350,5546273
16310788,3248837
6166808,7406406
14455350,16348997
12905647,10248930
14037596,9484350
12066629,15259060
14988451,3612778
14552267,3871606
15313260,3310217
3697329,13555565
5256546,3841158
16572521,4830805
11153456,6340309
1217252,11393067
10976697,14676117
2987545,12227013
5696303,6061614
10021259,7136753
8253766,9663003
4906441,4737859
7813533,7837484
13520313,1892787
16585314,9629256
10801396,11536451
4069636,8912936
2053158,1809058
4915190,344832
15549672,3453390
7978050,4775015
10682481,1449966
8438203,9024099
8814601,9770445
15076777,6540532
8493727,6320974
3286860,13661900
4957426,9584080
8982663,2386473
14816701,2817069
6926211,12600714
11281530,8731571
9480234,813045
15815980,2375313
5342792,11632048
13086736,14057293
1817260,1757422
10369438,5058753
1381533,159460
3473921,6528011
1693554,5204990
6165170,5833124
7608742,15733398
12387231,9034043
1643829,14199536
742729,11171417
14096120,14494594
7283719,10484835
16270774,4684978
14200127,6830051
5897582,6041383
5450810,16756504
7841373,3587265
9166751,15687776
7146922,1098659
6767728,4092247
16454159,10964694
4012752,7774731
5350966,8478907
11559337,15492220
11302265,3949557
15191263,14652665
12373636,15298974
14807830,4308082
8897460,16297800
15625331,11894844
1960172,14196029
9872980,3188271
15089685,9305603
12272305,14319255
415701,11059734
10692666,4077277
16088462,5210987
4708230,4794504
6187921,8816131
13640933,14349383
7509758,10770558
11991935,4689300
3607132,12287504
9351407,11353884
835752,1730238
5764403,11695116
7984191,5405670
7048412,764231
16713818,6630756
622375,9374022
3843435,4440373
8490030,9086452
1639577,5129671
13397060,609327
4047989,4577368
5435946,12806023
46928,6509561
13738609,16718596
10412583,7889470
14385365,15786009
903492,8768139
4324895,15490753
6516546,14890287
1139501,8366110
13837670,2997627
12278291,15895820
760152,11482138
12378948,13497829
138294,5464335
3715180,2970289
7229792,13760162
9125579,11421445
8739520,9732797
6743663,14297777
13260414,11748129
15125622,11935580
11784751,6433069
8602193,12507444
1806967,16715162
1767709,14812271
3687290,3990301
14453692,11125891
16146470,389502
13537495,8471381
497551,16548679
16507910,9604334
7572916,1735498
3656258,8870592
10993003,10996374
11745488,14651863
11192480,9128753
4806491,2996164
545416,15202293
11419276,5727445
6041874,3223319
14082917,7349578
2545323,11510642
12152417,1674503
9941255,15200605
14092755,7508084
16609030,8176767
9452210,4022807
12294537,15467252
5282076,7965350
9856041,5357871
4778494,9676193
5325314,16062711
3219757,14154341
11695497,8304330
13572547,15286264
7981786,8851512
11804556,3188764
6840247,2394638
5996385,14585348
3639294,16146371
255444,12729156
10618777,9347605
5916926,14207706
4707874,4041443
2460409,16436706
10108536,1892971
14223301,16192693
16036013,11379657
7310877,7941754
10883284,13916205
8071795,14795733
9064737,6806729
15679910,6993202
11417493,80966
9970421,10021633
10218569,10738946
15575934,13077666
5291495,4815097
774129,1900770
3226846,2711369
12337763,16429624
11249387,15595786
977802,6191029
7731646,14995545
10601671,907040
10465475,8308463
4195969,11136972
15747666,2139249
13646381,11884713
6789079,15199248
7915796,13627154
11545687,3848505
514125,1367984
1745855,12549952
11109591,5452859
9791364,7508069
3454885,8441589
4013624,15564845
13037439,15495007
2658728,1900258
16722790,14852249
2520627,14261360
10827184,7019240
199025,11651173
621155,4859959
959830,1315596
6329749,2793081
3715120,15896376
13520407,356517
12003146,2886619
7253676,2559396
13815254,13085142
2131172,1072643
15571695,15387992
3128648,15236720
15580218,6415424
3078767,16355222
3664614,6520216
14842838,11858017
14963231,10023011
10143190,11445035
15730431,1012800
398683,5210498
14804153,13624430
14099889,10301064
9987424,15441813
11555492,8225673
1649684,10565137
9550261,15816561
12740982,9353831
10983499,16672984
332146,16195752
9317773,8362799
8609102,6644170
4016682,13708984
3156117,16230092
10002437,9098744
4570248,13584914
6287622,190715
9049427,5811440
13175383,10482491
4138747,3329455
13959014,1616283
15222362,3560152
10132286,3558611
12123913,3215060
3959423,9830303
12363012,15355784
1742619,9301587
1858226,648707
4035077,1452986
4817865,14557499
4581218,11741434
7076995,7425511
9725564,15521265
13492302,2477793
556098,13522482
14290881,4351256
16092971,1607780
3640365,603265
4223476,13000437
8795564,10748330
9161611,948264
1193513,15744988
11161380,14649826
14125104,12877159
7783220,8510941
9266091,8423307
8548988,2769265
9730679,7113112
16163552,13583375
12242944,13326792
15731801,2843200
14471273,5651352
15088335,10410453
9444175,9525794
962703,6170098
2285190,5573361
6807290,8600231
11906415,14937535
377994,8328113
1387523,9917241
7373086,5383593
8367893,3488626
8190769,14039972
4055176,13585355
1472693,12816487
8468134,11879298
16382189,8092182
3062436,11351102
10744994,14031508
764230,15446801
7464676,3057576
506036,7558205
13874908,1906443
14524222,15398377
13259791,13176647
6195767,2824398
6301915,339685
5212978,8462781
5697891,5433518
14032816,15875861
8773420,12441154
13504254,6440224
3355252,15655588
199669,15849072
9864192,8416117
2257407,14220841
6869936,3275477
7488243,5725768
12086619,4496579
13044373,2817391
903411,11918833
6822092,556083
13056129,7804730
964533,7564092
4185645,9224158
7406833,8331259
5967513,427751
10354954,314533
183030,10883046
11674193,2113275
11049737,12326498
4404250,11155137
10114115,14324948
2652481,784311
16524550,11802355
178300,14733734
10210995,5226517
8684464,8491866
670939,3849740
16352595,4228698
15638556,2243523
11559632,14812959
124214,4847734
13130778,2124326
3009765,10296117
3004393,10634989
12054811,13623558
566813,15009486
14913240,3523525
333205,2198213
15821037,13421477
3653482,8942604
3531587,15048226
1392631,6936218
7990752,16035224
16320716,16439490
12621040,765408
8134602,13692256
11559471,11239986
13129605,8388579
7785135,8605453
9066109,12472712
9425315,2028783
15037904,12561267
71134,177618
14193729,12361141
14734108,14939312
12040261,9074480
2398378,14325236
14070698,16267520
16053753,10403039
6044426,555959
12162443,2536464
5910958,6771620
3724387,15735402
11221025,15310177
12517942,6091921
4265977,63643
7459912,2823444
16739187,12907242
7508463,11207915
9136905,11257578
7668984,3663696
4379133,11631756
9510344,15666374
12295913,9740608
16756854,4897543
14560900,3540849
50929,348807
8296808,14711768
295536,11298075
3494479,14512100
8046363,10665031
10852022,3341905
14236994,2699071
5760533,14480230
9465089,11660059
2607192,7275048
5062180,11598393
784337,5191500
8717937,2662452
1430587,10534272
11818355,5762087
15816053,14117076
1330433,2280100
12844361,11190366
3319387,1875130
13352100,12666400
11887358,2959041
12245368,9388187
3838955,4907009
1894347,5220732
11933644,16320595
15374565,7697935
12482663,3717111
6287551,3227156
7159349,15856444
13710042,16250782
13382934,16465885
7021626,3502343
3675399,3238168
2166860,13123133
46583,6213578
1961967,9628028
6973098,1037292
11526518,2460569
2422475,13263849
14350263,9677159
1534921,14768682
14386609,12116293
8397005,7398741
6497718,5100469
6530009,1725038
14923279,9464634
10724467,967544
11795674,15874168
2842171,7723419
2192505,3285626
13510879,3025227
4430738,4796598
3812544,12766965
7496346,1275699
6272335,6608834
108283,3671425
8076051,13224139
13414429,1902348
8702605,4791179
10194693,3446149
2369352,10175373
964742,541622
10570711,4191838
4697071,247209
4562287,16715871
1885520,3669406
3158516,1843621
13200089,7825395
2457100,3010551
8046647,12739567
3620702,3242471
13998497,15479280
1683833,1175658
2083500,12622647
1564117,3328548
13669436,3982530
8428786,7094808
14776841,5627277
15320545,3756916
5379321,6783587
1851183,3508919
11616103,10085959
8053740,5905085
868516,4336060
431301,1260200
7361181,3242637
5781140,7744772
6512311,15913805
2411718,923892
5252693,10816427
3645522,13985879
9725976,12534623
1854481,12272780
15811152,5692484
4105660,10549056
329611,5579427
10734127,14502108
10567139,13455112
4861942,14860498
12831357,7692043
4376192,9355066
3200579,4953572
9850648,14843913
5458400,5020710
6651994,2371502
16441031,594901
14019330,14989491
11643824,7660340
59442,3788383
16385174,13076878
8409144,5945526
5389186,12016081
8965923,1424053
196473,15461597
8754066,15534831
14383095,4327474
806290,4795143
12143538,9736304
1408521,15221225
15028779,11552714
8728056,14987076
8059407,2379509
7714193,8981079
13375868,4406103
11047189,15527656
10194850,9081375
116630,1681690
8722799,232285
15261091,13074860
782624,2732901
1837240,13819491
12466957,8267454
8363167,2758204
5988329,8992706
7993915,12377939
8906034,2681647
4846196,16154990
377522,12349574
5468019,12477828
380109,16421108
10922195,8632005
6766632,4149414
3852188,14017701
5048593,14447356
12906271,4255673
16446754,13674984
11098073,3382297
11665470,8674847
732875,7311961
16581102,14186490
3582624,1948295
12464665,1564947
2256138,14667878
12427503,15100587
2613783,7347706
13503069,11904127
4853784,14963178
14214983,16722905
12204030,2593769
4425503,187842
13574934,4300342
15680616,10364976
2129094,8997483
12304778,2141542
10283728,5113032
10672933,7836394
14749723,13857647
9309863,16546809
15138387,2149576
15218596,15037745
15627259,7986453
944735,6862559
2631294,3795052
10606325,10464731
11833169,1966642
11975697,13700001
11283126,16706984
15926186,13790481
9604701,10638122
15381592,10156987
541635,1572119
11508243,8195666
6143634,9743401
2386358,7907331
15373273,12802527
15800395,4730497
5081280,5019899
10536412,4189258
14044508,6598191
4341220,2800237
3369057,13116743
8961968,6651447
16654188,238385
12020167,7366975
6687103,12044749
10220245,14403765
16155281,2646293
1665697,11445199
2180760,14091161
3556809,15923260
1760713,15303263
8203180,11048859
2569328,13444840
1595217,4711297
40837,10372150
9209175,5892832
5606799,4198937
7700809,2379983
2737924,3779725
12077583,13405029
14398583,1205307
11828841,3266598
2017459,1145280
2707386,3129054
9403532,14119145
7735020,14019518
13456555,1252246
2045277,1920881
3404082,7460047
3501127,8851856
11590453,2768698
4564752,2993013
11441873,16082998
13348123,7565702
12177644,14936671
9956150,11177310
1509904,12651638
2962536,10134800
8132642,11160474
1910828,1864248
1055145,16082747
5399892,10630172
14944146,409544
6333512,7520933
12997477,7680813
11624947,12131426
2869988,14870103
11400502,11626139
1859493,8935343
1179721,16155028
9097212,8660620
13901465,6835558
8261060,12489291
9818246,4446210
15230999,6416723
15939216,14662535
2628065,11048160
4648782,16395487
6215193,11868914
16087831,1968449
5137502,6546599
393202,4666036
11362878,12959323
13507494,16143037
1510436,7322475
5233479,13717913
8377350,3602092
7123218,15818638
1642906,5839731
16033371,13116047
9326560,9648597
78526,15766688
12597857,14868408
8822648,27944
16293634,4596663
7858336,7087813
6851168,7905439
13135190,5861458
15499430,16787927
11961922,3306945
13438868,13316534
4532976,12594761
16479278,11112602
5433082,9183263
7484456,1259802
7930323,7520579
15361557,12323416
15092568,15255278
9986905,8241962
15809002,13080236
4167547,7203073
9569354,4041918
10210948,2226038
6674896,1333000
16199496,16688593
11180656,4132662
14521053,4386405
10361526,3432894
5060028,2310365
4906471,4018136
12435868,3312412
9309933,11581531
3990457,7141200
5427339,11532516
15051487,3224684
11586043,13015502
11507251,16478349
6559542,1631836
15053918,10758829
10292116,10637032
9343158,9017045
11694733,10866685
8187077,15590772
7472794,2714354
8413158,10524644
8401351,11238998
16495034,14587898
13474750,1721618
5301751,13638208
8979551,731770
10317013,2513696
2638509,11706187
6972394,1267824
522084,13221896
1020189,4697176
9382501,10907596
14203601,9487297
14696152,11260271
16205630,501016
6182347,10174829
9628689,11236154
2669714,10482399
12936057,3934824
13133449,9127499
315420,16777168
4690869,7379958
13508211,1336411
985610,3526597
1654266,9227992
4702130,14820096
2402025,11213868
4877158,2577437
12709876,2378436
15566837,12086589
2935476,1392208
747470,87246
2864591,11078827
6489967,16020435
5373985,11751626
6310320,5902330
1435072,3543097
12677143,7725270
1263125,11271445
12101737,11823520
15380152,11174262
2031277,9037072
16474281,11519956
16040315,4772455
14952202,15266065
14911897,12903035
14479464,10218940
6679410,13776273
3417514,14575498
15929553,5758515
12222017,12281297
3122469,2983184
13174302,9105427
16262772,9070065
6292778,575619
2952843,5978553
9036774,10420983
12189370,15193063
15531887,10737126
2512175,11294109
15758967,13268373
14067845,5047381
3950131,4314187
2856156,11232975
10585531,15077018
615804,4025647
13378236,4400754
12153827,4774358
15000943,13124676
4553603,12315469
1283269,11878640
1355697,9890274
7724095,2135176
14481981,13749070
199629,13410613
15035476,1846729
14301342,6580142
10208131,5742039
5806477,7802690
10044005,3587657
13709003,15540460
3459180,15873265
5893401,7610363
4842544,1372342
1910265,9237739
8498672,2506184
10303984,13663814
9046537,4786350
13074779,14089280
3709932,5182804
16723646,3764981
12527176,435310
12998740,15322740
11580585,8721903
3748742,2561652
3684080,3175950
12577908,15516683
10257835,4484766
2419533,5183160
15573111,11292660
8902806,790308
10195104,13936860
1545725,5824269
13752861,8568380
2993278,7136057
11412627,11171749
4035225,12966955
13836886,1807990
11585258,14646976
14388834,9792105
9482616,5201757
15803043,6287640
14139570,1654655
7219898,4990103
3379189,6241139
6237626,2369732
14906815,10862673
1625064,9656116
1723887,15095509
14103182,3474712
8907645,6628849
5271377,16786614
12057395,3514628
9161216,14514308
2541633,1674582
14902524,12430300
334964,5959667
2529285,865182
8756066,11683268
8651541,4636247
12153787,13085421
12259527,1398981
1872224,5302712
5841937,9044741
6304051,15217246
268822,14733371
10705330,5562180
15202901,667892
10428156,16371330
3181746,16521524
15161756,12209090
7601016,4987431
3176308,9346303
6038222,8119026
14732126,5207035
16531284,14641539
6841028,2830635
3410647,12689635
9206833,15542521
5585900,2522634
7743915,12258645
9344316,2464913
2671417,3536515
13940193,16487973
766561,10650842
3082324,4911194
14380759,11469245
802317,2221817
1013953,8804640
16338805,414038
8963541,14888729
14255419,12425612
9039920,6113781
3259875,14030001
13707727,4252635
6325370,12856000
1302911,772647
9447834,1439959
1300438,11957154
2348309,6031111
5061662,5471773
3753668,8221348
14531291,10349150
5672749,8151002
12780458,62663
9958050,6380825
870527,14135856
12845688,665108
13293997,8392950
5030218,3953867
1050735,12848548
16056552,5144584
15014956,13916237
16780785,4887050
7334110,14279019
264970,5696461
10001589,15763260
311390,9306233
9139637,750920
15295158,12035506
8883758,16572258
12536383,15310165
10969099,3624192
7983792,9900474
1836216,15509746
7924457,9739271
2470800,16097747
16114841,10459150
13825506,9655927
2755747,13806094
11375968,13385788
4107630,4297262
5861954,13972706
12257758,398982
11783264,9105804
3482134,12750968
7953407,3163943
16520996,1390647
14011116,15235826
8778588,10235752
319886,5799726
4557420,6133708
12354881,16611028
9180173,10210479
12559792,10049241
413414,12146040
8991762,15059596
9314804,6061385
3748991,15375125
7252280,3112079
371021,9810652
5151393,7729060
5862863,4130961
16652276,3494301
389733,14573001
10414381,6304069
4838037,14361068
16133591,14104118
7580231,1584317
6776340,14976329
9148938,12510199
2567401,13188461
4035030,3813613
15599558,8947944
16398566,1108003
13324479,11685452
12626459,12900906
9224932,5373996
4100147,13630756
15606750,11581397
4679568,9963593
6006825,10545750
11375697,6294930
10875172,13003595
8885008,3894303
4986542,1913108
8417463,4969596
11480378,10364614
3495928,16222878
4515875,745729
5042524,4149908
12355112,12427727
12678328,14655288
861923,10710844
12019953,8481096
2695849,640135
6910438,5387603
10533087,8954353
5170348,16641088
146966,15406147
6116845,16700397
15099296,16410376
9610548,14750162
14721230,1275626
15802307,12399947
10132297,3511739
7596999,12227361
4434075,10947993
8862885,241097
8125183,8232900
13897163,15443475
3603184,3462400
16538836,14321760
6757532,9461583
7359746,13051623
3027503,8031632
6893890,15610475
5312181,10074852
1593019,4667491
12285606,6094854
5557389,11214957
15340200,5815656
15102863,10737025
7998287,10234358
7361836,3182031
5523641,15687087
13964426,1852296
6692987,16775593
6247266,13033252
12197628,8334036
15727650,378984
15279937,1692624
689183,3169686
8667999,9805295
16071115,1106408
3610734,1552541
5479286,2309339
7875701,9809925
1563651,16248475
7620219,2162300
6050134,9910173
3451409,5363997
16320976,7766454
15221139,8393731
13854626,12035324
8906030,13979093
12118811,10196207
13161918,16601201
12586608,14186100
2381281,3829926
15368695,8849792
8996439,3172746
848140,324748
8837052,14346834
8592392,3143492
538678,7282197
2683758,2959367
3516799,1192342
5219448,5215108
9524255,13855133
10179965,7824154
6484490,8653725
5027542,15898951
11893237,6325795
8232529,12936927
13650857,4789777
7977005,1928742
5782632,15324809
11812237,3512926
10429801,10922522
7633014,12608559
13906889,13071151
12140043,9775509
8204039,8184768
8204892,3243780
7123908,14911056
1443106,11316780
4916694,3564098
6821311,16493658
9599755,2277334
6700799,1724248
8210133,15363649
8806742,11071195
7662417,13907374
6822255,482628
7558279,13561405
15681775,6067003
7689571,5349000
14871061,15847413
3778690,15084521
11687894,15492153
7207558,4505245
9745956,7136949
16435078,5836842
12544831,10491922
16562232,16384383
10727413,4429934
15391577,10621413
10502509,14390179
15214816,4833312
13109687,8365544
3283671,15672029
12175861,8725372
14445462,12644421
1686394,14884870
7730340,4008814
12181035,15089238
4224589,6693901
2067507,8527833
1941935,2562289
12473401,14813326
1684398,10103726
4944151,9741869
1183323,7070628
839712,7644500
9465359,7907154
9022625,678952
4733099,12505526
11067864,15962897
3813929,10269702
16073707,2759331
878793,719073
4925978,3636790
8146803,11001338
10185779,9875175
7158361,3956379
3030653,5819651
10713174,14815786
2222336,4629848
2545095,7107899
1410083,15748994
6362348,13776164
16408089,2692991
7966719,6392039
630504,14488070
6803885,11504105
12546007,10334615
596060,3627263
229413,11737358
12394304,12578413
3456095,9607611
15676675,16650705
11955806,15790097
4410922,16779049
14809438,15625275
16164185,12714587
328240,15175383
16724170,820249
8877490,1554851
264145,4771336
8674797,6146407
12610776,14413551
5822573,3704747
15516208,16690875
6775000,7245113
201827,3588599
13605375,12065450
15223969,16048244
6770608,12720383
4428889,4622337
14877014,7549033
5179848,4756054
13291268,1955693
8132715,16455026
1191601,1006348
9398763,16682501
12099865,3912429
9617633,12290883
9455695,9133152
648621,7172770
16098469,3573530
16582138,7523911
495480,6120673
14853431,3322382
1882176,13321682
13531025,8220771
16431577,2647352
1502399,1841106
887353,7089995
13139855,5535982
12938710,6379909
1127269,1717771
13790498,4862056
7341925,10661937
12709110,5804923
16500244,626450
16010956,2169893
1432763,13828584
2129097,12248110
9743189,3136625
15503749,2850299
10129919,12413121
12399640,7840579
6536307,1169183
15272751,4359038
15658864,13476830
8094754,16173447
14352531,14743251
3948428,6430819
5903612,11276055
13878257,6619135
3380796,9174527
6880378,1462052
1441651,5825082
13867254,4483285
220121,12880287
8127646,4977122
16226096,6740980
7956645,3420415
8969326,3423370
1819824,1938107
5619024,6791851
9223951,2799316
4085219,663760
1451033,9580135
276334,11582252
6211808,11052635
729857,14981432
8895215,643534
10888659,8052504
8731485,15589656
12754267,7482454
4587415,1408221
6115032,10487625
10576104,14126650
11940401,10309033
15880282,13374526
12797899,16535172
15728322,4589008
12581221,190727
14402139,2789381
11569286,6056401
9702563,9598668
6934050,6369358
1001584,767823
9011102,11186122
15464349,14042035
9302058,15328930
11824355,3551764
7585101,16593433
694762,833623
5832049,6576595
6219684,5487357
6808635,4924783
5165642,3055354
15939453,14763141
325975,6547236
701061,14232075
9753170,15563292
11776541,9754339
10611344,15941244
1830050,8892768
7417121,8382308
12658275,2452731
391792,8559808
3597353,5222769
12566670,10819859
12191615,1532431
3365567,9717677
3651441,933771
7807663,8751826
2191841,16303177
13415970,12126274
16502393,3964953
1359173,2778489
8722302,6402560
4520308,14859001
5884652,9807243
9790981,15668827
16280988,10849288
1133482,10695705
5270473,4933528
12887137,4848090
11191592,14163918
12678725,6275796
8885409,6645479
9338932,5113806
3897814,5852405
10600012,9539027
13435592,14451747
15489672,16418582
4247469,12406514
16256178,8247568
14950950,614136
1116843,8390139
16013370,6817025
3386239,3792850
11886775,15677990
11565421,12329142
5788006,7212506
3774250,10966785
5493412,15717192
3121008,11510406
3416730,12616480
550978,15758060
7014574,15159282
10094503,7759854
13843337,4231009
6729940,16047432
3250688,6185788
13372844,11577867
13945247,8184553
3501950,16168459
120263,10948357
13424909,11002143
3274753,14024860
1751273,588674
15211774,7943055
3186075,14120359
1942335,4729456
99279,2196383
8558288,2539123
13405705,3961356
10995797,14777673
12502391,13827583
603434,3983743
5666148,6313038
4867243,7963048
16200886,7111827
15120146,9414505
4242518,8852196
350543,16554334
11962208,16109729
15335959,16741153
15251973,10914707
1448495,15969796
11609453,453174
8280541,8225889
10150559,9674263
12674027,8593495
9879452,3648642
206768,11788997
5329372,13391993
15311506,8244554
11048904,1618395
7428180,7311857
2670363,11924002
5238385,9913219
3405678,2633380
3355385,6304131
12079470,15885695
9108080,13624800
8532809,497069
7184176,6749348
11064177,11487491
7812453,1421050
3215290,5926827
9970611,2054275
10669269,11515088
5283630,8641934
8781326,13188944
2312231,14470682
5439343,6957819
905789,15237282
2454350,642173
125624,10018680
14853504,12506754
3887545,14681832
13867888,13873113
13050380,11079954
7755149,2826917
1733087,13726595
15554355,12754575
803431,2841014
1498061,2604124
14562065,830777
4473055,15084709
8539695,562419
4981403,3475700
4608210,6307911
2522578,5338118
12513162,10497499
14790152,15749491
10085558,14923728
3478888,12880783
8589052,8276227
2522416,14740392
8488989,7104668
15608226,5213241
15875339,4485487
14968089,452738
5341927,4608682
9840020,4783383
144410,398913
15153011,8473142
14048684,235088
9342034,775536
11713896,14787980
16269843,13132016
12503918,16664495
51432,9745829
3208428,7111701
5989707,13180835
8415206,15739818
16338672,14133997
4607010,12806352
6053234,7995113
3166580,11180135
441367,16582570
3005715,16028037
1597355,4230432
10671372,7323345
7613976,6982886
11745599,3733903
9829253,1498907
14919036,12547078
1097217,16421145
7671995,6269051
3533912,6809841
7102751,14576877
13067896,9425898
6256217,16534023
7840052,4097584
14556949,11901379
1401729,5093243
15966585,8152354
8199765,7155715
8111424,8029356
11472136,749005
7240872,6020194
16451283,11874234
14839368,6408491
2045136,3729616
7097357,8015959
4649729,1942548
3138732,6203522
11670896,14454856
8503716,5864503
5091243,8026055
965807,16716599
8094540,12098299
15793609,7944664
2219548,7870776
9172560,5362304
4575595,11149692
14184995,3611709
2035193,7015160
5279841,12789848
11747810,3791467
2524154,8980920
8946710,3915255
2523531,14966562
9335923,16738359
1625449,10635572
7885095,6658045
55288,11686369
11705892,7621408
2181553,10298514
12063309,3635823
7316140,4333228
11019626,5438021
6796703,8835243
11528441,9717014
8285704,851208
8959434,15409215
10659768,1266058
2284480,6131553
12496443,5083750
2319761,2427620
570822,838790
4032038,13710807
3435152,7768515
4794564,13295044
50571,14957762
6161598,8728653
13422524,8292027
9442191,12635797
718652,7721677
12105085,13646777
9008881,10850365
15322980,2456153
5631608,10371312
10566824,3715808
12947662,11519676
9758795,488719
10671630,7183697
5908271,1249857
1664637,7373598
9700500,3281396
15040220,5240194
3967382,645866
15221132,13332233
10879975,12719784
8098246,3996227
13524045,11130667
6005432,8456325
10621070,6172323
10562131,961869
3586808,13842145
14313257,8544978
16431411,15974293
15487640,14860935
1376100,911251
11017716,14487938
3195558,2846925
15208575,5269614
9282158,7812887
15499133,13143572
1682842,10560282
2774619,9387533
15647216,4479095
5084053,15937546
12113832,590034
10615306,9356656
12220270,10435051
12864499,6691514
12516499,7533728
10649303,750661
3215983,14516741
681395,11240973
1429137,5015596
15689677,12903210
419780,6343683
11009146,11067531
9064696,1063171
11574317,10674175
12742446,16224944
11374804,5812867
13718391,2158740
5554716,16243008
4645245,4235802
15600725,12545805
7262918,5078682
2479114,8810424
9446588,9265909
2985527,12584875
6714976,6330235
6166807,15361562
11806808,10370209
3810216,8479972
9394342,6915355
881764,7479985
4441798,11669200
6657447,16074524
10308170,7202105
9874427,188070
11221757,13591056
2454928,12457208
5613928,16095232
14154584,8596922
6897562,14743183
6193794,13641143
14553004,15966588
5302013,7361341
11688977,5960313
16425227,6992822
1223983,10150555
4823654,5258451
9855064,7823267
14113872,10629971
8977312,10349141
1488700,10719741
4804488,12884656
13429294,9415450
1331563,7896487
1765155,2737234
1899810,7423469
2046153,7022249
967633,1878366
6784750,13023399
4630762,4682632
8460404,15299918
2619926,11761434
2877516,15323492
9450180,16045948
3224455,9901912
227463,1391558
2316474,4288521
7587637,10835719
2012460,14050873
2480868,8978223
8570368,14438414
11402393,1676710
8717819,14035607
6832754,11029085
8196750,3057961
8551090,10719704
16733762,864475
3711000,6615271
778784,10170250
11573643,15866098
4344504,7315708
15575694,8718159
10674620,14394229
4204845,1421268
11635119,15656344
16055607,10791673
11644799,3238197
7350995,3118910
3803807,10256819
1980246,10041834
4795808,13874338
8935449,9731188
10091288,15344076
16576025,4704143
2415699,13933620
10287157,3330191
13974933,12267437
14859071,15461057
957867,8371235
16579880,16544113
12512869,3327813
6941922,2125972
16368689,3238559
4687960,3032095
15965519,16485943
10862406,9621523
1048986,3849026
4093040,5153553
2952701,13815326
780544,3330423
5346646,13100617
9912437,12738902
9068710,485634
9810664,341737
11843176,8450059
14194259,4310341
13512361,12143731
13924635,4650586
7251868,4022765
8176053,1672054
10234115,2012689
16339307,11772714
9276980,7928874
16535769,10954197
11484595,7127923
15242420,16602868
15536581,11424317
4825282,3163067
2589268,32235
2049159,5909057
2907431,11754193
15628619,12675919
10737592,1659829
8608650,5931451
12974578,710392
3211397,8568239
4339581,10162865
5293256,16537722
2028323,1488098
14099595,7282461
10078880,7593737
586973,7945832
2518007,10735009
3379587,305595
11604557,15313440
4806028,9416453
8694165,8839857
11814361,342854
8545236,6457027
10548041,10586429
6301585,1229066
11985463,11807579
8447252,9842233
6303894,548220
13950555,9068980
8287625,11004208
11702722,12895833
4161010,2478838
9505970,3125868
5438644,12756780
4536429,2049394
2060084,16775878
9147330,487231
3848482,10027328
9297658,692756
8264887,4949151
5392504,9948802
5267617,2209837
5321088,9608688
1666144,9764612
9692194,7701471
16491786,14712536
10750864,14323316
11941777,9975978
754137,3998896
3268593,379588
12636849,9979328
1044638,12481727
5611386,16206981
13059502,5938834
2837187,13049303
12174347,12233216
14948499,8545170
16350019,11881599
15694409,103664
4000729,16523196
4738052,10065724
7025815,5317257
11039179,14466752
14294198,5688255
1612065,8935019
16351486,14507839
16321349,10026956
9792860,1146822
5938381,5327170
8967821,10022225
15952908,9496822
7547089,12013631
8825136,12072063
13957661,9102406
7609360,15653018
9857976,5601985
16315139,1522826
4457464,16188551
9361623,6143760
9173921,8740473
682005,16241760
7694477,13780280
157273,5457570
2697735,12650842
2197055,5039822
10373578,16006784
12980177,5540383
8719904,14504198
6458744,11159753
12414688,1508281
2012192,6288282
15464682,6605066
7950478,10807910
15077874,4368983
7661106,16451241
6845857,10820550
14619449,13826224
16266463,4043460
3613142,1140275
5107681,12541792
5628578,4977835
6243165,15978983
1932285,4693550
1222311,11413703
1913841,8495523
157438,9641964
16297912,242468
13226841,6747274
8214262,3718882
10479015,10059191
2404443,5070944
14004991,13215593
5003069,13082736
15010233,6025158
11114883,1289818
8290311,9154595
5940501,1325593
5737148,8983989
4157901,11094983
10598980,2961838
8376116,1978142
703840,5600701
14449542,9076537
4524472,10394151
11479193,4967202
13967797,4782691
7859745,8075974
3490637,3328719
15109053,12460294
2575902,9339318
4452512,7846635
5716024,1861081
10827931,2490146
7589137,13772252
10559852,4583299
327698,13914823
4961051,8471834
15375398,12778485
15504681,5356427
15427241,5824404
9480233,12137141
10087125,14296229
15114259,13530300
4817710,15368285
8568869,6673746
10347000,8113219
13888297,14029327
11084769,12470043
1149351,11191851
15364369,11480596
4390128,360140
10725977,3673550
12621415,16135784
3237589,1294791
2199300,13276919
14603871,5771742
3011740,14825231
7376187,16709881
5423725,4980154
7745873,11349173
12253532,1030280
15541240,15717990
7861647,391753
1596319,12351745
12628061,11956397
1043307,747288
10995719,10222912
12790270,9125299
12406375,13134020
8158168,14050731
7165035,7979187
1253504,10224287
8352869,3898496
7551632,415867
12076879,16721581
14874387,4051925
16297116,1356851
132647,16691424
7306081,626132
2749074,3798979
8455068,6362367
15091987,15428354
13450906,12943455
9835200,13965
1638060,15804500
8889354,2316397
8255183,16410476
2072664,16319598
7069652,1531455
7371960,3722744
6962737,14655400
173800,14037328
6876852,5459080
2674917,13230816
9821701,10916542
11135118,4353448
13760006,5008757
9234081,7580913
6607130,37403
6383458,977835
16472875,10740199
14817810,15291196
242034,11143835
1907700,11630172
9589389,190909
16089468,10219226
15196884,4748517
11496207,14332780
1964257,14975936
2418511,7402845
13652819,1522975
1613739,13748383
9009669,11257962
14519804,11915176
5787664,15465766
15087617,4845917
4303513,15044492
14008982,4652805
8963519,6984788
12232891,6960091
3595464,7656208
16099825,3509615
12981987,3104756
14047784,8006786
3614563,13953033
13796022,5243318
14599359,6875811
6235725,12005322
1263415,14096664
15520757,2571083
11977867,2433055
3994249,3721935
4552185,4887653
9723607,8688690
8898216,12177289
2487795,3807430
7173187,559799
14184791,6353630
6258747,10778653
12614237,6495360
1872617,16032544
1607849,7077466
13640668,9781192
13596714,153094
3216048,15470342
1252065,6804164
520649,11682449
16100840,14306729
12647280,10321258
14212088,11165496
4374612,5154678
257713,15600202
8830638,9451688
2190624,13937108
14477223,13344174
15391305,8805277
3649804,5202542
11586863,1609418
6974715,13003679
2669855,16124555
12326287,13513301
11332768,583551
5726721,7987880
7721185,16336828
10354034,6148043
13652075,9592321
4786037,13816855
12750259,3494801
13061677,2454471
12032726,2190354
10662011,5432363
11094592,16083862
2813648,3539751
7586715,12835303
11934521,1345882
2568396,15966836
1149498,6087280
16528689,9200012
7350583,10321108
12148142,4478088
4696179,812826
15069874,6264589
9823763,13555138
8842402,3531298
291208,1538149
9409539,15925711
6125797,10076342
9479725,9348114
5000239,11638299
8470440,4011152
5014095,15253357
4391096,2519828
3137088,6260566
3033699,6519697
1612912,5623202
9449911,576381
3601619,5973219
4609452,4424454
13368796,9380467
10935521,6655251
16293239,5170647
11820660,4240550
4252356,16193001
4238169,14557634
4388384,4741690
7451491,1925481
2878519,269016
1835404,6909051
16565690,2504174
16407645,6069614
106975,14902277
693689,7544129
5885864,6915785
2105969,9604705
2838081,16294847
6352489,9235790
3003133,752264
15004847,7481806
2693143,16426956
1398576,8143461
1493542,12211434
16514648,10005364
2650634,8457116
11082877,2705032
16243771,7944485
11503502,3510839
12230137,8467187
2308676,2785132
4885902,7232651
15450452,10501351
14400900,11474649
12434733,16267865
14613022,13319658
11589345,12729839
5293941,12794045
6969963,2209871
5203651,16731323
2012834,12684175
7549488,11914154
3197367,6595735
10018495,7985652
7857480,14718143
9802948,7927307
4385486,3137628
6573563,856919
5861007,14623775
1468151,15973292
11463857,9146877
5010166,15058717
10356648,15828218
13475265,13645735
9376872,2338989
6506356,6364163
13815067,6883552
10783567,15912656
13881069,641322
1626796,7877368
8894935,15887247
13850628,12422647
2704392,8648042
15233930,6919329
554487,10064104
1729427,11336300
754871,11650066
11177340,12112445
9985933,6411083
12925410,4144426
4982501,11135209
6556621,9106924
13187985,9335413
14497128,13576441
1049906,15751017
1807992,10115426
9676378,13529184
8273842,8587964
3375993,3682323
13053929,4838458
1334993,907722
13703747,14875561
15328341,15591329
757269,15065987
2730513,8036658
10508349,2016602
5014687,7197649
12668112,9327784
6541036,8331346
4621672,14840394
3762372,2505597
15096335,8252419
12109836,14167955
5976382,15883021
7949332,4845020
7112457,13423207
14850615,6103497
7500994,13738400
5646386,2015020
3347420,2008991
11376379,7050528
5573786,16180031
4481858,15603458
8691178,13779008
10583080,4997108
13370483,10383513
9666565,14321394
8387072,14125580
9691586,6985525
16554193,1607523
7117333,14019452
1938044,4667371
11292667,13798120
12853247,6812803
5748366,15895457
4557220,15101137
4444897,12987695
15843246,4408815
12144653,11939748
12113811,14541182
8686269,5351185
10569825,12738199
7645256,13934968
1247534,8569488
2328690,7302935
4020038,1516095
5768873,11330271
4368218,9328093
942020,15065379
15059319,11786220
7053649,12475695
10414753,15324547
1756439,4339918
7437741,12486964
3911360,6039706
8448821,740410
13069358,8432604
15487058,13889390
7418328,15107008
4611118,12833018
2470051,16143352
3963130,10734797
13137504,14530546
4815787,8591260
13759079,6608364
12737391,3058790
13891656,6876630
12993211,13964270
2249284,15589592
15170550,4849666
2007298,845069
2812448,11250883
15565341,15250078
12392144,7681036
5400549,5911130
14982886,10766408
11709660,3328493
2753655,4166462
16075248,5420625
14756623,13070701
14101463,3224111
13662981,14394053
12121743,10223769
1268433,1494768
14018013,5729561
11360888,16578264
16614101,14900984
9618304,11746740
9097763,2341983
9768603,14438808
9344741,11293982
7362586,9524097
14759988,10373989
3263649,8892013
8620369,11031071
7210577,4523821
13350710,10522483
3910507,7488519
10550280,12398455
11509860,9059958
14632355,11074469
16414869,211173
11857194,6229866
11367821,2762820
13311230,3729911
8920150,10904654
14524308,12150379
8592571,6410944
8606293,13538583
6634517,2349599
2840174,8883403
2723574,10794327
13534829,6260056
14972320,541948
2235985,2783826
5067149,370044
3207394,3707886
12494048,4012163
15467324,8359243
11232428,12009371
863151,9681831
15471955,9341289
4476861,12393188
10172679,8827401
12160862,3257147
6349010,8557217
5736683,13301708
6535993,3391992
12954948,6583832
4533821,5571354
5765000,14031300
8503361,14232006
3150058,534901
299388,15022327
12720250,10324056
14605750,1621752
16430347,5208740
1959034,14788788
12333227,7328441
11091629,3405481
6173662,1833053
1184747,692710
11474836,16284186
15228552,11599538
7292214,3167066
5580529,13340632
5780182,7038564
420816,15023377
13166177,148747
10365659,10643838
687091,8656429
2074937,10093672
6011803,7737174
4003008,13698417
8759463,7750694
6984361,14385707
3936664,10330163
7965469,16079823
11581626,6948726
7441734,4476689
1116333,12341722
7298122,13848267
3214222,10362208
14626934,9952435
13452216,1161546
566472,6381579
12126901,16269521
8070841,11063590
4844747,5295483
15990383,4539240
7088384,11838861
2648172,5955217
12291054,10511624
106410,16546080
656112,13118405
1386293,1855121
4177020,13294032
10105382,5499534
11017597,11098667
901344,7051337
16485818,799943
4821508,11968100
4187943,13675539
145811,5047899
10092161,9318943
3614333,2668660
6337494,13375004
5923979,4529227
15106544,15162621
16738007,6076935
1166564,3854920
3730723,15182486
4014008,1557443
9020206,10041480
10576401,6589077
3339566,2147659
11122760,3071474
15231819,13273636
9290267,15752474
3740152,9355657
8446473,4352379
10332886,5425175
6957030,4877445
15622753,14503776
10797221,8400185
5600269,12023953
4069233,9445528
10709623,11214546
11670588,13369873
12808768,7339517
5500117,10441097
1229827,13168286
3164201,12133825
8554744,16377263
7616328,1434206
16512176,13950856
15249050,352689
12693169,2709201
1723355,9075406
5886658,8586879
6015534,10467974
4137698,4573602
4158045,10619711
15643842,10154986
8030485,12914815
641579,14623172
13040610,15253067
6467008,9656503
7902831,11990730
2351080,13834912
10457571,12354698
1958998,4404454
11216859,1606024
16640641,806966
13022039,6023198
5629528,9283986
12286119,5813366
9759119,8904155
2229612,13864345
175195,13867984
11875301,15978076
13452556,14469970
812988,14240582
16326007,12248864
9453621,6089337
7117413,2962989
10149451,7728682
15650677,3526659
12820602,15913399
13387282,1817999
16564754,13455656
6553042,13567323
7812362,15494321
14116887,898861
6975934,5019239
3474265,8653216
16251319,14036320
16202983,16359679
844802,13009442
546091,4894643
2061548,7605470
10160074,14707898
14638991,9146882
14614222,14666049
12824,640188
278327,5927631
11909628,7008402
10473117,670373
13911433,15466465
15840831,15331729
2123170,10003062
8645939,3146882
5367108,6856981
13143485,3342870
4259671,15391212
6372754,12304505
3210351,11399439
6743316,16544175
7495143,8476208
16792242,14491600
10550540,6243225
14902414,9557130
13981152,5680969
1972296,2717509
6396199,3545874
3559570,10145726
14876174,15164010
474838,9192750
3929586,196126
16352970,7214541
15811709,9220544
14855781,7868579
11508400,7099298
13963892,9599231
16132413,11122227
2969966,3021518
11895844,15248537
28071,16597457
16059540,16227549
4144139,1681504
6997397,3668978
6251155,5572697
2995763,13237982
14933054,7909561
9163851,16422177
16122723,8707491
10220246,1242953
2677623,540531
8759292,13075241
1333307,12801202
3907283,12539256
2493108,14556702
15598004,5397708
5464087,13136520
12403751,2542775
1275258,6337067
3484094,10125834
11901380,1930251
6234944,10874016
12975894,4864895
4671012,6202784
4680379,6629329
12770342,799747
11801715,6500308
12865663,14288586
14711849,5681292
2511643,8519165
12909270,5933132
3543902,9142409
2557804,8236490
15168681,8247241
9437001,10933252
7602310,3022962
10364111,11287053
11070733,6190568
5722323,5248837
3597476,11636943
12560917,15282863
14506013,7401729
3796427,2203072
10459897,4948576
5252384,4605301
5411324,9977426
8291444,13047429
6352793,9206929
5100937,580649
9431026,705732
8984708,10133054
6326899,7913930
2343335,6856674
184214,1585644
11615985,13821776
13011712,2646639
15344519,849451
14235174,13724840
16370043,4323268
10429678,11254401
13915158,15452164
573215,2670764
15809884,11460000
4257720,3823419
7271590,15325438
7193397,816442
968409,12632355
3657464,16560540
13280667,13282676
208248,4537741
5896504,5813893
15952406,12879450
6905202,4383700
15235711,8694263
1459185,13240264
16071164,16316247
9383514,14420744
14726289,3856817
14057557,2653543
4406093,7736389
10489815,8409868
14707593,13701144
8928869,4970011
8819774,224569
13710333,8464811
8730602,6413500
16627491,9995516
1675677,1544454
1727514,6650427
8348752,12695570
16296904,6572541
5415328,10861462
7019764,7700825
15763377,16422979
3628124,9186570
9149768,648419
13679430,11179845
16216153,15872734
13315394,7112092
1979587,9547923
7731519,15532818
13554666,91135
15941216,10517223
15119134,12204349
5919506,5204245
8206795,7034957
5890972,1257783
10414165,12600429
5530410,13874522
8345143,1920372
12439072,14635688
6513359,2047846
767895,3652242
5229531,10057093
12758050,10087241
2723853,4059678
14853087,12650008
4392434,12284292
7273789,16345044
705465,12193738
6611367,3671929
8112088,14835545
5448601,5405444
816498,5051919
2787907,9465720
4178128,13137245
13133497,2045769
7610115,14184098
16600667,15935213
10265565,5032684
10961120,8469750
11660174,3760894
6214792,16543593
3376458,14669854
16465413,13221466
7867496,3535905
9879432,7899943
10505684,2827981
9695294,5506396
3421665,8614169
13786634,11717158
14381566,9129899
2001066,6520387
5539868,7087602
11878700,13238276
13046975,665101
3299286,11236092
15415701,13338609
12224743,1770867
8338866,15300313
12666583,11205081
6341408,11482063
13986058,907391
5689406,7496815
11471543,16267405
7170924,13624247
398006,7499236
11765964,16189014
1975378,390463
2826431,15439
15129408,3042681
11497702,15875517
9771767,9586875
4361043,14142430
12087948,10605257
10567742,12288066
3022279,12643523
13902672,2698893
7666278,3472343
4766705,5820287
15394653,14786116
12337883,5472351
9392447,11601127
3042318,14843679
13419780,12728436
7294087,8890299
7925004,10382991
11012493,365848
3323558,6311931
6586550,3467452
2369417,11713767
644441,15189628
11917756,1834949
725695,1843622
12633243,9591729
15888265,5932225
14731520,4671862
11230951,2505698
1506385,11268395
2595444,3713946
5362349,2389705
4267195,14901530
9293195,7079261
6554694,16235027
7749797,14509005
15116422,381757
8909670,8372414
13304383,11361633
5297457,14240728
8112399,9474125
1170503,14803522
13337271,2426119
5993937,2389997
4532204,5787717
2272044,1065568
5202580,15063532
1084188,7591476
11896368,6544935
7272988,14831332
16781172,13559491
3486743,3790189
13608994,11861008
15402672,2517591
14532323,9785301
2271622,8450632
8182861,8569262
10293470,907689
16711731,7182123
16390760,2021104
10938037,3628454
12762079,5695973
13114888,8813663
13222858,16742838
3593927,11510162
14047169,1979564
6079693,6018238
10252606,11793572
11781153,5927616
3384590,1337502
10634190,4131316
9322753,12991669
13287888,7658033
954037,9877858
2394493,7254736
1690395,11874319
4933723,7802018
9613233,15737643
12034717,12723522
11071876,11127855
7504883,1930863
3761048,13028297
4857826,6004327
16310373,2060102
14305997,7644336
6264000,7118210
458140,10759426
2797118,6719018
4283428,8456811
16060448,3724784
517396,4245205
8071812,12705414
9912893,7297229
7252580,15763050
9659329,14626081
10090553,1293296
2796493,11971689
8294934,3449476
16217074,11643650
4334762,682953
6680616,12910723
15074750,8064670
5198750,1733915
5289814,14958073
16586256,10189189
11760714,5956711
8654533,7994517
5770381,11579231
12950773,10740043
3373485,6462530
2594887,1534877
4009380,16583756
14440566,12908974
4228936,11325847
15017428,12026194
6202620,9402731
14898214,10939872
8821715,2857184
16708677,4572867
7952308,14164419
2137090,11877358
13806240,7382185
14938331,10422002
8255277,8492340
12926526,10812025
13380193,13016103
1801999,9744447
1403272,7095244
5096639,15024386
9025324,9150141
14215961,5919725
4050387,430446
52673,5366226
4160267,13015896
4983799,7844341
5308094,2241697
12474172,4964955
6592403,7434079
3625610,9058988
10274835,8185504
746010,8002233
123313,685121
5189810,13902450
5644310,12882274
16168732,8707845
16347287,8429809
8585066,5275147
942699,1378447
6043264,12816754
11454549,4724585
3350784,9014963
10223479,12332388
7060768,6826592
7842673,11952432
7472655,8292457
5762706,9904997
10394448,1672861
16349083,4945511
38271,14449113
8228699,3196479
5435277,7737244
6748216,13362894
4431335,14692988
6982626,13703878
2808576,4131738
11358787,12655526
4811914,5122438
5683149,12417699
2578892,3358329
7587948,16585761
16652115,14106961
1080425,9449929
12518399,3659580
13812562,11179742
2638842,10046647
9835630,7039342
3124181,5525829
12715253,12571464
12862856,1543006
11347831,8716351
8964253,2779840
11846561,11135502
15155347,1280297
15370860,16035943
205746,9582087
16086710,5427733
8076267,15127885
8412946,288978
7246572,5162479
5023355,6981180
8184403,4335816
1230024,10904468
10074455,2765761
8900375,2441699
5329263,3832729
15344288,11567469
9094147,8577000
1645943,6365052
7995011,7745570
392529,3753133
6888643,2927692
15723935,8669367
6468947,4768825
12457909,1081319
9790429,4788712
12626062,9052758
13033764,9683712
9287208,4172602
6742212,2643898
4667948,3097487
3136429,11299662
2687782,13175203
7225243,5567923
7032984,14610941
13396315,14018305
2715608,8045804
7991716,5137368
15476846,1733396
90257,15265898
14856128,2359012
7351275,1606966
1729970,2274947
14709484,13619589
4023423,7969550
9858472,12359449
3134567,11850391
394090,11471597
13094197,12550730
437559,15583064
8449418,10284389
5739578,8710037
10038469,15728484
934210,12338393
2587406,15199606
699433,2712492
9752236,11355708
16447700,14260690
14706564,15575318
6666144,5407266
12604850,6531215
13269626,15819557
13851333,12631581
575281,3075632
3360840,12889519
14564008,216435
6397652,16442589
12602881,1611061
9111547,14795762
4344997,8444913
9867262,9396686
9101395,8251889
4278520,4921107
6274090,15314612
11812500,7676995
11115080,4116086
15896071,3655848
1327706,829762
13107680,15988440
14627299,12990146
11798453,462160
14755616,13824601
10086177,5834862
5296057,14896575
1065229,11448765
1449737,12313590
12720620,9495174
7794003,15938278
3127851,15495429
63583,5282259
8488423,1145646
8133864,516277
14079658,11088634
3899537,3798923
8872130,13756935
5201920,5308239
14591512,14157120
7311454,13435143
8963455,2567226
5679339,6115703
16217607,2331511
10547287,14401080
334996,9678942
16525678,2770820
7976909,13177485
309844,13688331
7292309,13546291
7749501,13688595
14071348,218625
3958268,6355848
7066811,16718002
8721340,15382695
5749115,3779560
11473123,3893167
1521432,14032456
383864,12174846
14538945,8524883
7551707,12895716
11383984,4514037
894524,10407831
12698244,12586613
16418071,10404623
8283486,4647350
2094122,16541171
13010406,13255866
4085482,6640809
9359239,11481677
12538764,15361954
13657956,6274921
820071,12307456
13483273,15519783
2509433,8524458
5537477,11471844
3306749,8114847
4583194,15504495
7535159,6216966
3777398,5983157
9694793,1253587
13277425,15844207
5733477,8301152
610243,10301205
11312603,1631645
5831445,6613691
4869339,16761155
3118434,3016964
8503616,10452206
12560285,6691245
13561771,2366314
14197348,13700540
42639,7549688
11863326,842342
8476452,5749531
3237513,14449886
3870229,11231436
10869151,7858724
6664113,4050152
11489822,13651177
9990537,4444043
6674082,803647
4665366,13704849
12783874,2470390
11258101,2069502
13409620,5861411
14450326,15048469
4592377,2963508
13910143,5572121
10464184,5942251
1416281,13945333
143796,16567035
4879550,4149637
11879638,10844892
8013009,1309211
8855100,663118
13641469,11743770
2038042,13798036
12187538,5742311
2718701,11994289
12140056,14002245
2942768,807050
12015200,13096320
12681246,7539586
11359655,2768655
6593271,14347845
7806789,7686124
8267311,16508171
11481373,11701266
6502652,5649343
11382662,12508850
12908703,7147046
3598965,3923568
8885623,5189878
5046607,15688754
6950190,14977436
1550435,14471723
7859618,16180570
12776506,2920361
14457943,3199881
2487314,5179117
12928164,15072567
6579637,8751461
15256848,2072304
5365852,714306
9320850,12104886
777661,1277318
4995989,602838
15245171,9666115
14072059,5875651
10414112,15639136
15935432,2214885
8944642,13868808
7938450,2519134
9777421,12169777
14699717,373496
13856575,3586419
11418105,10658698
15536839,12479802
14817378,7575063
4937730,7117124
12985761,1780340
5009741,7534655
9672624,1201812
2159400,16552531
12128487,14744622
11688242,8741801
10094709,12601654
11768238,16704691
7686482,6841342
1477617,1538374
12075126,6726510
9637170,8826363
6915747,4748559
15671859,11378066
16678021,3905335
12202646,6476777
8569387,6890855
1567442,8642081
2310632,5880211
6861763,9687047
16699364,10005419
4483381,15003457
10778351,4482659
11513949,10149061
14485954,7424414
3441177,1759172
6188472,3615371
8185313,8365587
7120223,1242092
2612635,13788880
4200775,12016789
3210560,704311
5243212,14693489
11008702,6908674
5072378,12843901
6794482,13396847
9451200,14268323
16041681,1121801
16685759,9250565
8712527,13700116
16695253,5440678
15428678,15135301
9620661,6712737
10059596,3789477
12924515,4628741
10773231,3944219
3994756,14180178
11550837,4606826
5644326,12637353
10465497,16550634
4988129,14543826
8433929,12954734
4612384,2359824
2624176,14711598
6594410,4730253
16089519,10973198
10750564,3940189
12179507,9500711
2696838,10258018
10119982,9935193
15075763,16270897
1178812,11085384
12732096,3600328
6422134,15922282
2924800,13498548
6831534,4889761
10374471,722375
11308572,16496473
9611880,492695
1515184,16540438
1602022,6183974
11564846,310643
3578865,8155273
4528759,11800360
9962074,1607161
243030,14900829
9843189,5957900
14564775,1042032
11658776,6469455
15189499,8237561
11947732,16386389
8909985,2173509
13497054,6796613
15998239,9681300
4479348,14260781
1450472,10188101
7769677,5256627
13182012,4853238
1676022,4814937
5003600,5582375
3734826,8593252
6733591,5629014
4238983,15467661
15279877,2981945
15834694,11721494
12841348,16404500
11193648,2867994
4204966,15167701
1979530,9099079
2556049,9861634
11491436,10416023
13293040,9025579
3229671,14098364
7011209,16240056
15191179,12535182
11200887,10411843
13596986,483218
7598895,1925147
11918785,15248410
3038148,13161381
16759519,3683222
10273794,11713516
8711915,3151229
11106918,4518006
13809768,3171835
11800668,1182149
1592350,15519325
14039563,13148429
10721740,11269616
3439077,16364388
13056251,5497623
2055643,15766313
11078194,7279596
9522579,3065580
10500988,13458268
991763,1757616
15651614,9342609
246402,15672786
3303765,14119749
5923605,16638042
11830595,8089338
1072530,11383075
1646290,6308150
946100,1686690
442522,9324851
9820030,13351630
12969785,11105322
12993978,2459538
11511141,15417865
14020872,14400918
4464172,12329795
5425099,8608206
11312261,12057167
11683125,13500743
13017725,14853270
11230747,914503
15038342,12432429
5748900,2196373
2139698,557684
1393367,16724154
10561214,7102067
4006009,1154830
1697099,8661578
6383553,10492646
9089299,3350148
5903656,1133873
7326483,10688187
986016,2114119
10594301,16533394
16707737,9392745
8236514,6935748
8129601,6847005
14063986,8863635
825059,7444689
3348178,7821069
471300,7884616
2134604,13968466
13901974,2439506
6847098,8917858
12085968,11019222
8626984,816980
8754474,14487707
8455625,10697235
7399597,1990500
13080619,8112218
12583539,7929191
760204,3816681
15503633,15594182
3764321,1049558
4442743,2761500
9085311,5001956
8939015,10010399
822867,6096584
8092325,8940296
12089812,3028149
1880616,15675526
7929558,2626251
9207833,7573586
5116538,9390108
6579866,3609436
8813842,5609746
11578626,1202875
12505208,15753916
2972907,10361412
7500953,7156224
5256159,4712795
11868620,16727940
7655481,13322509
8647253,280944
16045815,5614552
801516,4077321
11578155,16078909
2359416,15072064
5396252,9776366
4775844,4769172
6733422,9186184
2781599,7301124
14823240,16571340
8249526,7171053
1127783,15530277
2367423,14013915
2882690,7031443
7604535,8198854
13756464,1500383
1634287,8847583
8532717,1024865
7645314,16184414
11896718,10700247
3395459,2694407
4322067,9452098
4364327,12751383
13668538,1328891
12789705,924831
12761643,7801265
13635341,5307870
5186556,16060226
2244716,5534429
13206027,10563668
8260218,13972642
8213357,4382657
13849264,7643815
7468599,14595301
7814841,1915401
9367658,16671274
1507383,13899494
10343312,4040312
6528111,1761682
5203637,12860241
10025769,10628696
2039620,5516150
4838737,12846594
6912776,4288110
8365799,7550325
10033553,16312220
4238965,11671413
14413210,10652431
2073919,10285213
16444223,15412480
12674113,10415359
4796509,1027856
6865082,13269779
5686961,523466
6614412,13563559
15252039,1213887
9543821,16118116
3754535,1213979
13606271,6219092
16359225,14916160
6356568,11367242
12668494,14545951
7319916,7430260
10656852,14329420
12389188,7474255
6020381,7372372
9927864,9351748
2021065,6736334
4290620,13174234
3595699,13857833
3505687,4745231
6994101,12234874
4514134,12173781
12566132,4790328
8529307,15309264
6873682,6505880
13172231,14243221
11868744,11279331
4457909,10215981
315743,11176352
15452626,12417011
13837641,4373115
5805768,11520770
4140540,13787400
11279475,6542702
5970616,1022571
3024709,1121036
12626803,15332887
6820527,13013093
3261682,3684094
2840483,2191065
9192972,3394876
6255589,7422665
11690479,10933115
7764491,3031670
16023263,3920616
15267536,14921872
2973015,6117603
8586168,11045187
4875793,14817643
13881347,3808859
16229326,7536329
10734314,13522052
126451,4763954
7212964,6332758
2967942,9765895
12145150,8468082
15122794,2837249
394007,9800173
11224400,12878284
1104009,12164197
3636695,12955707
16064916,10548653
5054453,3665382
3364027,8252161
3906407,9859981
1261844,15972965
561276,8872531
6698310,14161980
6611170,7310335
3574224,6075916
4078992,7870791
5966900,7365869
10865775,591722
15939846,3077626
3957316,11994924
4515084,5206581
5120713,1452591
7793965,14585299
15198042,9386499
10021739,710482
4394680,115251
8164018,169993
1402378,11321340
11848644,5890810
2116462,4958907
2977719,8792624
1687740,6460697
11902119,11981532
6580646,6057843
10585858,11689605
13544280,717950
11972016,14672289
16068048,8401346
10622208,5615670
6692403,571602
4663186,13482845
6187957,5710686
9241599,12077164
5936150,4219732
16563034,7092648
12704264,8730886
10623330,8365869
6343234,9545605
1410208,8091373
4677859,12138166
1643255,9762521
16554195,9892458
9981472,1891882
4853444,3538545
12925032,2950977
3828158,3328037
2406206,8049645
21115,13208396
14412776,6270187
9719278,12636055
13565805,13500560
2810708,5507284
15191864,10622305
1766819,14652959
2132748,291849
4911530,10503340
4022147,3274630
6945738,7877469
2936015,15792657
9716461,12279854
12063186,6439733
8466063,3621394
9441904,9666401
7091072,13334986
6491093,7312642
9195955,8140135
2146978,2620633
1161790,7038274
5539752,9582687
11428433,5221028
13068057,9654633
3305510,13663382
4000357,10958465
9678370,8157315
10729452,14908055
5428501,2283597
8427948,1383060
13065691,10669758
7368051,14153112
7643651,1148610
2416225,13731663
9894287,10139446
2848493,921195
15263297,782958
14242694,10881550
6794330,13280481
3392519,1179460
8245032,6896036
2132807,9644297
1455973,11416126
8833621,10855882
10289852,8694920
5066615,5192327
8516130,10760603
10117142,11951280
15722751,14412204
13624006,8982209
10034066,3787740
16113068,3740778
9872347,4534562
14742473,11514211
15290424,3856266
15640208,14261080
15882156,5629716
691893,6235170
11576155,9076904
1445406,13288462
1185334,14836969
8971301,6662063
8431236,9470084
9515041,170438
3622801,9657045
14307440,11295750
12375657,9760259
9037878,6599832
11977245,16413646
8305148,3466082
11802697,14533359
7862924,12538673
1861472,11753793
15021126,5968688
16171854,4499766
433232,6649235
15392613,16693483
12216733,13851967
10343731,9755991
2537687,1275528
3957309,14169804
3751661,9755567
16510819,5412690
1396256,16210463
7111465,22362
4108914,10640053
9925153,14211062
10363582,3726282
13606946,14108085
9887956,12406506
11909084,15085447
6771795,3791152
3653250,6268654
10953964,13442283
7663785,6702301
2425308,3787624
8817879,4267972
85345,16689263
12820003,16430746
4903560,9019548
10809951,2230876
16237511,6155129
14720978,3758474
14145344,4483664
13361786,2680663
14889957,15826764
5603999,6774459
8446958,13442784
2824207,16618641
14546679,263680
7423304,8571781
7207391,4864690
225751,259574
1977782,8115232
1327015,816789
13703525,11521424
2404813,10165801
657359,8645777
11150301,14711576
6381505,15074285
3544544,4834036
78524,11840120
5379479,11647462
6313554,8088721
4296984,3019536
6224395,13892571
16522054,1333655
696121,109668
14289170,4022913
15088397,14195398
13984293,7249258
3392256,9034881
12801600,1100884
3816112,13387130
188751,5660412
11004441,16786983
8094074,16658625
421814,102200
16172271,10415669
8882811,10673578
5731968,8358104
8794021,2716626
14348042,10048409
11799137,9530472
3120488,11715465
10110108,4452179
12645735,368145
517338,902485
10056160,8889283
14540706,13824263
12885369,2285753
7919939,4319676
11413016,12402852
12209854,1346674
5740332,1364666
1412239,5491612
8012075,16275321
7612483,12347114
14824458,15164429
12496475,15836374
3582113,823042
8079507,2197600
5351485,5982990
12874318,5723593
4813076,13092891
12703212,2539639
9470620,3146753
9531726,11844755
9308611,8842847
5757152,8199411
3548613,16546212
10697571,16496454
3938100,9384097
14633226,7118307
500023,1870179
666431,7099976
11839224,16442128
13818435,275717
6707284,2833047
14841795,9740379
10806633,5177931
9355974,15092053
1469956,6264149
2792380,3699922
1122319,14101483
5684024,4203510
1612701,3666584
4864868,5981058
4565439,12934891
13059774,6891483
16691018,12649103
13070297,4653463
895552,16453704
6312957,3598269
11500050,9495376
3481836,3516854
1516592,8745223
13359288,2686283
10210412,3929051
13160305,1747176
7357096,4882190
3496971,7617492
12837773,7542937
15069808,5227854
600419,1079402
4405285,4926584
4418681,1299839
2199569,14187235
15005671,14249220
16010434,8219413
8651460,14592168
15955437,12741594
6044020,13586457
7504589,15395552
1437126,8422178
644499,946602
8455264,5693932
12641969,4379079
11449677,12716549
6039185,6530788
1708842,2958442
2982450,11292382
9714136,935600
6755851,2187440
4455750,11260169
7609446,3175875
8937766,13618010
16029361,645343
6364181,862952
10421800,411699
2161998,4180936
12623406,5379309
11044073,12180754
3111720,14301362
12328316,16603991
13676845,4269105
8838241,4189357
10837268,9701239
7681771,7405050
420653,10023635
2018473,1477101
1525611,13904324
5437306,12032542
12186899,15510016
7650348,6619821
13163860,3504343
11814148,1222197
12014402,9461965
6120490,8213731
3374587,16105108
14063873,6197421
10339679,15405206
15821303,14695549
1635722,5340944
15917811,13362053
4939412,10789718
14335220,1218916
4467439,9327050
8340741,503071
15911287,3673420
1690120,13561230
8394326,1272953
8989400,12326276
13883185,10248742
13045100,4968560
2602887,13311744
11699151,4687020
13670522,1486237
5789384,10989295
5233897,4495949
919745,12206444
8019468,8721143
12078745,14911110
263083,4752425
3842764,9455633
2678823,3388804
12402664,8840177
1718665,16065970
2122977,14090777
16550806,14053379
10026746,12152294
6709587,13053274
8739089,12352623
6240880,13523581
6727363,3082159
13355910,6968481
12627801,16105666
893877,11301506
9304614,10333811
10324384,12938096
11375864,10759224
6948689,13327232
16793443,15234739
8695592,8540207
3082720,3503540
5761828,11671765
11976671,5963187
8216904,9887978
6604464,7792221
3329760,3642068
1315266,16739807
13211275,3417914
13466375,8273876
1543292,13626906
3405516,4740074
2415805,14099624
15542070,1724497
3894828,16222288
4291459,6000326
6472102,4831925
11365929,4824805
6537050,14519611
1105356,4209880
11167457,7393602
6320006,7546437
11688947,15747674
10537965,7660688
7611012,13537681
7422520,13711092
5032471,13101017
13591608,2594263
2137013,4989225
980342,1022846
7553157,3078300
14365867,11136155
5145866,5076098
15390210,3054732
14578168,2769150
5180344,1160452
2805687,11287058
12503282,14457672
4488939,1686268
14131316,2003025
9151772,2498854
10419885,1467694
6338541,3585031
1388337,2042896
1662607,13543697
3662366,7275166
12556194,8085635
8931928,6516861
4323712,13524504
1876460,6327950
321015,5849808
5176483,471240
2293150,10647393
3554600,8959941
3013652,1313983
9592205,11327822
13812828,9039286
1439396,11864079
4342255,7100796
12962504,10976968
6217769,9377499
7150791,9677738
13505686,6994808
16496529,9858566
2548079,152329
7832298,12955419
1903937,14612861
6695763,9353376
4114829,3292704
8503062,7145128
2312650,3226323
4397150,10024011
10630221,4693090
1443954,8612101
12534394,16109065
16154029,8857014
10463916,2759202
7058433,14792735
3804889,14457460
297660,14176259
3243732,5209348
13530559,10931476
16672712,4284845
4078122,12306966
15902401,11794807
393471,6724615
3639057,15487202
14454857,15832235
5470949,15638243
6321158,16290662
13520690,12125914
9953511,11711548
6636689,8484044
1062671,4876797
16702790,12219268
3947375,14080946
12230510,532359
14839778,1198763
15535702,6640514
3179883,2423132
2275639,15779332
13736047,10042412
10285342,1857918
14772177,2769595
13950801,7261903
3634764,917864
8147567,7568996
8024174,14127820
11990603,8742173
5397280,9987491
15014235,9803060
5833941,3414520
923163,14826196
8563882,2640658
4859156,12094896
5274636,15060288
3628980,4759136
12689480,9664260
3879042,4840612
11014364,10482241
7605632,9708812
4772364,14592820
9380723,465454
4777327,10308982
6778815,7502694
13936482,16078977
13882755,6620703
14972234,4858263
11968229,12650849
5555561,706159
13795559,12906833
2155889,16612523
13821158,10724674
3472199,1606875
12248882,16333763
13395852,8659710
6263359,1197372
11444850,12308600
10170934,3773611
12283030,6668334
303198,7915784
11735708,11737535
798247,3106644
12628065,13400777
4556022,4236925
6144034,798564
10106318,13651611
297442,4521288
1204217,8056722
1047533,6942517
15095100,498905
15787830,9534058
1012725,13122842
4326794,5324266
5537713,6090251
15135649,16485632
2732468,273863
15780408,6028711
7585590,10932223
8989373,13439338
11699807,9955857
3367889,11156606
9883169,362102
12183378,4337356
5302647,4328625
12910986,12422138
7879247,8119269
9490861,14020332
3084917,7108199
13273115,11012218
995374,8472352
15547584,7215410
3000359,7462011
13568461,14974595
11346909,10559309
8522361,14509015
10985945,10457405
10722189,16420522
14721130,8784639
2866168,11578624
8119799,7364165
10738929,10321439
5572767,6031072
6229353,10485034
13623271,14484143
5181769,3117060
2202000,10308068
9802927,12217325
9833994,921448
14476405,12632117
1511153,5483290
830049,4023091
15380039,536206
282001,14409060
1604841,15761016
9023294,8414019
10350564,5940574
12618110,11221201
1611258,968907
1243993,9208064
9771385,5055037
15548572,7512092
9037438,15559042
10563782,12418936
293560,13473173
14103902,10185749
8599193,8349861
4755513,10325305
11002809,13290938
10368129,12236550
11952326,15759093
16699516,10014764
6973292,12441299
4264166,13924796
507226,12946014
6008126,15579848
6015636,647030
3008201,16688159
15062043,13658974
9771563,11609083
6935787,638636
1583163,11669445
5539680,4676051
1711812,10778833
1626947,5388442
11722474,1596078
3923,13787094
4109214,9441538
11843155,13265818
11683179,1041748
12265921,5913454
14666748,2792246
4846184,6412530
4781998,8588129
201171,10978741
11185418,15241567
5298350,15660638
7495862,13032810
5191264,15231376
16009591,6130593
6671375,4578289
16660379,6980448
8168353,4595466
6627860,12740827
4869866,16586048
15366923,6250154
1844952,15016964
1470708,14067811
14672056,14042492
13167954,11276534
15717389,9231200
13853565,168092
10168051,5686758
13203692,12005950
12368594,5235107
16021456,3940734
4793971,7905328
11707040,7606462
644896,5219518
11805622,166481
8763369,9493569
14588459,2188568
7555448,3563737
2600971,2954546
2472311,2493009
6681215,12711424
13722686,13187581
5153722,8677178
15640675,16147972
14858987,6072
12624818,15186265
16257774,6067095
14200433,11736369
7941948,8724291
397514,3829996
13617523,5054357
11437105,16183516
13492554,5935513
10881964,16001917
10285862,2348347
7636880,6153760
9453169,16602160
1212916,7063510
16520915,932658
6744967,7217324
9120542,10021707
6067432,10101823
6778863,15874449
13072594,11981994
13938613,1651748
5254065,7033937
8570625,8529406
3073925,11615961
4460544,9962101
12053963,14688855
15269191,6434318
5405479,5943990
6838626,12516312
4715143,14122300
7315993,6906772
11427562,9967212
4161820,8290420
7099454,12865550
16571846,2615844
709582,6365132
7199755,2346582
7385452,2097362
8898078,11030252
14546331,2441138
9567672,7596201
9528040,392857
12320246,6665859
5347925,1039806
12079257,4321046
3091060,4903106
445095,13012552
10440773,8465036
16776834,3212480
9217516,861488
5988542,4499854
7012905,2527226
2656308,12213881
12501928,15175817
5516831,16083370
8087049,1819651
8504827,1255280
6738500,7156943
12566564,7437933
6843130,3087676
15333213,8655110
1244630,8892875
1780842,8157152
14527708,3392409
5601991,509539
11243945,4582694
14044082,12952917
14955193,15370536
12002516,5857363
14996375,765308
5329956,1510339
6217000,1204374
736228,8007177
8737853,10117084
4968548,6273614
1771381,10599104
2786307,11661636
16666927,14566780
12788364,5795291
16660843,6492995
9109252,6625948
2119278,4448870
9241727,16702163
9461754,5203723
16004312,2798060
93193,10108909
120276,10749770
333292,12664527
7499937,10644664
11627761,10759837
15844923,344648
2012540,4320677
5040933,14064034
11615145,2404642
11620899,13769836
627638,14965452
16382186,747022
3747370,8788304
13136857,14833378
12396850,378720
11895750,5608202
15227674,1340452
16650386,8715823
12412458,3710927
9167553,2342922
3935031,8022138
6817531,10819272
6388473,14277580
6045486,11296832
13523138,9179066
3862050,3023438
15235704,6871551
9511441,691837
12453566,16407682
11894887,4968198
13668631,8443497
11967443,4045248
11509744,11916801
14668105,2418844
10099043,57226
6152054,15918669
3349364,8323574
7345737,9022188
1080865,14391608
1535719,7280397
13988989,1542479
4524497,4295813
273982,13438344
1041045,1582741
3304206,6926544
15443821,11178338
4315466,5867823
5629725,13676518
9972155,4405177
13086899,15350028
122230,8381794
3526569,3598799
8269947,13843785
3829626,14464007
13118424,2824250
1523887,13065941
13196269,12589034
6141205,7173302
7831557,14046941
11749963,446434
1239007,9354832
4765428,12140563
2520779,4014746
3833118,2671981
9884480,11320525
14610740,12363310
15308238,10407761
1326689,14104692
9720573,16205362
9606815,3820703
7825814,10430826
10421788,6774515
1151543,7997666
11583693,1548396
12456790,9201274
11472479,15276687
13470601,8603146
8019856,1818202
8751073,254426
3437876,15918433
6063789,167765
13470694,2412373
16259473,14639736
5764598,9518792
16221555,4917392
12754279,2805594
9980126,1948794
6822473,348637
4655576,3735942
3949949,9189127
8585298,6013222
8364369,12034220
15426139,1783616
13205127,991272
5204680,440697
8125941,10770776
11045261,15287538
13210796,10387682
16337111,1856929
9578367,3532527
6098132,7259654
9586907,10419596
13864740,8133881
16666420,13995499
7007737,8923428
14815007,3355479
84431,13560807
9016135,10941419
5162038,11935368
525608,9777534
12694736,4924633
1565811,4478154
5597241,1714688
8019890,2475178
2524995,14650843
9040869,928657
10799509,13160940
2245889,12469754
6771633,12964652
12283288,240726
14450108,13417776
6485057,11922019
7435180,8428636
7886188,2756046
6861790,11858094
12405931,14666262
9994979,14850216
16001638,8925895
2041820,10211013
6368504,4589832
16367021,10565606
16600388,2444132
8640086,11283535
10290320,8834357
11048305,12642564
13200268,7383569
8462925,11365085
5551140,6521624
10583485,6537973
7307406,198083
6840820,12660948
6796391,15043530
6150202,1317602
11731249,2708802
10545031,8037641
4926932,11406416
10402150,6087505
15709830,2736273
11254683,3316050
9548539,2171766
14305191,3490871
2404043,15737246
3205323,16165005
15681351,10173371
7576111,14011707
16442417,3770878
7756695,11577480
2498515,558591
14070341,6032495
11119833,3090848
5294543,14250958
15761133,16185744
5470301,15954803
3872349,385130
9153509,11290615
8840571,11343599
9051297,15507655
11855244,4985627
5839818,14221349
9892470,8171792
11878272,5239325
425466,2528979
8272100,3700279
11787896,16379888
6619760,14483581
12682480,14996277
11999978,11930135
15597547,8387122
3711147,1612695
138109,13807735
2654294,7280574
1073096,2522400
7314566,2196043
6018286,5428846
4289558,9736748
4835581,10134338
11403141,10829011
209864,15068131
15358333,12154770
3304153,2011315
7155092,6485505
5479696,11524390
13853910,16204146
11941981,11320623
2420304,9748126
10900369,6030822
12653095,3813220
1021387,7012912
9237243,12694394
14581446,3231487
612483,16685175
8871897,10048293
8011342,16650330
2379585,5400047
2769939,7429038
10750101,655372
6271015,802261
9073373,15692130
1765536,11558883
9727785,7824414
16389526,3442106
8224173,13655478
6527465,9696436
318709,6396244
14095592,420708
8174855,5565231
12247816,13065163
15844074,9545726
2342704,13273837
9236201,3408865
7537676,13189653
1610865,5640865
938570,6759394
14707500,3542658
2712579,13437006
9025615,433179
16490669,9902006
14714314,4096033
1047205,4423653
7891804,13753007
15979017,11601737
1412238,15156699
12053452,2771671
313448,12957495
11472446,9926162
11066937,8849126
5822006,551340
13539050,6738781
13025374,6558732
6781152,3161652
3966762,12915494
7926572,14001658
8061872,1568545
1660417,1804626
12593216,13324010
10924963,7137962
12628092,11137908
16729921,14221399
9334853,15355217
5385249,7617266
14227226,14105450
6336063,2152443
4357159,14829369
11134489,16042
10287780,7563858
678292,184458
2628251,9763384
2109564,15439573
983993,9446553
6882835,10042900
1825108,8249244
2900867,13737504
3414252,13644368
10188186,9339086
13262014,8575244
5744423,10028480
4744792,9016689
14511736,14640339
14709332,7572583
15976985,1056991
3773663,6198465
4340112,7112274
7797840,9035070
13622744,14803122
5170142,11504100
5295837,15703740
10307742,11973260
13414264,11021172
15253221,3597070
2528690,2691405
8557849,8250468
13566917,6010540
16775853,10691774
11841619,6173849
9597316,10632507
5139158,4276193
6122728,5691935
12807285,13057181
507210,235428
12298467,11716726
14942943,16679352
16588450,10388376
4040367,1918931
15755699,7157676
4735982,11139425
6529514,5641888
16394051,16514144
9331581,3574741
4918314,9612155
12252267,10406425
13198890,3323051
12709862,1992689
218976,12314254
12322161,6752762
16784211,9109424
10131295,7580804
14481113,8780458
7378227,12274772
14448021,12004503
12898945,14248331
2379436,13579784
9919580,2629246
4186493,131792
10274009,95628
12657218,7262668
11987572,210521
14547500,5617505
1481080,4824852
9279422,15294008
1729890,1430538
5543086,4820880
1192575,7635095
826878,10258211
15932830,1598593
8226378,15500447
15910596,7870958
8585267,10064644
11450192,9812514
4882915,12435434
16333385,9387484
4783123,11331470
8337848,6042723
4739979,4525891
2852142,6025430
6723593,1551279
4729008,10649083
16766234,10277002
649386,3231663
13598612,9322640
12674947,12886751
5596059,3371025
11682350,16470976
7741024,2384787
577702,12543398
6504893,3928712
2183930,15227135
4362742,6806625
711607,15030144
14951005,14954508
10937678,11502988
1569785,9352611
9078708,14501600
6744171,9755003
4513476,6612906
15314170,1466567
12629392,11996163
1361974,6863509
3451275,5951165
30030,13460662
6247543,5193024
12146570,5265456
16293785,13451208
8538865,3686759
13332108,6555247
12023538,10259795
2681133,7309126
11321110,13804198
5627327,2657280
2281122,9604598
13980943,8759017
13438165,6833912
5160637,3578008
8816975,4557485
3718957,14344065
2077427,13174236
16500199,805054
13122163,16225928
14312819,953890
3492183,5080572
14791774,3210191
5078548,8418525
1077936,520968
7374425,514344
9376444,11168291
3918860,1776
11160018,21712
16340754,12487381
6473460,12930808
9848976,9849325
51420,4075821
8393082,8084856
8895438,6052811
5058550,3015970
12490814,15544196
15434073,10435562
2136911,13671037
15428730,4562658
7277483,13256408
6736186,15939000
3723618,14832350
2565035,8124025
14360255,2505519
612442,15575885
13626426,13448005
14573291,3781650
9646764,5833065
11746011,14806108
9344533,9764070
14250502,5799584
1369501,12398662
10486343,16227508
2122796,5183931
2768302,14960715
11594888,12253299
9814381,15291006
16591152,1224992
10704884,2925956
7161862,7555135
5135557,10757871
9784429,11662481
12420030,15018211
2847537,12889093
16562766,10223485
8934787,294238
15093916,2945137
1784282,14180471
5568725,8587636
8245356,12459053
5852451,415421
2891234,706041
2407665,2002520
1845350,8565552
7032902,13552649
12956747,12504068
2788175,7754260
9081075,13059
15119428,10782292
5095017,1897171
3124972,3465790
6783061,1998398
14589346,7192483
5378682,15348272
8119686,15866162
4694278,13962967
15552353,7147846
6890613,2811176
8202523,6197367
2471321,7686308
9775606,15147440
15115904,12526063
332703,12517343
7161409,449527
7766835,15972974
833236,384270
244356,6455058
5255785,5757992
9177912,9939471
13623935,1333640
1365629,5891304
2746076,2089150
1687292,9621829
6427109,2802457
4888689,12475437
4905387,15685291
2828195,138030
8315688,14200080
4604191,2980828
14227551,10087694
16165342,11124894
3619663,4918767
824841,9662400
11336136,3443235
13276563,6035486
2746961,12029027
6489742,1962512
9237919,10426484
13455264,7997632
15826374,15324313
5466234,12706837
14998447,15826213
10357678,10217566
3467715,14081746
204829,5480622
16172434,1208419
6232243,1792181
15766189,10605783
2767243,4616626
8642368,12785445
4696514,2356440
6789432,1792319
15134185,487690
9199737,11317676
4215319,13296031
3645536,2937501
6062238,8997349
2983401,3521595
14317660,8602357
3692142,16774242
10512666,3780343
7558716,11332273
4035731,13420576
14452460,9861117
14466018,7738389
10854476,8051749
15057875,15484827
13585314,12542302
12130648,7016702
8603023,1203376
9297744,4979384
16315182,9427528
15261298,7152295
11516922,3471544
8188078,9488316
2457117,2412946
15348212,6662391
740829,10511317
12258456,3778487
15969096,5002931
4317652,6880575
14467772,13461607
10859342,854788
11159996,5951175
16395457,7496271
13308544,13294249
6508077,13676045
7279005,1444462
12385135,4192960
496932,921523
2178273,12941886
13586356,14062826
5337127,11703338
15944964,5781729
8911372,15678058
8127780,14299822
9724308,3604340
9632601,7491822
2203991,6524122
3329218,3625996
14807956,4897602
16663775,15756548
15270027,3335566
9064541,12013895
4922762,6090411
14627547,4849704
1419065,10971628
15319493,7556348
2554489,12669975
8811857,15889431
6358546,3411269
14740750,14840387
1379546,15254186
6731631,3178712
8360372,4725250
5671444,12020465
1232841,16141168
12267714,4509352
468753,15307946
14495807,16060534
6358846,3950167
6128320,5560246
13432695,4664786
12261042,13904452
467764,9173331
6016973,6459238
4554677,7051641
8256556,15784308
7889129,1239712
7181226,8200395
3535861,358375
13716826,2785245
4626665,3845237
524757,8670783
1772614,15340013
14675746,4276938
8954538,8179119
1324505,9991138
11343519,9825535
12596097,7058151
15645314,11612723
451300,788484
12275104,16540573
16307875,16267258
15408203,3115278
16217565,2272708
16480279,4146519
3801118,2594169
16372846,15386821
10180179,13971368
4721031,7285548
152998,10213767
8351427,1834499
7423274,4711419
13757742,13100347
7895919,5917219
14958124,9887998
10775528,14622433
5435699,378846
12703933,16387453
9000744,8283962
13508248,8141370
11982603,2559310
8992079,2607965
4621660,9500134
7622076,8856011
5637371,8957112
11275702,4407862
2418362,15073810
5616269,1880801
13533685,10039199
306508,6483629
8687053,14937580
7839843,6980351
11967323,3023216
12235788,6564686
4014571,8814269
9132452,12104230
5139628,6618423
9246113,13250899
8469356,2480460
1671223,16192374
2081107,16265068
8746701,5905899
1741619,15504553
8598731,4668699
12413460,5186149
5720208,13172908
5150120,11603919
5016908,1400577
9965465,4559815
16318347,16082028
1524242,16631016
5960390,325902
12579871,558931
3318313,14661011
10992359,2420022
5125564,7791954
61691,10515966
6937774,11890059
12006501,5633949
12970431,4356774
1727214,16743050
15194946,4260484
7676883,11531365
16435924,204525
15754301,13892427
9849852,2784906
8461873,16376117
10395245,6188280
3718467,4928476
4988138,11359400
901446,6374781
5064845,3741946
14904130,3615631
4404832,5588786
3933229,11863508
9833867,8574839
4243839,3688434
642205,16106474
16170877,326560
5820421,6100168
2955407,6504034
3652149,6306256
16110587,11870914
2383153,36474
6581386,11973773
5144772,6108419
4621744,3489250
10584728,15995755
44964,13552053
3039128,12350428
11709739,3016080
715142,8206879
10770793,8981412
8520715,8434559
1632499,8714945
2335332,15335391
12289868,14070948
5817569,13677514
7383331,14655885
7283465,3926841
3483441,15378660
9696195,9859491
12660526,205599
7191547,16141209
3195052,4670132
6457830,2205900
11958576,14730620
7480364,73620
4648176,13229375
12930328,11354883
12904886,13917350
13852358,9893164
10107251,8393205
11887769,5991470
6619101,16041565
12850437,7720213
8702080,3216783
11818131,13735928
15980766,8898874
8143517,16711558
11427031,2509506
4892899,14668735
7837736,5959472
1804425,3401967
12052123,11896450
8955418,3170664
136567,4634518
7110302,1522485
139896,12231591
3941676,12048937
11396273,1972679
14934076,10355765
16453580,14215197
9659740,8817191
3032415,2575812
1420281,602089
5229195,11654524
13311491,4629407
7421371,5597061
6308359,6277040
13067683,11417188
13392988,5861676
14374917,11136552
14711340,2737318
14521968,8966477
14280438,7178712
11142825,1032206
11878475,15758705
14414549,11373454
14350346,6305218
4785987,12820789
5489451,3514763
9526481,13849846
1399355,313018
12532993,9344356
6360612,11311374
8427922,15680337
7845089,10202657
14360426,10879319
16029757,15631195
16021319,3611010
3934937,782951
7038071,7343498
2512881,8602438
9416972,14195070
600108,15007292
1840464,6370897
6336985,4571054
10811360,6266563
9448235,12168193
7390789,11062910
12411461,2530268
12107105,12384664
16102442,11458368
5512789,15044280
8175677,7230169
16299285,14223547
4780581,10605799
8614198,2816557
7098605,13045049
12500379,4229887
5436861,13833976
9174403,16653461
7278894,9992195
6219405,11276562
2953597,2044128
14223388,3271834
13435452,9438478
7160358,7776775
9567562,13275959
10278878,15754212
11964843,16263761
10836064,9414
7742188,8606182
3078810,8259404
6993759,15786885
2791923,2806480
1916076,11705703
11237197,3503362
8700986,13648767
3201970,10211769
2242597,14860595
15165660,12702181
4671177,3240753
6846191,2529062
1166064,5807569
2304011,8565552
4194865,4605642
12947113,995503
7566317,7611919
14082847,12476879
13009630,10178385
4352161,10119824
6172064,15447068
5589836,4891383
1397175,5555646
5878810,14498988
2762717,5458137
7341513,15732360
13537613,12859587
3502886,6406859
16542207,8465554
8885991,10687520
11100371,3305567
10437524,11707571
3834545,14516649
5002220,9430146
2952174,15991816
4638495,2401693
15844335,6846730
11013845,15713797
6485135,10503781
10810613,15041333
8206189,3098794
8393837,98430
1069319,15298265
16564644,15837043
2107591,14286203
7499943,10635931
12710422,7740761
10532015,13299022
8544848,16399693
10601624,1964813
7289502,10294318
4979642,7798522
11681701,12507575
12546086,8750006
13576110,12740188
4101461,2295265
12443496,3309183
6524054,14607849
15822178,6308132
908218,10256472
7050036,16399201
12290638,13247625
13557530,8981327
2772730,13581733
653057,10652270
4719816,13325689
16243159,10722958
8086981,9464658
3436922,9819413
3307583,847893
13987366,1158399
3436514,3293017
9629242,12922604
7315471,2363777
16083459,4067280
12804974,614853
6780159,15318178
3689304,4952144
7468485,2977836
10756692,11376385
1254391,8622113
15227116,2836354
8964635,1519707
8526526,14391161
6610399,4513335
5282622,5998417
7510428,3604143
12142783,6675276
12887868,6270951
14574107,13319926
14933828,14703747
2046169,10169601
2033579,4965708
5917526,15852338
362769,4559940
1325287,371589
9047843,3295814
12038376,5087164
10798327,16164467
5785904,4685529
3356770,8461704
980207,9418763
14126881,13852135
629205,9807419
584149,5047737
15345867,10527942
12049504,13339944
16665168,7822181
2654890,10875667
13973391,12663293
2819190,7265236
9451460,9767914
7000257,1611481
4552383,15503087
5249369,4811077
4391692,15822871
16477094,5456313
12205994,9866815
11409708,15461659
9390168,13883071
14024528,297899
2134670,8953908
16710011,4396310
5525399,14535825
13795946,8967464
1431270,2521866
7954922,6269787
6288299,2043987
14933259,16414291
9829046,10371643
4504755,8432377
6534849,13413951
13763505,8903757
2348579,11529523
4519448,16448667
9829918,13990237
5795164,13192456
7987719,10283860
12310163,5202229
5894246,6407473
312356,12693526
11986654,2819717
2545786,1908207
11167440,6033762
7704267,4485754
8162818,473199
11829103,14564027
4896986,5676321
2635489,463490
774514,4793515
8481095,1253553
10818991,15268829
11723274,12639642
5834214,2596123
3528135,1944986
4500460,3201331
6345581,12714834
5034210,1947098
14507239,15989503
12136832,2921048
449544,8382504
9605061,14906288
13993080,13440661
11941379,5007538
3871960,1532165
8823629,11958556
3948394,12456113
3487723,996065
12877172,13761835
10805174,16329904
6623137,6373191
7973745,731053
15163334,3282304
479689,6870468
1726027,6045238
6774377,246389
8051252,14907790
4373888,2341083
9688309,2785700
427978,13578578
11190422,5831598
2864799,10509330
9664168,6503724
6312609,3900659
9501031,13182277
2655177,11320781
988241,10880451
7279398,12780787
201784,5600121
13519925,7703118
13548671,7155205
360594,8554074
2615164,11456289
9167291,16141208
7555904,15937128
1411186,12026206
2960916,5187493
10531433,2351234
2298993,5605929
15814126,174518
13543956,8606819
446671,6930167
10396460,1884725
4785646,6989343
1898910,14673956
15522098,2900302
14680523,7069853
6412072,5411059
10141346,12797502
8588356,3354815
1659482,4286005
247442,9659673
11513299,2681399
7326533,3526780
2299265,1966087
5791283,6301085
12754094,5213405
16580846,4943946
14788683,9156910
8359656,8930306
16025887,472308
11354229,4003196
14352318,7518462
16141567,15426100
2241187,16637022
1526872,2438821
2891181,4463460
7928863,10775486
1103732,7137220
3217086,11247995
14161973,4185820
5018993,2266526
16782660,10667290
14581552,2106679
15839976,10347128
11124199,11220068
12402323,3098148
15250195,14046371
14568534,8704810
6249721,3872804
12777033,3214473
11194027,8700746
8304085,10104915
7654015,12355500
3570943,14661314
2058568,3743874
15073447,14396593
3878521,13495989
11536398,3922092
2113581,8309719
12803007,16543514
14930379,3487294
4016299,10429179
687659,4533278
16416375,3535626
6944312,10039153
4835469,6802867
1763705,12333157
9713798,13715121
8830618,3539298
9359246,8278874
11791,13253714
429715,15887848
14456178,6822333
5159700,12887430
1080854,10060030
14079480,12302364
7088722,3515408
9441631,3224732
5701230,8096714
4476318,10540446
9052741,13251790
10692470,13531101
1600613,11506512
4829901,9142880
8790378,9255345
3207017,5235013
2047586,15469826
5503393,9052945
15301851,6754938
9258396,9945525
13948352,11384311
16402688,11160827
7457232,8265181
691515,8503867
1789720,13694170
6264846,12467056
16031220,8216889
712374,8176253
15795241,6761380
3332973,11540724
13424759,6120027
14421906,822754
1571992,607795
15238243,899847
11019521,11092429
12698611,2414307
2714570,5513407
15235645,12542713
7370325,1369321
3685363,9604554
11771773,7325120
6463086,11450985
9901463,14497850
16795650,238621
7711209,15612254
2096462,925239
11715481,12761640
16793228,3125703
11280849,1921811
2439652,14252209
4826144,11605207
958211,15841898
14781857,10101699
1906245,11523114
4139579,13848967
3894157,7532366
4902573,1221435
13057281,4422667
13419912,13711302
5043788,16315971
16259454,11029288
6515362,8281851
9054808,139755
10561829,7531793
12749553,8946287
6214745,12638667
4627712,4821785
883305,12184064
9294354,16241244
12944413,10612808
6816280,11233616
12572879,2763738
2614413,10376195
2684532,2626205
8619929,1626767
11519677,8351553
4558138,1465901
5716638,2928072
3514132,1782140
15220017,5496029
7791976,9865667
58669,12956172
2871363,6196409
14766934,11491494
7555706,5594017
14654567,1507535
4171430,13176474
7723965,9280021
13046057,5669439
3620213,13606695
11829890,11480673
14016360,4941161
7097222,14474347
10997736,12667249
7618700,14542330
6653796,8236885
2036940,7098730
10573245,537783
10362879,15301547
5117413,3006499
13698983,11929941
2683001,12659275
12591357,4244380
6202102,10267375
10328876,6603971
835547,1402496
8580452,2123597
11944815,13811333
424332,10052640
4216280,2805217
3350251,8121778
8179623,13799703
12666307,8202230
7196481,3967842
4996678,13799860
695032,8847204
7043071,3882685
1478833,15442273
11209482,12627890
9406254,16575361
6972962,7770122
3993546,6218955
13170110,5326486
9079770,12009084
3002945,2154061
6357778,3530631
3361335,11045640
16697726,10616345
14035092,4891589
14705134,10510463
8295880,11795888
123660,1730289
15256227,9410499
12040973,14398301
14398357,10647061
12119806,4250239
10443638,11302183
10227446,10913787
13967120,11571047
12363782,9373455
13653217,714291
14183064,14630950
7672650,15150076
15426742,8031558
2231502,5307378
9276631,15999586
13856766,16080222
4738628,14900023
6416536,4039996
15106422,13984925
4228728,16663967
7873342,8499730
3337219,699003
5676070,3566115
10757391,11564182
1558556,7579848
13387320,8484555
681505,6728486
11255919,3252023
14707929,12733176
909555,16209028
3728226,4361724
2549415,2434460
8237062,11688854
10586322,6980471
4737586,12233708
4535955,4190108
16544854,506571
2053024,13570307
167964,5701078
10185751,881567
14440081,9129442
11695862,15040550
47131,11914293
237788,4939007
6362797,11228970
9396424,15075962
1666769,15422525
12786197,14391149
1621868,6367475
13124610,15263025
4155641,13693196
9885737,3846418
3696863,15397435
8145106,3796492
14847655,6842303
12574194,16022735
4772782,7683953
8351429,7745637
12703064,412744
12620848,8345315
908110,14763392
3918195,3874715
14197302,1818605
814792,6141522
2591592,12191094
7589838,2066066
13152527,2548038
12744509,844838
15987014,328702
9331991,7399104
12644370,3506687
13952051,15031876
3746906,9808737
3863956,13281104
12628832,2519334
881883,11131601
16445984,11815720
14265179,12888371
15012900,9006722
4165713,8372678
9590100,4340427
3760059,2145922
11741652,15939909
11231007,4171235
9264762,16746579
8168493,13563896
9463526,8427986
9565552,5351532
9369118,16458992
7014931,9431048
10319222,2593083
16299388,13509655
11120049,5231865
8832786,8845487
10017047,9840370
14091132,4711616
9066600,6748159
10281429,4692581
9990516,3184059
3413465,10846607
13524375,1923281
11201882,4952780
11814357,2051303
7059027,9289448
4663333,8512145
12754536,331845
6287254,10258759
1262376,6068594
12755831,16527987
13666696,1802296
12825315,7454741
6131190,7102655
8038763,2872466
8730066,12216345
10959889,4387
10838103,13010073
1071567,12931156
5931946,16515707
2490538,8947207
14301946,1923584
5986719,13544728
4268062,15670538
5437882,16356300
9042116,13488886
8258462,14044242
14081927,7955514
1677302,5112162
11547615,7058543
5031111,8481270
3265363,3288781
2517119,2545981
11678658,11623668
426301,13435502
3982189,345519
9265535,10724270
8827900,12154756
12359666,8171576
6634295,10183981
540866,10646478
14398850,7862473
2597722,9539578
4642480,396889
7376938,7034631
16622759,13589540
13319262,16037530
10390476,1980673
6535524,246107
3304577,10616331
11740797,9358376
438278,16484182
2594743,13962192
10111891,12927287
2389675,15771374
12113754,5577988
7120405,4654511
14850500,1379721
9731558,6875355
11250465,3950791
16052458,4378319
12248849,10257209
13184355,7529921
6767699,16398631
8683797,15902082
235228,1403821
8277354,12038503
4981614,12688407
4766429,3973579
14301938,3842111
10790206,1435469
6769573,8354323
5894864,6405801
6255999,13787071
1080890,4441608
13281658,4603664
12778756,15558114
14561389,8697543
2477998,553885
14137954,11494669
7409079,4395702
16196898,16279262
9867062,6956853
2780384,14218397
12765654,4064560
7597942,15185217
4085323,10438234
3994364,5649923
8532381,1678306
285557,15232438
9902661,11562758
8222169,119179
3455434,10157092
3925930,5301011
6716783,9189282
9905026,12457087
4414803,3247868
14243980,9364583
9986727,13487795
9983202,7011925
16328119,139415
4291587,2210263
8898411,15456872
6139163,8041359
5462249,4644191
11290518,16401035
5254637,10834673
7017162,1650117
15310442,1337473
14489625,2073152
16792722,6685162
12854654,12345742
2966797,13180942
16377947,10621987
1365246,15445156
4130631,7257872
6202098,6177737
8297005,2813146
9112537,14171922
2302158,10855506
5129144,15132078
12172668,10079008
58932,14063717
6704434,15392837
2927646,15483358
15884988,2314159
11450042,15488300
8196032,10126879
9615801,9812505
10612935,9954447
8343341,5368648
16347765,11895078
3713970,15492437
4425253,14642427
3358437,16687933
8049037,11409288
9074247,8496564
9737500,5821325
7896377,4420550
10934335,4105216
5107750,1819227
1727217,255738
335496,282863
5538071,9977348
10356676,16684160
13952207,2449106
8542241,14620010
2568948,14736201
15146108,2256745
3807155,8058342
10111213,6879019
770222,13546181
11175881,16447934
12791917,5163261
9617143,11018591
12372142,6303666
1636090,7763765
15130151,8493852
9581999,16412794
6538849,3596205
15395033,14162769
3894938,6024888
15637133,7463931
6681174,7422554
2726113,2280849
3233014,8427771
2240821,386958
5034344,3333036
13403628,467299
14862322,1560248
1384036,8483187
10400796,5130146
15702650,16237573
6094087,7080732
8032692,7153370
4006257,11213123
310060,868947
11894653,11010263
11889411,15004560
14826262,7944638
12568020,282652
14069510,11711091
11604664,13544759
39332,5886975
14210610,384236
16505524,11121722
8725494,12318216
16456459,11705299
15172401,13852387
16514694,9978117
13893916,11755063
1999622,14165573
5945018,16231695
13414928,12018622
4464889,10852617
9246769,15700023
12803549,14499008
10409341,16682299
6295658,89514
2360276,981186
6815306,14479665
1019166,2193280
16638817,13836107
9506190,5004622
8959089,12835939
15078850,13953081
10177492,13488743
6048275,4738793
3966140,14121435
12351705,15373557
6546072,11083249
15957698,1567621
5877895,11516555
16681785,1729089
16047141,5821307
9866500,13425873
15860939,14535346
13063784,5953360
4213453,3286581
6411494,6291135
271666,13735647
11858298,12812723
5103246,11469256
10506841,8414606
15766901,9204265
16140099,16409621
14788539,7865799
478180,11363660
12408585,12216769
12085004,7426050
8383869,3288029
7250495,7140308
4967193,2053600
5413748,3162404
3197698,16539613
14559085,15317027
9116893,963297
6736354,5891677
6255070,4119747
14192515,3598422
7440260,15660545
3627808,5941566
2055713,4360431
8616499,307850
11047494,13708914
4253367,8950655
15789699,13975272
9926715,12534450
2099175,4150178
6207551,12421734
13045249,7618207
12997449,16161668
16341226,14668273
3031445,946610
273215,1766592
15827364,6990564
9336196,14759800
15489863,9787039
9257706,15704514
12332386,13484512
10397768,3965945
11549405,4267167
2921837,13245085
2869962,11344963
8799757,14425387
1295462,12710381
7306545,7383842
10861947,10083646
241672,12215309
14760710,926178
15678392,4241756
12713597,12206610
9761349,7317043
9005341,4652439
5726785,15508469
9074661,2896529
5640560,7811334
16671959,4726418
5974535,5839178
5554230,8315925
5819953,14033949
4919553,9912075
5180840,4565773
4775507,5442228
1363254,10561849
1437704,3310099
7962137,14297840
4100144,15021767
5705490,11500003
3183005,5578117
7023298,4896524
2701345,14274809
10172599,5201283
6542917,1133489
8823615,14448751
607272,5289818
10484433,5358775
5700174,14777431
10811101,16430142
16163025,10007400
9247612,9395671
15932466,8654957
6357661,16122286
6664958,13424127
2923575,5408722
14855224,13139176
6052142,1104129
793473,15221718
5358937,1457401
3001347,5511271
9571084,10717471
7905648,5941575
10641799,12059387
7273280,1503813
15859985,13259187
10844161,9553237
8983068,2656645
5399856,1975177
16012052,4730618
8569273,3620825
10057346,6645916
1382032,3846297
9397853,435199
2019496,4942888
380239,2035000
5521791,8337126
13520331,13591166
5197927,5777709
3414818,4931430
5114104,6452321
15364649,5835524
7989582,12937408
8351956,1946694
6197509,14069555
1818943,35234
11117443,7425805
16654301,1495621
7840594,10642327
12469348,350828
5423420,11366823
4102764,12431024
12372804,3920716
1536989,7909625
575908,3912411
2336865,11410774
4597353,15349033
14880585,6034567
16300900,5975417
580350,13273040
9240745,2993855
2218495,10431361
8104635,7978731
530021,11799450
12769852,4429528
15393132,16544953
14046144,3884868
3149611,5479360
5423971,8209412
1346990,4675245
1730987,1133198
9051796,6694188
1520453,11915883
8915143,11094619
12764938,9985730
4260424,5137280
14390925,13598022
9990824,12045235
14602532,12136848
11976139,14562147
14846867,1694743
11715666,1933905
10979554,2849324
630090,10734567
13427431,6444837
9204079,9270352
11935100,13688779
775722,12934892
8799720,15622015
13299260,13642679
7041306,6861171
7323343,4515183
6910495,15494768
8299281,1906397
5554567,13098779
4955858,16573065
15303558,6118786
6603441,277083
15487841,1792536
2412263,4567194
10376918,8440568
8235560,7971744
14690713,5774731
4784057,11184321
8971857,10307132
10117834,12362431
16005551,13298131
1031344,7919054
7083581,9370446
2594851,6909085
16599852,13253651
12964876,2198989
12348991,13772986
15778465,8548340
1437245,161518
3050296,10509675
13399425,1700502
10591996,14551437
8660098,6323075
9969103,9734540
2020034,5343451
8615733,6067159
12525654,10542777
10654794,16234526
3661253,4727367
673787,8853747
1423574,16448924
13637444,895959
6842538,6681662
12549813,14950754
313545,12559820
10296179,3993095
3826618,14340278
8639320,4153672
16577540,6859311
10164398,211361
5323061,8681393
16695280,10290112
7383828,1492299
9910701,6264027
16320181,6473684
8062614,6628530
4576664,10335959
5694236,9150273
6835248,6003639
486829,2481205
1592150,10907988
14906667,1914499
1751950,7127537
7480573,13538201
2725115,10404303
15713656,8062309
13257103,11292734
3726499,13695265
4159442,3471698
16123799,11801437
9117004,6627935
10995245,9509732
1351378,8716740
771807,2161507
4670057,8028915
1163373,9024489
9352011,15893455
15648014,819748
1085222,5076407
10566177,16556837
12656827,4050048
13744598,5220453
2071202,11300212
1271459,4075699
6615260,12680292
3365964,6378573
9368007,12972978
16760529,3151902
14696995,11358629
8907192,10918192
2493970,2607902
11296478,13412959
4043105,3500017
14144576,15500806
3362822,8061241
12859363,16674868
14115320,7343862
3511172,5595130
11610161,8602682
10967109,4435839
5957798,11791706
10159441,1406198
2190299,5290232
9153757,10956771
1716894,12448262
2629960,720159
15904340,871730
6121272,3272908
12695808,12733702
8798240,9667109
14104406,12977004
16049227,5384480
12816864,14454620
4666859,10974069
10100937,3219619
5573964,14593405
5445428,8996144
6602146,6284447
2749530,3195742
15181929,5769826
7197192,7113740
13695052,12618194
11738074,8271347
11752508,547998
10320488,5515995
12851685,1727244
15816941,14927066
4530454,4825809
11953580,9596078
2327849,7538675
11926807,575846
15201531,10458037
3956173,4687896
5811124,9902415
3599809,1580785
12111918,15084273
6862736,7804765
4324869,5898041
7095088,16171689
6620662,7508241
12764031,11236677
9070283,7692066
3425452,3024937
7057101,8871903
1908088,5837839
72896,5405305
5603679,1413144
8159748,8708449
6370838,14213282
11500963,4600512
953487,3598308
13076037,4412715
5609427,8788716
2148037,11335684
7503602,7789977
9933299,8458527
10403373,11158644
6373644,1687478
6852444,6388890
7925480,7812608
9256793,16294775
16737521,6510601
8671742,14826847
7103780,10280912
9513675,15554058
13961577,14535161
4238577,10727979
3014848,8594302
11899307,5748516
15495832,2745313
9505308,6225624
15572579,3132984
16781479,6216894
7627244,869820
15549864,3233190
15078133,3633757
13026342,10309966
10945018,12994850
867612,3454970
1226997,3798794
8311926,15912083
15167259,682745
9894869,13471122
12927018,4922449
11888321,15431205
5234172,10343500
4869501,14736656
7389667,3197001
12284455,1082359
2314567,7915243
1468113,13617156
11051159,2018121
13804335,2729311
15886558,3988999
11566330,5881282
13885801,2034312
413799,12440713
1905365,10151028
6760231,11429926
11198784,7129968
12407939,2646423
6695820,10324488
12421279,12448181
9048334,16146765
10968636,1434712
7560027,10423172
10380379,933749
15745129,2579369
8486233,1002077
16288623,16563629
10559134,13595472
1380879,13280220
12409350,5535293
13316266,167567
11760365,4467540
8307337,13189779
3272045,15684525
531869,1544202
12490865,1255868
897037,15094829
2126705,13703956
3056509,14963868
14909630,3901886
7339605,7920012
7270854,7396005
587505,5803010
12457910,7710325
14236703,15643148
49531,13552804
1495251,5486275
12497562,11697198
15465082,1081236
11579532,9402370
4040456,16698249
4529695,4026066
15985735,8049467
8521978,11963899
15024291,4973358
3739419,14236485
13749111,3708600
5990606,1453832
15812670,9813887
13148422,10625484
14850110,6702785
9129288,13570666
385631,2252161
13013647,16335281
112218,12845817
16527980,14903855
8871942,2909277
5280419,4454891
8850858,4095152
1612573,15510415
12394810,6351809
7050920,11458242
15399275,4606468
12827983,16197443
14755036,10107458
15714845,3101799
1300862,13642024
4868116,12568441
16252762,2389901
1959886,6846917
1166447,13474675
1848274,1549740
15473989,14046650
14742330,3128170
9652164,2824007
15421138,9492889
9038720,5437141
14346577,14983224
14026931,16730992
3242911,5248205
164364,4114697
3609792,8256839
6865005,4156392
666536,12323634
12555133,11322275
8312948,6544147
10194885,3236059
5182580,8236329
12333516,578674
2591442,15328143
11218221,14089561
9100292,9596129
448432,11120487
11531522,7951576
6797126,10262700
5693752,5335957
1932445,12683810
13630631,10364669
937579,7448594
11710936,13665990
3087235,14446592
5407889,14671360
8256940,12094809
15592500,10028439
7149021,3764465
2002343,11116476
9402543,6786518
12661801,14641024
1419242,5792642
13274071,15816286
10454598,3322273
2493317,4175568
7966633,10465388
6213888,8125549
3394519,13291644
8447879,16778771
6231277,3995296
318044,7958594
12600375,8732954
10617565,627935
2953018,4775977
7414001,5128502
13885113,13496464
3824858,1959130
5097322,8776086
9506349,3527064
1458379,14256536
3844029,1107065
4928378,11550049
13846430,5021982
4136114,10566995
8518523,6171759
13831528,2793977
16773898,3167899
2385040,12131805
5355234,489744
11737622,11971915
4291017,16294755
15853448,3405343
9428273,15682258
5198135,14251315
10531074,64777
7413890,13905363
8534235,594159
14071295,13454150
3718466,13732940
11097492,993512
11793684,4403038
1547202,8576535
2559567,10236042
7356353,4754461
3491035,13636482
6191158,2571717
12690309,14974519
3438030,14529201
4948710,2007377
14730607,14212814
1067164,207224
14557358,11438938
3039335,4526659
16182533,13951644
11287560,4878996
16001142,2982132
16405321,5103285
2898031,5243425
7020942,14178526
4372543,1618300
14041499,14047648
7907865,16047441
4089785,11059988
15615751,14864169
1585147,11984077
7477852,4669608
6811229,11425601
6561360,12987989
3570551,14161208
5392872,3044325
836688,7996601
10965959,16370336
6438964,4157144
11870554,13718177
526682,14293322
15328559,338098
6901048,2988924
15605096,10797440
7784861,10051614
16017300,13662904
3806866,2169088
15556800,4145305
2839002,13109849
6360024,10202405
5670051,11199377
9125847,14980482
10225946,5783457
6854431,5066374
14334360,12667825
5949218,5610649
7539573,236689
1062827,16414251
3451045,1752889
7880476,10455799
14502582,12941844
9934160,3689152
10367574,627783
6367659,4561718
6846034,13885702
6424246,6061169
13562583,2207374
1633450,10775671
8433574,1647104
10120628,11725716
1383947,272758
6345761,916504
15885132,15096883
16321745,8560997
9754032,12642896
10448733,6278899
10057487,1399693
7249205,11624256
2146429,4250163
10689193,13006302
13246283,7157750
173575,14713261
7551445,16764644
4665694,13176810
7933026,3006756
13196928,11670419
7215303,3022577
12227609,8836763
402574,16602444
1266624,2889238
8343330,10349220
3957557,15511293
9526720,1474707
6071252,15750793
5972545,14550745
14112628,12197626
5364877,16383093
7408388,10129290
795427,2120051
3487463,14240651
10151681,11842618
8033537,15518353
14734140,8426316
4521181,11721218
9511872,1234591
3991145,8194580
5884565,9364065
13184846,5908674
8187972,5678330
10786302,1986934
2631123,11600159
3724371,15372961
2409410,10906430
13836014,3129031
12844376,4318308
3862812,1974990
15109006,9639304
9391436,11009629
6259277,5259600
12088770,13692561
13751732,15702316
14135001,13372682
7386156,15733346
7956006,9995083
1267909,5475524
9592768,2105112
10284937,6164832
2727290,14717418
14986321,7893734
2202084,7463435
10876013,8011423
808527,6163990
7785212,6586755
14704431,2578644
347370,16028900
2491749,13037306
6156157,16520781
14993567,11291478
8803490,11022433
14695260,2740292
2451787,6805716
10748042,6983196
12486370,5194165
2123427,9296896
1017731,15738891
1061923,14806534
11870278,11179490
7022026,2158085
10069488,13142211
8235135,825709
13895163,16184404
7273120,3728473
6288376,1070438
3632602,749257
1837884,9617069
6305442,15827985
12600965,9066598
8482751,9030693
14144351,15824892
5177328,7265019
917922,13544027
13811519,1355858
10649609,15885948
10532033,16435909
6103649,5024881
8847816,2303395
5926413,15402342
4848511,9620871
11549845,15504491
2605680,136719
9072444,5834913
10410116,14909282
6441767,13041401
5650137,9442064
3524764,1491715
11782798,11394787
12492298,11087522
2236512,12774609
85784,6956294
14631029,4335869
15516964,15026460
14561428,7926361
4691342,8016256
13165939,15224334
11055941,10963653
2817710,7195926
4277226,1869664
3216031,10629572
1671041,3965866
10915467,8706054
8056129,7856436
699155,4033318
3485184,2036718
11319385,7545198
12572642,15989793
3353650,13845413
9270051,3819132
417290,14992018
13252570,2591287
13343041,9324649
5748209,11091915
7252571,7516658
16641238,7909428
7280448,14884453
3763610,2984783
8690863,8338768
13899329,1748798
7393698,11128775
3765416,13703322
15311083,9113082
12004210,1894943
13947624,16752679
9001202,8180331
2688725,16078623
232170,5916534
8718759,14739529
14243766,11515240
8287106,5527036
12376410,1727327
9013681,6816894
11188509,2100272
3359285,8319226
9137333,9275150
3473331,8863616
4051418,7065432
15928541,14892894
8107231,14506774
14943614,6113067
15011082,5509169
2470497,13903052
14030883,5958673
6740030,6128544
3215989,13704316
8020680,16027628
3780711,5791160
7422253,10511769
7773192,11509294
4838705,8919194
586984,1771117
8291938,7208372
6439168,11573267
14797833,16379324
9093421,12227956
11565109,2974198
5538756,14054680
1105667,13289387
1315716,5381383
5258545,9446924
2477608,7936693
347489,16658844
14948023,13426199
6619174,1145933
13343336,3165613
8876059,6508259
15898385,5173613
10111022,5920023
7153494,3392468
8575138,3897733
10540957,1879375
5891932,15488299
11429283,13118850
8400114,5770776
5917192,11055447
13075904,2358917
2313807,10009845
6030996,6700209
11889508,15221600
9901111,6242498
16424525,9903624
7147806,8108790
2028038,13153054
16012886,4187947
1622739,3539751
2191739,9189466
737175,9040007
15689953,8929260
3408322,4880539
764240,9226007
7718868,15237157
397195,6777774
14200936,10019318
6532014,10118326
12005047,12701263
13140599,11068094
15431827,2564673
11004250,211825
12023852,2083296
13389190,14100389
13671239,12851371
10704300,46032
15308257,3065961
1432664,3207425
7978495,5996899
10769135,1899225
15474722,10108716
3778935,13984006
1474491,12472998
11884918,1442497
11107077,3552513
10463248,9318413
6588790,7630152
10769352,5556048
5205000,8590083
1953744,4325137
10037663,602220
10260123,1735537
14889620,15736654
11244554,804360
8547051,15413707
12213043,4138597
14034321,3712136
9349225,9300767
8066320,7123627
5419927,7818447
3271247,330060
14589428,10421243
10023509,14921521
13740469,8598694
15235747,12374037
15205373,12922718
5777076,11450228
5990613,13511591
2730780,16355991
4445512,599867
8247074,6235115
9533516,11699629
11788848,4146456
13081886,1980596
12365339,1436538
14136536,16466373
13401542,1281505
16378946,13151838
4373487,7465256
9859547,4344577
11385379,13200065
14979008,878479
12896679,2832084
15231935,1317238
12168448,45930
9453703,10244673
721854,16796564
7584773,4539717
10630684,3159598
8056164,5460279
2329051,16355713
16714723,4616159
15098524,3856745
1684015,7550731
3890572,1091168
7238027,5573265
2751609,1001359
6844314,11680759
6422896,16018232
13038815,4859852
5097382,10321515
1074551,5726943
1396190,11730521
14210565,10901852
6662629,2218376
13738690,12690230
15965898,3789782
11234155,10381424
16173918,782418
100164,1620949
1472459,14688331
6119195,5218619
9917908,11225711
10654083,6875932
2493285,1520288
11898979,7387254
8982174,6057156
11523314,11452838
13279522,13971451
10443957,2875198
9535553,1427289
15141523,6114072
7205041,12757382
9596881,12571346
1089655,7430919
10679010,9522908
7387281,2046040
4434576,13752127
8694563,6997824
13135777,5219226
486851,8843774
7773602,3953609
361708,1963491
11119254,10317635
1021545,1760797
13363162,8615958
2292176,11698266
3485011,16358834
14349741,10391122
16497804,5562000
7894416,6839087
6825876,14631994
16440768,14988473
12778146,5625327
3884124,8187134
3417113,11365680
15442277,13103491
2785831,13208660
10156055,8928037
16669103,15495050
1730059,4037728
8534985,1085894
13357899,4096369
5617748,447980
10853711,12249291
317245,4605752
12563318,3231223
7012823,12618858
6250817,7584708
8272603,7240586
14017690,15671835
8269199,1692892
10006296,8731676
10461251,14654888
12548682,11509674
2274190,2586711
8462211,2143678
1616238,6422036
13425452,8374202
12929234,15760545
9932219,2752830
4285873,1623963
10185761,5804794
14575845,4107317
8341615,11974005
4685331,11091903
14670925,8581899
11162540,13871362
1024243,4893119
5945042,11156484
13557381,10617769
14696572,10744294
9731992,2602280
14051299,9821580
10627667,647107
4595588,1338112
5735034,2285238
15735211,3510266
15271676,12015102
6996779,1165998
4381760,7510707
3272283,10409790
3357352,14671572
12050595,416602
2065653,9351
12368204,3242455
15987430,13589127
5505975,413731
6057099,5254702
14050151,10163092
6072969,9122018
10781833,15417806
4294860,3238486
14093321,11022465
11093411,9523876
6777421,16068581
13131089,11051196
12779107,4502588
10855508,2246361
5614783,13076396
3801043,4662109
16618889,15006840
8442540,480933
14914954,16012402
5095814,4599258
12774098,2477745
12328921,10753930
9069191,3137096
14978045,15604780
14140750,12222052
15766409,5098544
12223532,13121028
16088841,10912844
13424274,10102667
1020341,10898446
10705192,9671399
12207873,12673187
8620945,11992451
3115416,9401185
9075487,14948421
12923106,11550363
2891607,2739865
15439460,14668238
9483570,884683
3890270,7363097
3080444,10131626
14640972,8341782
8300947,1712191
3062989,15520288
13478880,12263880
4117897,15139161
16106968,16452822
11104570,5107455
16569037,8536330
6242615,869921
10431411,8710458
12425816,5202363
5940798,5068849
5719377,14267867
15336263,9997776
12923424,5574787
11782300,6832507
6069941,5479508
12243374,7503850
1686422,16003641
12369052,2840883
3448340,10655416
7704898,8193092
6305128,15136396
15632430,2782503
14254798,7688390
1096245,5568622
13783572,11620786
8780971,4801483
1017538,3139617
7490235,8286367
8619471,7450244
3642107,12981322
12378826,9512389
1139566,12966380
10558193,7909426
12817573,2326660
3896328,12605932
12874902,3832449
9319974,2204924
13026025,12895840
6460428,6402460
11218297,11306235
11466637,5364908
6647163,14086582
1558394,881370
4957723,9924401
4432738,12687419
1977137,6061971
16615614,14544589
14203775,5841288
4972612,15081835
8987006,1408672
8542503,11589744
16061375,15158185
6836174,5793786
5736883,3436209
7525378,214868
13862349,13515783
6303199,3710629
10619449,8465066
1335005,13245940
9040411,9707680
3423090,8627085
5418500,3750047
12567132,11961118
14905476,11116158
11383473,4997311
4350076,15730328
9208901,835782
7571729,3425352
10270232,16591180
480004,7581041
2329325,2597785
3700040,13687297
10962019,7332083
2302908,8733040
2068391,6179426
5985727,3745124
13815041,2894284
7963005,3021619
5666511,3022144
5191143,6530150
7623177,147770
14412138,2801011
11819327,13736731
14057422,6928591
3941435,15099109
7495034,11257661
6515957,16059447
5260998,14914908
8745916,8865035
13518493,15638083
3278180,5715886
14364251,7041993
3735073,13238153
5886996,10539608
6833050,14184255
11534910,12889018
13741999,3390790
14318512,1677772
1348078,2272878
14375668,15572068
10427191,10462489
8010684,8809207
5579591,3387698
12013880,15988843
7211633,1826914
2615246,2689007
6689847,2404540
9449355,226383
14963919,280290
1902607,16066042
1659975,6794652
13083608,11758951
3394028,9553700
14943150,5571365
10459889,632242
14791158,13799024
16488767,5132613
3006443,2646623
9099350,11006545
5998702,10045610
3155974,14599513
4743123,16399893
12697799,4362528
8754351,8489679
1727767,6249122
1125520,5405651
7199262,3507045
9909077,6948707
10109370,13654373
352621,10889761
643845,16694365
16488567,13641981
12537241,6820399
3215088,6008374
7715994,1653389
2473781,9656117
10031698,11862022
1517092,8359614
13667349,13020299
3413049,365599
13526296,4200085
6466559,1364693
5505578,7371850
8070825,12170713
4005330,15484691
962098,11779129
4119638,3087001
13615170,16642653
8190494,12536976
15174861,8102804
8777005,12641072
453665,4225892
9781866,3453699
12843348,11086632
15704828,5302596
10860944,10016465
2737882,6847739
9632518,9022606
10749793,1805713
9583694,5630907
6792082,5099059
12097537,6505954
2230907,15266924
9741029,13136239
3630777,12972732
2939785,14727092
13153098,7323044
8140729,16635894
10784880,14146941
14674336,11303432
12952729,10263045
13957930,79433
1578960,8750900
7565313,7329000
1824358,529558
1083568,8093667
7118287,7978613
10171109,6883128
13531613,9057039
11764096,835823
6517999,6554357
8270887,12339801
11222867,14099188
5892193,4960662
2713524,4455303
12376041,7173163
10615139,8450896
1127653,4201253
3202216,3222172
14416506,10742440
2130673,2109652
6128983,10141468
9337455,12841353
6010424,1547875
240525,21782
15765684,11959308
15123987,9139564
6384239,153232
4279735,15425251
7385510,8642461
11661853,8297277
7376662,13932121
7230456,14082479
13360915,12124803
14572932,6795918
1159806,11995349
346390,6268231
16730262,8997255
5262295,5290990
5368052,1708430
1157203,806819
14082971,10888957
6973933,10274728
1902143,3338271
6972513,13226481
14773961,2800626
13234240,4545526
9274011,12722636
6578157,13450718
757736,13099227
10276244,6361915
3141817,2441468
408022,5575392
4883240,9886404
7025222,4380428
5048064,2943227
632226,15160481
8698120,985005
3407307,4851136
11701102,4378440
15207935,2996328
8474072,1898470
7596572,2611549
5454318,3316676
16176249,13447748
737148,11715385
655114,1184492
10076369,957548
13865847,13929763
13860975,3542505
11731813,11778997
10790972,2422059
1324390,4399161
13856299,9220249
2191632,4748826
14129595,7086224
4040225,1703381
13213141,6509666
3122325,12495182
13307073,11383798
12083754,7654118
8915722,592146
7134391,14616180
7588638,3098700
2401612,12851341
12510688,8990529
15092116,37547
1956471,10360604
1989420,4776862
5447861,2948855
8898877,13865870
6331286,11717615
7548224,13285026
491336,1171273
1665897,7007402
9188302,5229092
16560116,3209183
10550066,6301405
8105467,10597222
3888043,7153318
8571176,168242
11911949,1061248
12148205,4595898
900284,5657527
11295872,5386183
3372622,9663047
11438751,16562122
1593693,5313788
375767,3793673
9740017,13185977
12612222,6263503
12643464,1887621
7174080,12805893
12630977,1563187
6639247,15641637
8527896,8981859
5929098,2711888
12737589,7497467
10241151,712640
12206306,9773066
8622055,9253122
7669551,1827004
12864441,6640578
10557490,6507382
6229075,13614736
9106114,4985269
4263413,12494118
14796881,6676508
14006051,1842328
8301142,6943726
11928854,11960605
2150461,4989957
9563641,16669377
6445836,4627088
5114476,12632238
11169916,12864721
3600707,13168285
1238086,10887438
2946470,3408892
3861165,8256627
7951406,11095540
13973768,1639811
2144184,7435869
6240807,6032224
11769421,3807548
15123376,14928082
15474904,14123102
16701599,3640726
14268592,138917
191926,2397898
10547002,559701
2212982,1081616
3431731,3854662
12943104,10628436
9141992,9534182
6109792,1381616
5895673,2274362
12763740,7111132
6909800,12183593
15134121,12497187
8023160,11638272
15748249,10952709
473567,10848467
235038,3133042
3350296,1628100
16395518,10286954
6685501,9732374
6481394,6316814
11067801,14418520
6935735,15809190
12034260,4192152
955481,6897331
2002305,16771454
913407,14622054
1071541,5463567
13493784,11905998
3345317,11024935
6834631,3563616
10501939,13601531
6843297,10266479
14067155,11763707
15449256,4042363
4787203,10958352
9644492,3691013
6981955,6582976
5999056,6544247
8298574,14339919
418370,4389753
4053885,15137666
3191033,5058722
4634928,6973443
3734378,619737
12789070,4599376
8531788,2712338
15402328,7495976
16569936,9617047
15019039,1626297
10219903,427121
13207071,10770051
15893054,1494659
11570669,13900842
4313987,11664229
7072448,11707899
16763363,101171
6589145,7330684
14057467,10598560
14679018,8884462
11492078,8454314
7744872,7120998
823788,11478076
12133771,3283970
12362906,10444587
4135571,13185440
5545517,11403485
2013479,12322095
11843344,3629112
9710804,16068280
37114,9444910
11902100,16683568
3198178,120857
16249853,9351126
6303739,5078030
10559733,570840
6823513,3376118
13633600,6258526
16418491,8632073
5677489,14277640
7573825,4126608
8764054,5849681
4544435,3289616
11400779,1038111
3269304,3101108
9665205,1706841
7170963,972688
585340,10545585
15160318,13797880
597557,16023454
1039691,13411718
16428396,6418991
3341533,11756414
2133673,10083768
9600499,12391378
9718987,11328454
1465451,13109969
16556906,6357970
12562235,7701935
8907568,11192108
15670505,5885138
11855380,12278526
15112506,4506286
2699440,5844649
15448696,8792013
905034,1819919
16503967,8255554
6817953,5760549
12565351,10354661
692769,12596527
8988778,12778371
5207176,10312810
11179357,15130787
7391900,14437351
2713279,12748980
11138078,9825468
8119049,11533876
14563713,12426563
3929105,7760713
7867464,11414095
3791727,5368690
15035135,11564398
5900696,8057077
12752938,2939413
16452674,15847719
5226837,1913422
7362008,7874957
12812016,7194318
4658475,7887233
336085,16466815
9503118,11836203
1359097,6128465
5490573,12251882
13823080,13426377
37992,802511
3560977,16134282
15088717,3702488
7758497,10698279
10484597,14503124
5179321,6696653
4870162,11906389
1784592,3369611
16451723,7024276
9071299,11184750
12303129,9547485
1991373,13507321
7078441,15684782
9903954,7129935
13468846,4671340
14866304,4428010
14195892,9246363
8672301,4175412
8085819,4837871
15577115,16368392
14917597,11048939
6095082,8780214
904103,4270397
5952240,15650030
15666841,11041934
6129343,13496701
4805005,1114926
11388165,3895227
10602653,12265758
3215781,4114916
9275710,10583102
10602067,5450365
2710689,14757959
1912368,11145206
826909,9198623
3102742,14941820
3536620,12252613
14454384,14364893
14130430,9926227
15494642,2899453
4935156,2440775
6050966,14910035
14867416,15794597
9380107,9823551
15768258,14778735
121491,5607133
10046665,9752644
1042019,7601523
4543446,12533320
14077088,5698977
16607845,1865350
11038786,1773348
16500093,6148049
5328761,917049
348055,13171557
7268354,1317882
2710750,2831619
1657890,10415801
13773184,5863732
915103,11857028
7181779,12742617
7458671,1789953
3897230,16498897
12878507,12306136
15498230,16304419
11419652,15983514
6722130,11197062
8527894,603738
6958868,4798715
15871508,10634005
14285677,5955668
5038619,12578039
546884,6713826
8420939,505532
570158,7018000
10033557,13342445
11971017,5071790
1867661,5530420
13250540,16171278
14219153,12855190
7322612,5419182
15660384,1871645
13701902,14923952
12465914,2339022
6802456,3896521
3595087,2182347
10407406,2137524
251355,530630
15809546,12419660
1254752,14350260
9004383,11458336
6087729,7526444
1440592,6665946
10991795,8970863
5375695,12031928
4592659,621640
8229595,13696759
2116155,7541207
15820538,13319453
5610050,13344003
8556355,2424998
2262464,5324190
4547084,11756483
14077261,573689
9301554,14498649
3956625,8905639
4378994,1981603
7121796,14796809
8921974,1526940
9225614,7502645
15571773,14503850
354590,4932226
7159423,3139260
9129829,14526397
2866023,15832172
4395005,16680081
6237449,10287589
10356581,8393862
1586946,9365934
12639535,1834518
12100323,13230029
9869822,1243832
9212184,3049688
3266443,3997341
10812441,11514783
7051665,10310799
10986631,11513653
13681564,11540518
12653183,5264043
4239708,3762652
13523371,906799
2006092,515973
854456,12978867
403198,614953
9323215,3404796
9174388,5278363
10025768,12534315
6634836,4212451
8933300,3733518
14290963,14443668
3447126,11439075
16291486,13375188
8651881,3201582
14695130,6672974
1302662,4992443
457607,13767335
4503377,12545510
4511423,12317955
1765386,6208052
9294930,11023165
1087082,11839516
14441727,1135682
16275810,8533785
12295681,6550874
9301286,9625298
16189789,8368780
5191054,16334521
8678924,5660922
13259659,3267800
6107500,13629459
1733686,1210707
310425,4153748
2711805,6627303
13531217,7022940
8381914,9403440
633621,12116431
719815,12072047
10420293,9591835
11339748,16211495
5744839,3691427
10624050,832170
10395555,15704808
9804361,5850690
15617664,7238009
14336557,14851379
1497686,5110402
4276926,2575578
11180966,14634693
7268756,8144429
14882460,1012561
16295163,2202001
12239870,10600562
6463532,9075914
10391844,9895378
13012361,6607133
11665915,7483453
7770736,12547264
203584,1259776
11036194,6355086
7033461,16553587
2264691,3678579
9831195,10387965
15581088,2543186
15773531,6246712
6923107,1447608
6904454,1638188
4849681,9416359
15440880,12844550
11459495,13338977
3648573,6987588
12487787,9568162
7422221,1671722
14215815,11534765
833873,12784240
12400035,14465622
6288010,11122526
14724591,261438
378241,5641721
14155026,16252535
16764191,507886
7035530,11361574
7843467,5408404
15308436,4725031
13176571,4004606
5798530,5436646
16644638,11940295
7825205,13116948
3510412,3536280
11805474,11924949
7908804,15042618
12635703,787638
12077187,15106120
13073710,3894566
2688881,493405
8360521,12389515
11221106,12818617
14787032,16340252
10589043,7707920
3052946,3214275
11401982,1919203
6978404,3530959
15071457,624701
15082764,14872795
11191372,4569850
10089968,12884365
2401409,12638982
12465453,12631118
15281650,16155352
11125248,10321772
4832794,3142
8115561,5213878
2540286,713065
14723003,14617922
9278980,13815723
9324686,696436
5717562,12956459
4066273,1448338
4547169,13745521
7230187,15355335
3925735,9504293
5261704,2082641
2460822,5607796
6858803,8819516
5257298,5421676
4026071,7645974
11190095,1718103
4179807,5928578
6675470,4030699
13798126,14472297
10271067,16480616
6398740,954205
7274388,10746182
5605201,7709985
1678554,11843863
12964337,7612686
16327148,5530966
15427624,9883052
10733778,6710007
12688230,7423587
4881888,9818889
3760794,78472
6758203,4876526
4786264,6959248
7406214,2332806
16432755,106512
16773018,16468203
2535212,6073636
1572916,13811895
16617886,8113417
7912203,7533949
5734507,12637923
4976175,2604173
14243803,15113342
12603001,4322080
3875799,9806020
15166753,1862676
12085301,3379037
5451925,7256708
828255,708781
12351791,6746516
5368921,3849146
9936887,14566302
8146508,4104214
16005139,9171803
10150469,2407844
8214117,12675900
4666049,8339596
6465015,1816724
3090129,3319069
6678727,12812971
2732090,13713592
4822440,606302
5395062,10933788
851000,310635
13045400,15318460
10662867,660995
10456887,15608522
16785983,11807754
5117284,10281502
5870393,9301545
13049649,2083858
5197968,9109417
9983804,3171011
6652857,3754145
1332432,2130462
8465541,15264801
14388467,14805616
11576960,1119065
16717693,5151986
13137681,5840957
5007281,12765267
156613,10431269
15061037,2129959
14934824,9928036
9144199,4833972
3920606,1808061
13361731,12773779
15037971,15023265
5439527,11364847
3071443,1076320
9210925,1147652
4204103,14146621
2148199,1527445
11293066,7125761
5260437,8524567
14618520,494822
14477089,627177
1655733,2364621
1328270,10441656
12324835,9426747
9295927,10219347
7691392,396194
6796920,191230
15922947,8273044
2696631,16272894
2672463,9208438
8418352,16108528
471811,10412664
2806999,1274029
7790395,14306261
10198646,8385204
10190180,9778977
12639651,16275299
10063344,740501
7166957,9453780
9698013,5912922
3978887,8411201
5611079,12734574
10779626,12345042
228318,10403567
12745352,16406339
14842862,4787532
12806972,9533961
3700187,6100214
15457849,3024789
13032403,10003436
772271,4910346
9090163,4183011
4974281,2491252
16531919,8389088
4123835,7127708
4829055,4079300
12283057,705432
5262989,9998515
10585155,16589678
3158194,4182111
13087115,6840318
16628656,861592
11785591,1914064
7548498,9029117
16014365,9589569
15601879,14728760
7010925,16552952
14033281,3185604
10443349,3220510
12287973,6244998
7167837,1378102
1090794,47442
191121,5791381
4538663,295443
10369692,10720796
2314600,11820879
12867161,13169609
6327224,15234766
13912581,1146035
16182774,2843710
8412618,16054667
6590134,4362486
12148985,993110
2119994,16772032
2909361,14091539
2790164,3830809
13171267,6321237
972195,12723957
575407,1417087
13552247,10091587
6468679,8116775
3708128,3087268
8552762,2758109
1308900,14669877
16115742,772130
11016509,15589129
9274296,7288935
13070006,9417584
7744902,1781104
8539310,5374980
8498587,4764367
15960203,10999852
10434948,12859879
8762589,5021011
14239813,11242861
15147552,16464787
12649204,12324258
9749593,4320393
2221215,5306100
12501136,14259375
9161094,3728712
13403496,13454609
11185354,389161
5690951,5190191
8936117,2066117
12826091,177359
1983565,11052482
4129130,16292125
9286283,3924440
1027007,13648792
9543197,9636620
5746837,369377
12127955,12939456
2411230,16393755
14866203,8958756
15488863,5688430
5861869,7023319
10848480,6488951
3874978,14146249
10648162,789925
4693682,16120129
11612494,16114769
13677688,13509574
3124374,13272057
274958,2296601
1539774,11046299
7656422,8696186
11301101,16125343
3455424,3978827
8868053,5805142
3538828,4731744
5262509,10034880
9930736,1546562
11723586,6811816
5151040,15698509
14424298,3761583
5109158,7211335
14287390,8900092
650959,9530981
16663936,8100211
11143969,12317132
11125044,10396244
1049086,4867185
6050240,8045723
4705990,7466826
14497955,8123763
583323,3576506
528335,11565742
8784158,1589650
984087,3987202
16641833,6162863
7258229,14920363
6737674,16451914
14050015,4647027
7088706,13530004
8485006,13379660
12651788,6420426
5542248,5970003
9119529,7161146
2425532,5712018
11427172,12894925
12161510,1279907
500474,14883519
6408852,5051869
7300876,15501831
14917746,15701431
2876026,12518466
7949815,1892041
8882167,5581155
4712576,6361154
9673335,12127246
10768369,15047359
11680661,13360409
10914845,7660541
16416094,12812728
3748993,2353422
8117080,14072787
5310242,2787455
13683498,2521492
3224925,15398532
6674689,7508191
3025592,9586120
8217000,6366126
3463823,13036109
7206610,5951177
4462694,13784840
11291960,1186334
7513628,6128806
5862061,13750201
6537268,14272359
14959165,1329463
14892549,13009470
14994148,2635188
3269322,12051411
16479073,6668712
2072935,2109941
16732920,16008534
14047824,4231025
12491251,15204467
3804774,13813759
12685040,1269549
14711287,6833992
7691564,10247568
4889853,6523843
16016434,14093398
3580748,16150446
8496251,5596795
6413519,15711494
2679478,16256381
8097466,5854326
11597351,1281935
575070,9963706
8058426,14630805
3320325,6455757
13915381,277005
11330150,2542689
9363006,3692184
768329,8509061
1228299,2212085
3009433,16422601
9060459,3408503
6134431,14113179
16184239,9591921
3515085,14002559
714626,14530654
13154781,11778626
15584222,16189249
2666959,7640633
14893535,13662842
8286020,16792652
12059318,3111322
13478093,303728
8507913,14325405
1037580,1289209
174491,5048076
9962391,896875
10152448,13478150
6936933,16089456
14441041,4393959
8579530,4687844
1481240,14674925
16715250,13397348
402313,8692141
1485438,9260374
14526020,9908806
6318753,14096621
7074130,7293867
15871459,3873345
10488569,11187080
6979766,6780429
2008249,2213296
13706606,15651153
15828122,6530966
11930646,15798310
15280108,8689069
12837055,13009061
4878585,249188
13092878,1105642
3383803,2992423
965686,16089482
14759462,2896205
8681085,12888488
9929090,3049055
2882895,1542892
1766747,11614004
15615053,8846657
1042156,9418804
12226757,15534041
619060,5283248
8716323,15822455
6635153,8193249
10137235,7309887
14560864,5042075
8712513,14852812
7742846,2925718
4380246,15242766
10184205,12461162
12829706,10186627
6269737,5824131
11089168,8157032
1496256,2365060
16470148,14985502
2513004,15241106
2604105,8363544
3039601,14196217
315775,14065486
3829993,12537912
10257609,7714834
13891360,15338416
16267931,5766812
1793229,16031752
2350947,7958102
11755160,15654745
13962856,5668946
13032578,6662351
14935389,8470833
2123478,9646983
5865982,9102189
16767578,3423880
6300730,11313034
14944043,7314844
524613,5855911
5632374,10702875
2346522,2771048
866278,13993635
9353155,9438050
4140522,15795280
13216576,2363689
16642235,5168386
5252458,6807574
4618816,3878332
6582832,4886280
13629558,7334823
12324794,1255177
11078598,14330938
16096742,3326344
13940627,12469692
3515404,14244474
3885738,4584899
11888243,13962731
8032681,4526467
7207157,14223193
8797228,12962107
4740149,369686
14565866,2000796
10533356,13731160
14499451,12250890
5281759,14574756
6880114,2240729
4295027,7388144
13205701,8381649
5451900,2415395
11346703,4674850
74386,10065149
6737315,5624814
7101886,6151866
8981384,2604117
1172437,15911986
7642198,708482
4322659,12355451
11770709,6384308
3186791,11538147
5482868,4986913
13110431,6903198
4841450,2206855
1092188,7100497
14799832,15174976
9639540,14886582
10896623,13989286
5025331,4975810
3473527,9839655
4992463,15664071
11333561,8622594
14588282,8556583
6693966,15339797
10612603,6484927
14136582,606494
4702369,14726295
4977984,2941473
11965389,1695401
5037808,14849867
14743616,15063362
2728955,16327861
4201881,14755851
5877428,10467484
3845762,13102709
2173524,10946675
2677091,4312654
8045016,2222039
9289822,547379
3369977,13809229
12855704,810576
6219252,9034083
13356966,14187276
6249355,2492576
2405748,4310445
13661001,3914822
14673476,8324371
320653,12996596
8167576,731418
13757856,15507288
16209694,12664028
14424094,748342
2481807,3700647
10878667,7754389
1292597,5806917
10618000,1068815
9026112,7586477
10976579,3373632
7127119,13078746
8201167,4551537
8440721,4721530
16114041,1712121
1691473,12119312
10606144,6234195
12029058,7196442
10098685,16232907
13961132,3410856
3838540,8916714
16411874,4855560
1530006,13918748
7639677,5187353
13914998,1571290
10255848,3655998
15917059,7648560
5402411,12725342
6519879,15358464
12411819,7561041
4726892,28673
13213259,7295129
14575129,8946208
6016150,10839130
3382626,831401
3179075,12017970
3223495,262315
900754,5239775
15823924,8961603
7487797,12049298
1768825,5361896
1808069,11514863
540787,6173384
16130076,1510393
13143727,4051629
4303071,9587618
7514695,8800679
12469388,14318171
10106118,7920995
2715939,4253258
15556734,13494190
454960,11796293
3561790,12740558
6245467,3020557
8295950,12726359
4187011,5572478
9440907,3800658
16364636,9641940
9516490,12766737
3604295,7846513
9496262,11933475
480591,3456505
6857845,8868695
9105260,11553428
8076332,11669753
2236557,10319800
12144339,15056857
15955586,10831709
14670276,2257818
11634425,12562371
6608038,2152347
8796074,7854682
5035625,2594194
12943950,9904923
590012,7546234
9790329,6832836
13452522,11688338
354332,6613444
12093397,13375616
14275360,1563616
10239413,4122468
9168651,10144763
14220738,9663842
11619231,4458126
5952322,3202032
2759324,928131
5280246,6134707
3600678,11766901
4502293,2382684
15053614,13380580
1171907,210137
10812406,5820360
3786215,3974176
16635388,11304652
15986073,14626973
8017336,5665620
12063436,5044824
3084410,1771568
16700927,9860636
8979577,6753479
14206312,7442617
2011572,3706387
15621387,3229631
10322175,15854248
5827838,11021776
4145912,12481744
6800632,10351672
13150765,11800849
10596776,2684528
16474070,8236354
15372888,16215883
1332982,8261515
224372,8714337
14294725,8587722
14430288,8814439
13310539,9517105
11327695,14093134
960830,5569876
11054067,15016688
6671204,12341344
351859,10613706
430910,13841932
8174677,6541947
1220602,11066622
6866105,7124935
3804391,193139
2518517,13312149
332080,7284593
16062204,1615134
949924,6520631
12751485,6733548
16207425,14339815
12740914,15003481
6043499,5878054
1007129,1199385
10227182,632333
1607587,6855863
2832762,4572776
8434592,3056675
9753869,15800509
14408243,586509
4169107,5368749
13058843,9973337
13189568,7816467
8808961,9632399
539950,10161095
9756135,5000718
10532131,458621
3935132,16050733
7291309,14616919
16279491,158467
5297347,5891925
11658669,6487952
7652608,5938247
13261380,10868715
10657056,14743726
14811671,11509086
10865924,10377954
12116094,13109458
14208098,5071775
8113542,15767677
15853398,3322869
5813269,8865374
6034062,15700511
7647944,7959150
5514851,7055440
5848242,14987577
15957757,8876122
4672233,14239086
14214924,510713
16745788,4504982
11937456,492013
2236568,7223297
10827900,5951900
12943772,11418562
16448781,30689
10199229,15090497
10892897,11726948
8150416,3078601
11553885,5182531
15922187,5022446
7913047,6130624
12134324,14202913
9800646,11142712
11347584,11757680
15998667,16048748
15920825,2267826
9935998,1544909
53289,15796937
10634880,608149
2824656,13314003
10400428,3372917
8157781,12708513
11323000,6066544
5649089,1260229
15011384,15733523
2661405,12692117
6944177,6552399
5259716,1032322
59248,4492320
16487976,14491368
13612259,6723686
6534294,10104238
14764349,2540169
8906112,15661016
15144151,4242188
5368928,575653
9430518,9404960
8177230,9887236
8917037,14715799
11682498,1955146
13648856,5623642
10778773,1248910
14889709,14337598
6961688,10841293
14443211,2107522
12262922,6810739
16548497,12765912
16235792,4696934
9934135,13502026
8766765,14422270
16529145,4543841
8615840,1573635
13999611,6571619
7088201,1299847
4267226,11451400
894128,10311198
7757644,9511823
4786798,14562542
13180138,12198955
5073521,6675603
15603730,16430147
7800706,11162581
8631040,11335356
14375389,15298511
16243508,12457429
16057277,15673769
1499184,15031099
14034961,2197860
3219560,5751889
11818251,8267393
15277265,14583752
15345857,14301470
9161962,11211440
1690712,9703463
14679671,148907
12387418,3139535
14421592,12569426
7816763,12828108
9510355,9034452
14799104,9730011
16215064,13187741
13255759,7594621
5336687,9748529
950539,8893903
4911728,845662
7268208,4113517
15700198,15150566
12822730,903664
9362685,13341342
204722,7176839
3322358,11285913
10714010,16420097
12371515,7355942
15846506,6170529
4669235,3021481
13467017,7790535
16712936,15308143
12798703,553106
14103016,9155459
9795376,15373262
9605205,10525651
5856768,12656743
1937139,10223206
8374215,5169838
14570626,5470354
7286333,10886014
54749,1945705
11402463,7339610
2178967,6195157
13595553,8976776
13040454,576026
450870,14640608
5506798,2589815
7081310,12421231
10653305,4931360
9864572,3591129
3816234,1297867
14341876,3969263
10808846,5969014
16676564,7622688
8828106,6434311
2263467,3227368
11081398,8787307
5216094,1846557
15516125,10188366
7731365,697418
7937400,15724582
7643058,16581374
3654482,14383567
214042,11210
1161060,4593706
5211337,4617595
15055714,15458376
15429786,9137674
12429173,10500065
5689428,6424124
12190517,10462062
13534583,7884486
806333,15595376
7645614,7297939
16506207,6584665
5687866,14738938
4127609,13217270
10983112,4674553
735817,1921521
4694508,13141075
8224809,2392288
8820316,10126597
3987803,8158889
16140195,5783274
12624660,10347221
11831566,1343303
7925964,8706437
16761575,8835657
13842066,5544708
10929449,15468279
13982802,2107158
151520,16276155
13886507,12602577
16282706,178825
16010460,2398065
2778561,7011642
6999176,10083001
456325,6570194
3413287,8598647
10108986,16386866
6159599,78369
8186837,10808802
15646107,5937937
14190789,11314709
9784940,7378798
9120407,5033556
11321632,6850162
1718227,3253482
11662906,3797575
7720485,11664220
15316837,3075988
1573417,5709344
10781367,9409963
14973935,11166476
11228399,808502
8042758,1135166
746537,8263587
14111461,16467762
2738863,6268787
9113546,4438427
11627252,1625908
16788862,12958368
8433384,3004029
15340369,13600590
4945314,11380590
8754450,7056460
11254972,8403424
2824386,12415441
1065058,14242137
8584417,9938449
9908120,9735639
4166316,6689963
12123302,2689669
16648811,3920798
2782616,3591172
1100650,15117885
12958687,5627709
7667768,71287
3480527,7778990
6065537,15885412
7321634,508852
12546860,15979109
1807044,11000208
11066487,1136333
11664964,8585295
5056340,6377804
11046943,815340
5684498,5452900
10273588,12287702
3970708,12162815
11620816,10842152
8143515,5578128
2680056,11760616
767022,15480058
11344441,3005193
15231721,8397977
6764774,3493412
10580813,11530134
9339423,4753950
12209894,14276697
3429770,5722525
6597374,4639303
4501642,13735973
12028222,16485703
2017850,3589864
14103561,6343855
4402524,3466414
2993679,172265
6779200,3455276
11460090,10657305
10114439,8629107
302854,8427432
12978770,7444895
2180110,2302291
5946316,6338464
12051915,5657451
13437179,7073713
7988609,7539881
16226991,16290363
13962493,15748252
22331,5811659
13066174,12570635
4004957,8933224
11442592,9318133
10483111,15842409
15884842,16587917
6399129,5686312
3819205,7942979
16644349,15859976
5407622,6926293
7373701,10125613
9918971,14312811
4714708,6863452
6349462,5931790
3259407,6219588
5171256,14138
3760326,15256574
13168004,1032871
598462,9795597
5485120,6252641
8880376,8263264
6694136,6604909
12496377,6421315
13617185,7370003
1498741,6650984
10607511,10246839
16046262,15086745
10262605,8586186
15883983,6943826
1312790,1445376
16785570,12840719
14166493,5697107
2628334,11531374
9642803,12973800
561742,8269869
12482861,5366208
11449175,7473128
15051233,4511793
1266983,9264135
15078934,16289592
6518407,16456318
10006779,7338199
6117198,11432468
6195858,13104259
380946,11956022
1321417,9498522
15068305,3702728
829905,9304612
12080719,3157420
7935394,11593385
735009,2042442
2693480,4977709
10917888,15410545
3462090,14864138
9269491,9695398
11953303,26654
10157448,10632778
6089100,1726179
11035341,15842509
1739538,4291008
5049641,5982103
14462574,8559257
7548316,12813
2760593,12673029
786720,6363342
5602466,10344810
16328164,12832652
11634383,3533006
3253681,4530990
15223770,3756197
5758471,8541400
8078432,10063896
5896851,3173309
7735143,14045174
1716242,2485815
9441743,9258674
15238084,3412011
2318098,711137
4310459,1535959
11689774,14704768
2324407,4021700
15111440,5429998
15680485,15580539
5883722,14383939
9017502,14167553
12076877,2182081
848110,7484585
2569094,4552753
6368862,6170940
10200701,4853254
10599212,12867869
14322157,1292717
2239549,7013217
12699639,16143418
11586129,11518095
16435964,10283124
6917545,11750077
11325147,11329627
13691317,10949822
11088972,15620830
9986321,11016565
7242958,5560786
2815314,2169755
14272939,12880424
11109607,2888656
3020929,6123556
13581938,11307448
1196119,5380105
10023659,11783356
3209453,16741513
3727235,15901893
3412910,14602387
14358328,11436878
14902284,14959478
8937003,319221
4498107,1304226
14741804,994136
13537272,15677333
13698562,3790025
712048,1784017
15971808,6008745
4671787,68568
14423281,16574846
1540077,2925727
14922114,14336843
2482551,13559056
13353235,16433505
3662894,6190559
5904608,12271971
11172279,12035461
6320407,3666695
1798912,9933461
11150789,1913160
12047246,8122666
1248051,14617492
14657385,5646888
12616070,1727515
7196108,14896098
16687592,9429868
6185949,11125903
8141806,2792166
10367018,7671975
4354868,496194
10621517,11532395
1242102,14156309
14692468,7492647
9520798,11681867
10277496,14032458
849850,8815359
5301908,12173251
4575,1034921
12147275,13490137
11784127,4581289
16397636,7455067
2262241,10034603
2260845,9670935
10707496,11703367
15204694,12766157
930673,6515351
8049192,16483625
4287760,649126
930103,3773432
3980557,12286010
4385239,4121017
10149873,1778437
1814512,2001145
261080,945786
7129548,8287377
7890270,7916696
11568479,6640
4278348,16240328
565330,5042894
12402636,4281385
10490152,7758172
7592756,10822115
13514537,352856
13196720,13631912
1709122,4610714
6621139,2707225
3245907,7169582
13668364,7404129
13645867,910644
12532914,12789757
6258618,1846274
12100477,11421705
10996775,1637862
7515571,7812005
10170047,5950520
9814230,1061502
7508385,12248640
7834001,3773047
10639391,5021395
9104598,14794713
11496062,6001843
12759369,14339506
7536742,3059360
16427278,5696879
5115229,7636674
9862853,3834685
6431430,1011510
2176554,7741143
13099117,1467012
10942821,15339762
14377922,13547637
7729747,13133927
8978166,10164279
10754691,13297488
11808054,6657
4297162,9018475
12140378,15098898
15224994,13512877
9169416,1454036
1092896,2945349
15493160,13210374
70603,525805
14532590,14845937
13575126,4897924
15796371,13390503
8076169,2726588
7034770,10092756
13166452,1778856
1332794,760003
4014711,15244416
7071311,5514562
8048145,2859441
2659539,13957617
3412045,15429279
15353041,16312224
5407167,5468725
10419259,2799968
4077918,1298042
14655839,2135431
5297168,2938748
14157150,5873628
11632388,6618226
14010129,7861598
14889169,13821725
4427323,5907646
8234186,4953158
15704749,8263749
10261326,16183205
419198,1322908
8249500,9860948
8231539,14088312
7733325,8255917
1752582,4506302
13697298,10340127
6899601,15051585
13775501,13077099
3454240,10933418
8013904,10941860
6528077,2179606
11448299,13974718
1805744,2503560
11747998,2933178
15416248,8071396
14246531,10803808
10811562,15793488
12711815,701706
2901597,13687080
16129041,1337931
8687491,8501817
9354408,9768090
6970297,7936652
2491416,10118604
16328071,10004604
1527063,7504903
2520368,15683884
5224995,4534589
4871328,16377128
10503253,9921601
782961,13029240
13086977,2744712
12110152,7714886
10187332,1695779
1898094,10494274
11705571,15023539
15122362,14891893
2416193,2459005
15047837,13409116
10815715,16712422
12016211,6899733
2167563,11935683
1323385,5219394
5537082,4821835
9511250,11214204
1783606,4364217
5674064,2051408
1891965,12026950
11748353,3907823
5158650,10034055
8447840,15939114
7802508,15321166
14428536,12154068
4736034,463389
13765284,5530110
12542619,3637297
1360972,13045168
9263136,11233584
1455750,6160006
13908066,1479591
16495721,9998119
484120,9690207
15179015,14350718
1382584,14414434
16246766,4752093
8108578,5627079
2221485,13429883
1827826,14974964
9388604,11128524
4128644,12789685
13290428,2422880
8279466,6171121
16035533,11112131
16654143,6320660
117393,9912188
16233869,15145685
7317323,4286566
5379333,5371459
816930,770317
13603781,1930885
3642012,1001248
11576344,9066900
16216775,10293234
8867567,1892815
352157,2862424
5297095,10095943
8114699,113417
7764501,8309791
2844458,7276628
5830055,7691444
10202916,3020375
10542467,708973
2644708,2297047
546622,12543169
8960993,1859453
10621024,1331284
2601189,11158868
14814071,3589691
14673754,6654133
10099564,6324729
2448528,12268227
11793092,5507065
3367994,10200254
5771211,9255386
11697269,255886
10989023,47999
8059054,8833204
8367994,7653090
7137211,11726987
16754915,15521074
2027376,6277732
12806324,8120079
1394718,12293674
7968350,863941
4134242,6232222
13553482,11336487
12422737,11284285
45653,7338495
5306394,13919478
16371479,5422121
8457548,8173597
13861095,7592796
11383636,5368666
10358177,3876223
2504892,10430811
12604335,12407876
13585928,15781330
13003407,7860819
15638870,10818450
2903045,1269645
1235080,4148008
2956966,15425744
16320545,7570201
3299082,12666389
13384932,6911751
12806042,13865632
9083093,5973736
2885074,4941121
16007566,12695444
4702383,1482545
13490364,13125964
12427194,14609564
13039712,14641612
3948355,11177605
11834838,10396684
10874462,14591951
15182490,15924466
7976592,13306332
5700847,8661109
6903309,9549409
6016966,4225599
6399614,10596176
6854791,11109119
3351155,15902615
13927590,290648
11624214,6543984
8425891,11573410
4011235,8411902
6820655,3511405
893044,1741237
15270025,6149298
2628388,1568363
16244003,13426387
5581531,2042202
4944971,114765
10804553,1263153
1010421,7465123
7113230,14154050
6230935,12926305
6678749,8758229
2902330,10058533
5676009,10489195
4718568,1992487
9963521,1294541
11914304,11276777
10868754,10601370
4653940,222646
2459021,4659641
10638373,11409245
9628513,11668653
2707593,6062101
14702007,12516740
3335099,1758634
6427713,12206404
6336523,15201221
3838546,1184036
4197390,15463082
4399092,5230063
10016321,15328879
15986002,12681395
13775198,4668712
15498217,1485466
10015750,4538147
8241624,12494866
4202702,8878443
16304919,12582318
15305855,12368096
6992826,12257297
4148078,2081925
5153208,13782547
2121223,14010585
353528,5827115
2152847,16150103
15836618,14777970
727222,4299503
7799119,14582874
1523174,9400329
6518554,9777661
11625679,14769823
14625506,12195519
6370028,4657502
663883,5488560
5548674,10895257
9158887,9414171
5323722,7246789
12088511,6725742
16538023,295488
9630512,7571078
12819342,11911777
13057044,16440749
3655412,5043622
12730031,4625307
2354985,7804084
8935102,7436441
1940182,11771630
14596053,11834154
7051021,9409063
10378707,8746490
2783240,10427506
11679894,707374
6644233,8094550
15385353,6422937
8366169,5239127
9784322,4011400
3256663,8119131
13736127,2456780
5653394,14143551
7065981,9682221
5496647,8193168
14492151,5917174
12005740,13621098
10473212,1360982
9362790,14418557
8310714,5807702
14435821,2278363
14455353,7732503
15633996,5162595
8490559,16122909
8184912,5615766
16745593,7183906
3484032,10432924
1912671,10637605
13784260,6463402
9318401,11036265
8468967,4397357
14924392,4632046
2324367,4803500
1438049,7662661
3981575,8660993
1082135,13972630
7187284,13044016
15208849,13535777
7506461,13202207
9659031,15287806
8386042,456897
12207908,4875946
13778433,5425787
214343,10466221
14974244,3909488
6086208,14302509
16312158,9395327
223667,1760390
6010374,183711
8460680,16461686
1996667,15860039
3382625,1496034
15918541,11149161
1513517,13419007
10969696,11755341
2319041,1346465
4583201,12338080
8517433,8116598
12175175,2178427
15768088,16741724
6932639,9623838
5532900,2880398
16617151,13931965
8548973,2295619
5756798,1422688
16036655,16295547
10550256,5599617
5411108,5531767
13601968,4699763
15598552,11633661
215275,13775512
5643251,13704641
6189484,4399995
16169773,2652948
2580657,5651447
5718962,12830316
11004943,3179000
1120316,6703583
4316601,13034343
2611314,6211759
4213702,7897798
14603449,2155155
3182049,12742302
1432356,16088357
5808221,14509609
870909,7929296
13889896,2391876
8610333,7556215
8211674,9188893
16216185,11131448
11006016,12843811
3937056,13290885
11124179,9420419
14808642,15711673
14249083,8711870
8598923,5494619
2007038,16033367
10496166,13436983
1739710,5282194
8370669,12661323
13236476,9286658
15918713,67736
4545489,13191241
2959680,11384343
11172154,12807084
9854733,6044947
12324791,6070999
5101045,3455666
11915307,16786554
6527717,11996392
16043245,14633409
16118047,12086293
15763505,16076106
9226995,9876459
6672915,5252538
12984055,4618878
15047847,7476545
8005648,9793050
3477803,5179658
99534,255909
8625525,9554087
12561424,5477683
5365445,16685048
10867222,3662943
1569146,13926868
3068529,14301517
1706918,1073212
12239074,12180768
16710714,16360892
2458454,10409595
6805747,10393990
1267831,12883845
3881011,12415688
12277106,2776579
1651293,5483963
14610378,2209521
5128094,13763646
10468264,11486280
2764038,11789596
12566842,15957934
15198603,72076
7858846,827878
11269503,8241486
4837986,3877284
12126665,2470366
16069160,6888650
2562035,2194890
16107962,2649612
1399894,8982151
2892804,9670090
3499058,7110052
15926066,2278991
12046122,6639688
13549871,5418749
15401858,16746494
8811809,12957408
8925648,16726932
7360615,10892383
13559801,4073237
15909846,14334269
8853436,16392579
7205393,16322767
73565,10568852
11964078,16736011
13433258,7831909
1273981,8133188
8041374,4769182
14509928,10071624
16722340,9219632
6513764,1715205
9292166,7357484
11730576,12361666
14590774,10356162
10407223,7663223
7554233,7965805
876673,513634
16214388,13468711
1633315,12988140
14731112,2786299
13341439,16233137
5933837,11511205
4372043,8998842
11314007,8772538
10014912,3292281
8036896,13259639
14697508,15872872
7060427,2473791
14634580,14776819
11717714,632372
2677444,8179021
13370167,5354327
3367049,4401129
5919058,12386503
13964762,4710663
14371778,6285844
3334739,12362495
12875870,8588995
14687483,11581561
7039541,2370641
14116179,16004110
3910820,1315810
10952266,46911
881797,2758529
8614008,6787266
15532478,2008856
16570182,5660192
5242043,14172366
9875461,924826
15397188,13676164
1315452,5129785
16579247,9472543
1972941,10757950
15657120,4800211
14903616,957749
1770332,3746608
10460471,16508233
6362636,16050393
6854172,3664244
8450826,15807522
14289467,6284644
15685008,499319
14517808,9409636
10071058,2130698
7968931,11763533
4189653,15829538
5921291,2062717
16337974,10757893
13563283,10232762
8387510,13422209
3009524,16355817
12785040,5796401
8104628,1843787
4336308,2865315
8197349,6977020
3787325,16247020
11458764,2229521
9745068,14869824
224339,1520351
8578163,5773553
9594903,8696626
12868051,1916057
4227910,1906997
6433333,16371200
7052614,3333606
914154,16275363
9790161,9939430
8447471,14117293
10092148,3232659
2938881,1834741
13806673,10247355
6075579,3753277
11803832,1591811
16005271,13667786
7595366,295441
16237449,665499
2340060,6094031
2834978,1785187
2018851,15937367
15195070,15900379
6767143,4449944
6440470,8120439
2138184,2907164
13794653,9585618
1414245,10136422
14197016,12481633
7580399,2696802
14989496,9966562
7950632,3887094
11984662,4518012
14525335,3510151
10185637,9473362
12568777,2812548
10393737,7551661
12526928,7395705
16220292,14065474
521734,14252856
986615,11734793
10407967,2581773
15506210,5779631
2274500,9703379
13142107,4332485
15419982,15668522
15240356,12699119
2682855,2408613
10392094,11908290
7002447,12816607
4786483,5389317
504213,13705291
13736357,6515822
1743500,6009700
14341887,12608479
7001736,2992163
11727770,13466755
6047169,3230444
12736283,2380975
8876640,14351354
13435371,9410377
9687115,1694180
14818499,4356557
3504865,4197549
9545376,4617659
2045360,5887413
14363745,10210565
12759240,5957536
10807517,3961918
2351923,13501169
5721342,1924328
2888943,10648919
13926581,6258132
1526110,9799876
11828936,3667084
3977138,13442307
10338770,12714815
616004,7568580
3754224,8261412
218507,14979686
3817730,7378677
13452045,8816472
7141504,7925650
7044720,3883285
4492545,12217864
8231048,12184799
8814315,7622352
10849433,3552816
5120161,14221226
9639136,5204705
11505289,16640321
11247084,7707031
1971999,2699707
11995083,16633206
4634297,3472999
14550289,2501678
4423932,1457521
6054093,9148952
14201153,1668145
2161452,15905142
15380114,6599902
9568862,4582129
11661361,3744188
1189157,5027643
900620,8935835
8414538,14990795
12486696,8928401
4578181,7728682
1273095,5875593
8153091,13862253
8916410,8662229
4378555,6701315
15794951,3588367
3591454,14679472
3727141,12640028
2630111,7902808
2375623,9533590
6923537,8733181
1864206,5198455
11576317,8418972
1660734,389748
7323406,8258264
366301,9517
8170762,13731105
6536727,16434985
2816265,7215691
15226015,14409409
2516730,16245415
11254186,11865198
15277544,2766862
13027896,3454894
13182879,1465941
10283397,4084975
4783529,6014291
7730356,2532807
10683084,13094741
9615466,14971360
537639,8988580
9696468,14181908
4820946,4784120
9435243,3850054
7554283,11054125
1700101,3439307
12711490,14575692
4782336,14892286
12203248,9342228
4584274,9372559
10042779,10935967
1420491,1549406
11323782,12023141
3406110,9881617
7720543,13414679
7202319,13391203
749820,1615637
694566,8641369
4907735,13666645
3046220,10163760
9490316,15785000
2374910,5046489
1383360,8658671
8044882,7522379
1630850,7718331
4746156,4703074
7939777,15395805
3679324,14387862
14460876,7161337
6547941,16099593
11418193,16232025
5561280,13741935
11704518,11405617
2641053,8722883
16558094,12538159
7952926,3805027
1846462,5035764
8551678,834569
4107540,14906945
6153242,1522349
2616096,16295249
14715588,5989302
12291457,1537487
853393,16400371
15844765,12421880
3061416,4643822
6916230,15667435
7835140,6622679
4291020,4852772
6034699,1177454
4721737,12940955
7292018,4514851
9915814,10601255
16322553,10139784
11845672,3939812
1093194,8342454
3675252,10844208
15733293,6994979
4706644,7426298
15471410,6662715
14347705,2951084
11761863,3335888
13156950,6340726
16209058,2878949
12673968,15355518
5697506,8254177
7661232,12820334
6483815,3559767
3695369,7056329
6450263,10712728
9772633,348620
170009,16122019
14047387,10986646
13895358,13788931
12982057,8704401
3976053,2238705
8556613,13325529
9410197,11952329
3708274,4270864
12540804,11779615
15564677,14633618
14887226,8265290
5312156,12199963
14731380,175599
1384555,7664498
12113953,11138681
4119783,1920302
4723492,5880995
14158565,14028021
8955417,14418729
4462966,2771808
12411499,5765596
9606570,9861076
7603728,6751368
882936,4550825
14896632,11815868
10373064,13422249
10313359,13260322
4976733,787065
12697510,651278
7678472,3789890
3807321,10990370
11217286,2776176
4468093,5612630
5279908,2689
10067349,11139391
8381449,15423214
16737526,2967230
1345223,10538763
15220121,1950162
2804779,9112237
8439859,11383948
1602129,16715054
3628557,7901700
10151513,3730981
2043885,9342544
1510315,2536747
13401970,12375659
16743498,9542137
3777879,15936876
11495652,8408777
390477,1286224
13576199,13470268
1356179,4610469
2432959,14433076
11265221,7194097
4752359,13514304
10653968,9792632
1714118,10975360
9944167,15876015
6414353,3186835
16703422,5347520
11970513,14532748
6332965,15901937
16318985,1351462
15521538,13838361
8778794,6588887
2652526,12728644
8341162,1547301
489091,5920978
14154407,3033942
13625314,6827777
4243200,7225119
2079266,3625823
6257926,3892057
4415039,12529666
224099,12287647
11482953,6765500
1379902,10415998
9029581,2328936
15612906,1973784
10844316,5054900
8140526,15365535
10055136,5687901
2090863,120770
15604121,5271063
1457636,15917011
9949608,12472242
7287497,14250825
10572889,2352774
8465831,888579
5264938,4353301
15282368,11633462
2615202,2097144
10799216,2476862
5958384,13983973
12830028,7876134
6969204,8441752
6195526,3907082
3930650,483943
12766533,1266762
7423753,3437694
5663506,9618710
7585407,2258087
565072,380153
16325950,12144112
11866755,5910995
2251098,7665560
1517866,15985564
6942985,8770235
1730540,11962297
5732844,1789188
843936,11990921
8181132,2206721
14443370,11982634
11012104,455160
76385,2371326
12318262,6223831
15387494,3760504
1571131,4969517
7357986,5122640
16109910,19451
3840134,11644587
2389204,736894
15878111,7707888
1645015,13636592
2552675,10190850
8878939,12009356
5894596,16173389
7032993,14406475
3663058,7662113
8108878,11970608
12112333,7142914
5734822,7355487
6305793,13853312
13605480,4225189
4219059,13672124
13199952,5719087
9981003,13474334
6305441,10044962
7779971,3937056
10354820,8104665
9671743,14622256
14177477,9797237
4991106,14630949
16795117,3993258
5074415,11291005
1714404,14546160
4074893,10529184
2803940,8922354
9325930,3768718
14720285,6930818
125107,8008220
10406743,15487279
15874657,1743831
6251027,2661188
14383253,13002296
14860356,7225635
2423096,9310494
5539714,13476297
16284570,4520312
6701943,10504525
7402844,14325499
11852310,16581224
8542289,4795572
13094659,11927752
15729229,7847936
5799807,1318661
10763295,3744784
5514555,10907777
12311999,6311666
3001231,16384459
15971203,975153
11576027,6159049
12332675,13095578
7399135,9350204
12831823,11073250
9794713,2712410
3896464,16531291
1028331,836076
10326584,15918948
10242796,3565015
12242696,16161672
483181,799367
5948950,13720831
9590646,10288301
3202263,8638162
16365544,15524305
861313,8044246
1878829,2356242
12847283,13749785
11415899,12278913
4361083,3122533
10899535,12782738
8488513,590686
1147451,10693250
9251103,8556569
16450810,10621115
1449332,2458877
16628118,15401440
7037359,5012731
3544808,10012999
14238618,8220970
10383389,14285098
5632483,9009336
4467247,15952116
5324747,9112774
10925730,807870
7213899,2548358
9120348,11686943
7349702,1452843
7468418,2298324
4780037,234302
6788888,8405386
10066512,13832944
2055431,15691241
9732261,3256245
628700,14496482
9622754,6912128
13660153,5033749
3596577,10043124
9664865,1761885
8239740,13877230
637255,15273810
717386,10986956
1207474,9110656
8017347,336577
16346415,16678252
1267869,15542485
9308786,5603576
1199088,7074287
6989003,14867978
9047057,16667871
9444863,13488257
13128496,13119626
3237926,3027720
8225415,6795652
12841493,520361
12102353,1333644
8516535,5238129
6605445,14504746
13642509,9248490
2282985,1473484
10186579,14961017
14538819,9966994
10166717,14941116
5810695,11157813
5423001,3896623
12220912,9834767
12638533,13804205
14573725,14048785
5150999,7919429
14983203,4223881
3932397,15481057
11141638,15227204
4603876,15889692
16198476,555236
14001002,3933002
16277572,1030843
8742879,1393835
2923843,6571523
1336532,15474920
12034750,5553954
9085084,6608013
11728296,2163511
2913361,9259818
5466531,11967257
12816290,11490846
6471189,4393962
2997251,3625042
14564610,9708385
4982542,7933655
15068532,11920883
10169970,9186963
8405138,1754919
14084285,5690985
14643737,6510080
6422164,4010874
11266531,9788627
11577916,270121
11517699,4114919
12003407,10007366
324157,4044119
14236416,15536006
2973176,7576195
11142946,3809738
5536421,16534404
3167299,12047388
2043641,8554076
14754982,15308447
3126665,8726753
8175566,16394075
14945536,3764944
4275850,8430322
6826468,7256745
9275464,16567705
12064376,11746360
4832323,15410870
3954944,167181
1790160,13746028
9180440,10245026
10801269,8681985
16524912,710893
2872977,16569436
11725443,15460956
862138,9016262
12683987,15340296
6592644,7422032
7532481,4359379
8214181,16571957
11369093,2967915
14579006,16517324
1558184,14015037
167056,6643081
16169674,8371908
7306407,11579950
6958341,15110492
2598943,5522758
1098626,15175947
11135640,14911912
9344103,10277894
16194482,4292590
10324934,3976845
12328149,2371359
6814408,12223604
16342308,15809306
2184619,9436752
573781,8223769
11381022,15000538
1185069,15442946
13071560,5745079
7864351,3387319
8009195,7718665
3204731,14565229
5956372,2170239
4539192,12163191
9135086,12644163
4111761,2421042
15691131,3557999
9546551,5235416
11155305,598787
3353047,12072567
9092732,6954201
6758457,8404140
12505460,6664224
2054870,2920452
10523109,9667901
12310427,13045077
7536067,2026370
9575742,5925564
12511215,9858188
10906760,7790069
12382975,45172
6704326,9242734
5429874,5861636
10732830,7198203
3361299,1006026
2261674,12019722
2470218,10675846
13095452,15243853
8823907,14907758
12476627,2441189
3230575,4735293
7295053,7789531
11152686,1860919
1820637,5984025
6947423,14962131
13357614,12558916
2181702,15028458
15183777,5543910
15709526,10732179
5507809,14389754
8080399,12002771
14814686,9921057
3872559,6886778
15921412,13000146
16676353,10611239
1073585,6670437
3560356,382530
12485735,10893721
15074775,8031535
16196791,1613958
15515178,16349225
12401352,16000552
12877591,7689299
16050113,7657390
4283833,2540638
1499148,14884289
9318566,9872902
765051,16401265
222840,15233058
1235006,14297732
8564083,4003438
16559665,15940222
4340238,12956036
3989830,166037
6010420,5953912
9916663,16491733
1491884,10178756
15376437,10101863
670725,16326430
10350930,8206319
12242573,2120290
5933033,11255553
8949848,8101769
8139342,8301313
2741984,10672194
7845114,16693306
12832092,5154271
7349349,12058431
7791977,12288638
10229619,12948822
11585853,1309430
8915146,15115351
13692653,14550979
10069189,16718378
6117804,6479855
12322584,1348137
5665814,15588947
9030114,1992197
7138418,9313141
8032536,13246415
3983912,3991986
10508896,8634715
6748463,6904086
12790975,312441
3553757,13666183
5223860,14478334
11034705,12675787
16414642,3802107
16300497,10093727
11687789,10733631
14715582,2338519
3492861,1832271
9725702,7912059
8580339,7750496
1917318,21774
14469451,3401093
9961114,3955622
7502364,6552243
6872813,7868335
9124867,10456734
11332054,3812627
13215064,5441040
8035127,4981993
13930285,11495420
15139196,6648686
4914741,758886
14321968,12024481
15850192,14475179
338048,15702033
13432677,8720605
12015169,16757198
5901274,10422164
13775585,12305262
11452973,10969471
7902135,9472122
11105164,8562511
10316722,3712271
6540978,3529602
8186848,7511027
2822095,8870416
1893214,7308390
1164145,9110246
16521353,9619553
16273947,10577794
11479492,13765402
14176339,9796214
1398624,5172441
7708002,10535202
8871176,14955111
16764491,15711190
9633155,12225999
10718489,6904522
16203645,6664257
12188247,12852843
4052591,4083033
7399759,12211310
7872558,4358998
12812045,6655538
3663585,2301123
13113197,14235265
5456273,3256142
6413461,13134053
11892411,4624689
11346380,12356268
9800709,16340808
8367162,1095095
9942410,11041083
13927858,13049096
4992455,4143633
7829228,11780979
5197226,16516484
3212573,4408876
11391585,10935985
4371151,11556047
2437688,13888326
9418123,1255409
3986484,1458032
13959026,15799195
411462,204247
15326782,876233
6905161,12844432
1621684,7199163
9553209,13219711
516558,741627
1028044,3342296
12567180,15483002
3183608,3342021
3489611,12502913
12879634,6376122
9510048,14514090
2360808,5367152
8096042,10193112
12661547,3703805
6072669,12686228
5481334,10283093
13815412,10351799
1334266,1516579
928253,15306435
10743943,12277076
6344254,5334748
1312686,7440114
12325550,6102501
9119621,15876632
14967192,11914193
410827,14664818
3842248,3630489
5294462,11399738
11165402,10690688
269394,16528124
206218,6008893
13925107,16466828
3453461,15339322
13652491,1603042
12992301,3832652
11507018,1124577
8488985,2646342
12008215,15812276
1190779,11384206
12753484,7118917
5033891,6686861
13417245,15276508
9501471,2063982
8190725,14375859
10122787,15741818
2517055,6365362
15048624,10878561
5492675,16077938
6634499,15725352
4454253,6642528
356185,6107198
5415216,15019716
10538157,13754865
15772063,15844998
3766258,14519725
1283217,6675012
2550275,13899340
15577775,7143579
10796590,12576009
13274452,14299755
10955176,6903433
4270105,695218
1628257,11295591
13745176,188706
16399977,16310793
13517392,3948515
14749864,3229687
16433601,11153283
10580202,5290166
5608164,8517050
7145135,14731381
609609,2517419
7638808,10358584
3757642,15201543
10433108,4168495
5913072,11411379
4726616,12046281
16740413,15497993
15385342,7983303
11975960,2408753
12138705,16437681
5533548,9937682
12988810,8426181
5296663,14360515
6900273,7123703
1605073,6195777
8829365,15026382
1496791,623824
1267053,8502409
16792139,9118294
8135435,13253679
3070958,10895033
12270075,13080532
14633739,15890050
5951102,5629250
6579821,10634463
1579015,13731020
1292311,11076182
3603202,15582057
652702,7027261
15254985,4992811
14956765,967864
4091938,5655149
15047376,12848053
10788098,16104479
7071441,12307576
10881387,10071462
7250486,13858459
9697896,12718408
591350,9190080
15899131,14985038
5818089,9101071
9987220,10346922
14357556,2667169
8487694,6456335
15141465,6019625
4142426,15634300
15980335,1794868
6640958,10915402
7758539,11962723
11041365,12505395
6307221,11117270
13343631,11669260
14369951,1286937
881976,12201694
16282327,2025590
6723077,14481503
8382656,9723220
12277833,7190228
12742883,16371211
13737945,11481949
10851718,16154918
3308113,15857137
15097870,4091747
4804632,14638539
1348162,11503148
16093304,5613977
5463219,15471140
13256804,9151858
13134260,16197405
11138044,15246852
14920308,7232616
9006648,11437720
14060396,2056168
12761824,3213044
13200603,13217603
8310433,11404299
14748694,5770357
16555995,1685311
12678036,4502276
3939681,5252006
8115291,16042371
4267064,8535685
9883907,4533921
10479679,13091797
13187962,15760392
11973781,6303512
2731066,16018852
15001273,13926344
8479393,1366732
2201097,15236073
12080847,11511578
4676615,13069371
4176097,4887016
7138204,1886025
6794606,13115713
16224626,16390272
12379665,11754900
13832684,11463397
8317872,4348230
7716945,7910037
14953489,12613208
11269758,16076554
11712703,15536912
3218697,15752677
951630,7047359
3730240,5329075
12430235,14144359
16501557,815759
14255116,9814318
8459792,12636422
6716351,11403676
10968258,5055187
4085466,14017312
569818,4670218
5709180,569722
16270868,15399090
16597286,8432152
7483395,8610128
15910364,13353397
13337889,12415932
6018322,9954480
12327837,8066472
8926312,11783078
11414335,7020297
13216213,6793179
8082722,13242399
9892528,14651075
14391268,12988393
11006399,2028099
14779757,7016415
14779747,13174189
5965128,13901797
13976724,8190547
14671026,2410878
1598668,7109226
15771757,5640331
2468913,12177551
12546668,12796271
13841531,9344752
12024399,7157919
5879100,13234462
9825138,13840335
6981183,6426866
1479162,1241165
5297892,3168646
6475257,2642959
12585384,4123853
15704499,1253239
4828876,8118680
11069745,7869583
11125154,4268302
12972296,8332524
9324563,7210656
6157124,9285263
1820058,5800200
1456514,11429096
14055829,9093549
10751818,5306902
7522985,4822443
13504321,8818593
6586944,11463979
11676578,1924974
18018,8892145
3958229,14956180
8551145,10870759
9656687,11861305
479291,16751979
13271950,251579
14318459,11640088
7410229,15377514
15017150,5809095
882758,14538498
9803572,11593557
15634760,12698030
11838024,3939859
13229467,2431861
15707982,1957825
2826787,13668287
13633535,16145148
5488404,4406586
4012526,8619998
6299170,2640574
14527183,2613066
6892873,1662707
5435745,11140998
10085993,11925432
7496140,7427827
2884230,9097246
2300057,10987446
9799812,9208993
4281321,15230489
733797,10024486
11338192,3975385
4075841,16651275
16417770,12669138
16113123,8149429
3135498,4253768
287819,10450193
410842,4167245
4836287,10419673
7169232,16350147
14970916,10111645
13793788,2146792
7723278,2690845
5912996,2994336
11256943,13070821
15324362,14138642
13275139,14036898
12199063,2794248
13916121,4145626
8715672,7283272
2926971,15928757
5740931,7772493
9517469,8418954
9666387,6927578
10660913,9667615
11739505,7873466
9829770,14829634
12234783,10822890
7307904,8234555
5029141,10312704
14065320,10100532
1912578,16012032
15450113,15735584
11000248,4862330
5298507,3107011
1391044,10518139
14996786,5610617
10376899,11558074
16528151,16354561
8089920,6257117
2160014,15776505
1942470,12834627
5850092,5715133
422775,5535205
14716054,16509361
6096840,10383052
5072933,9962620
12697373,6725137
1823404,15909729
14755362,314404
9864406,3812005
5253940,13795497
10932695,1096936
983711,12608139
10098194,14329394
15932999,13764497
13275341,9705404
8989844,7405105
9225338,7874261
4550181,11955488
1941550,4478353
247236,8641247
6420915,11664345
1818459,6931410
4403763,8194308
9387307,13705975
12373131,397659
13572019,16453076
14375820,490440
16210353,1809894
5790018,11510522
5659772,11732936
13110753,2846483
3697651,15369130
15259895,3865104
9523082,12906159
9550685,7437843
2903231,13341250
13901198,7154890
11422730,3550698
2518473,1412019
6287153,13969803
13639256,5835492
5126093,8274391
707262,14982021
7229696,9810139
3340763,3074379
10482816,14911148
4347300,5708832
7792448,9189251
4783923,7777844
610927,1403297
4575102,15760651
7041342,1862320
4302066,6797662
12317986,13804488
11973109,10405625
14841517,6287380
13487210,4436979
111164,10323441
6380501,6280801
2972481,3187645
14139085,16501346
8495610,3941236
2973428,1730422
12990366,13741692
3485690,11664420
1020316,11351944
5071967,2314752
2826579,12697727
2430918,3402471
6861172,2570679
14512306,929472
4135351,7941293
9929464,5733394
16136928,5897560
11366003,420977
3527812,8209189
1976049,2957691
11336991,6416382
2843565,8887082
155661,6659226
901872,4980900
4297592,8957846
16169260,14773753
1800255,6302322
4978263,2604472
9185290,2481365
5356938,14664991
9890842,6104850
2528692,13535759
14439781,2866436
11663833,14946392
15076452,1838336
9276399,5529408
10279481,15635429
4449259,579798
15857958,7584798
9101250,9308984
3895403,4523074
14745383,2240898
1022788,10624283
14072370,10848649
4193815,13526303
10287640,8820766
10465631,15445357
9947675,7501226
8220464,8579725
13216451,3584490
861839,14063645
15293239,883556
127300,15965034
4660778,5380600
6889760,7146149
5457763,315692
15630011,11690738
16651488,7230628
11206121,558774
9474002,12342238
9776182,10920931
422263,16246618
8953484,15548948
207110,5499780
13517284,3171416
9882543,4407006
159957,8349845
7155364,972950
6513699,3425532
2252341,10677491
5788074,3446987
13114454,12830725
189420,5364463
8736941,2999045
16227012,15126466
15562430,11650171
14860816,2533948
5541518,14656918
2852332,3621108
9764007,3359538
2746306,227595
16029852,3769752
16128296,9116169
1532641,10656085
1573960,11310525
5705976,12248697
11682664,8659316
11199170,14497812
3432114,11987267
11544395,6239631
14842636,14352713
6398688,10474610
6192602,12484881
8645596,8265692
8691621,3765991
13477536,6694234
5742863,3945496
16143430,14570457
9018456,12451180
12072458,1645577
10111217,13895589
3103163,10699623
16752661,10949073
9828433,5677570
10397653,11117710
7923803,9550599
10792999,7465112
9676204,13144552
7910390,11004266
16417506,9904651
1904741,10169416
6049496,13160347
1067779,15035221
1056377,10078059
7655072,12339186
14594113,4582760
2373296,10995704
4166345,663194
1142223,16418305
1982577,86422
14389973,4758366
3972962,9885317
2658597,6000930
710059,14678547
10289198,12215976
10146427,13893698
7244136,7149438
6633613,8985545
1514309,11870386
1462600,6429554
7307295,8073635
9385040,16672309
2875645,1341365
15630298,3091342
9168286,7506329
7598514,13654339
14816757,589167
7955952,16409152
7447913,10690067
5709200,3532242
6898509,7995473
3022091,1080534
2945099,16383308
16347490,12959291
14336085,12939297
9815643,8231330
6668677,10362973
4290779,4415291
14022396,6104897
947556,15280309
15426746,10591304
1192778,6830046
2788946,8022444
1170034,5799203
10731549,9552147
6488282,7499375
1476046,13793330
10766201,490183
5472097,10724112
8686028,9782938
5423184,5474713
5763992,5927580
13737046,10532564
8236515,4527857
4277748,2562650
14088799,2368743
16387745,14376730
9790278,3136269
1256257,11492765
12090556,8676266
10777515,13488965
3165423,14800339
10247943,12255264
11765207,16710828
14463983,14808184
13447117,8644744
4142204,13477012
8494832,10884935
15861667,886272
7128346,5538020
10066677,7321142
4535387,9396544
8302735,9397483
8657516,6464640
2503699,10790533
15702193,1196535
5765519,1541222
16169776,1349308
4727846,10371930
14124210,8766468
10548334,3107787
10172252,15823679
6432320,1962736
6500837,7862455
15071228,7102107
5174072,12641315
3199684,10583887
11064254,9628502
9021352,8419925
13416840,7427787
13806987,4739954
8890287,6963928
12434361,14234789
1781778,3490541
11524587,7306645
7027016,2167286
4011359,9440115
4285893,6480244
12255002,15751637
3153456,9254671
2039278,1322904
13096468,2583419
3972255,16539474
11418490,13570904
10439137,14674476
11922353,6808281
11366210,4102090
12293412,16601410
6671858,11414800
5344540,5719883
236851,6411478
15694426,10004234
8336379,9830313
6730693,73899
11451352,16712416
4995886,15080174
8818972,8383335
1143406,12997288
1273931,8103515
5313022,2923393
13599007,1381795
1029696,16757772
814370,6740069
7380276,7346026
15418777,6398921
6461466,6934646
9889759,12451023
11485993,3114571
5384367,7290046
1323019,6037658
8389799,16685765
12401510,1052090
12891923,11064722
14879601,13630027
8232698,16463363
850893,13351872
7764342,13883283
13205173,2245220
14917684,2863945
6676734,14279895
8979903,7180431
4421698,1142406
10053471,11959110
4437604,7795014
12833004,1768411
14892490,8639068
12040939,14560347
5766461,5828463
4770895,7692496
8758094,10886011
13779641,1469038
606390,14064292
13291658,8047299
15676356,6775339
1519549,12718103
9103607,506307
16697519,6028566
3939745,2512594
7424862,9311438
11840017,14388810
7038587,1405365
9185593,2413040
3179977,15380769
7458157,4498095
5491575,12933700
15544482,6276900
5390239,5084488
12099260,12188888
6525821,15827482
7906484,7575317
16565402,5783956
4934764,7111960
7837065,15890504
2271938,4344218
1557336,2528025
15659494,16570944
10774210,6609692
3405345,16306605
12304374,16327037
6996579,12092971
212296,3321563
925212,4657215
8089814,1404820
2325763,13855325
3182961,2910770
9134938,13023472
8991325,4399982
6104687,8262014
4029899,5036423
13345893,14748561
14503046,12715904
9604880,190833
14236262,15250469
7053082,6205342
8422917,15452466
7386724,4426141
1219874,16731295
3814283,7794173
6052333,12707994
3903497,10394768
8660803,2108519
13288042,10991960
14550937,5438938
16438291,3164698
13709303,11892173
4018639,3336840
10602970,8270533
8524709,9633402
12252958,3240175
9962562,12800511
7922851,13270922
9281544,917142
11477953,5552102
8246571,4653050
14837573,928017
12265811,13135728
8518711,11714575
15179134,12879205
13559458,8869174
571559,754274
5705247,5918003
12988803,4437158
4595252,2025607
12530055,7915125
12504144,16067468
8650663,7146733
8360432,4150117
1967671,12368777
12163543,6529497
15080855,11502274
237015,16077199
7138212,10645287
13547081,11739556
12416380,12980175
394152,3333459
1859921,14988244
1626538,10621866
715526,5767603
6407734,2424071
7375660,5277737
11316649,11061198
2412024,16034813
16500498,15524811
14460139,2420849
16552305,7821419
11697750,3912227
12221226,366947
12514695,5512990
14804593,16518432
11690140,4513164
10716069,14675833
799156,2215059
841646,15827748
12491451,10458862
15768167,1233593
2995802,16598890
12629177,1282347
3039840,10827261
13887857,12785930
3887694,4425692
2496431,2456456
14087838,293570
6805029,1471786
2982184,8687781
13819917,10667818
9957640,4226481
8450422,2560669
8545875,4433564
6526436,15566904
12656125,14141870
11214405,9151829
8230354,2138075
992261,14952239
9906068,9800193
13254022,12446029
3600353,12207770
12997954,14496560
6674275,6510098
5747929,14197134
278378,100569
4684660,3859156
844357,6201890
1025996,7926963
2162669,8038651
3597542,6738548
6379162,12319027
3093363,1494538
1893195,4007670
7901325,9951772
14875017,16419764
5089618,9590159
10453389,545196
16753482,11443313
4392732,4655057
8509969,14536299
793748,8653346
7448429,11816214
6134671,1396416
14941061,2871015
1053875,10063071
10642925,624247
10505352,1055995
4390224,15781664
11553049,13412079
16357558,11511205
11451515,8540989
13810761,10006310
8568751,1328818
8533897,2911617
2481715,16546077
16268539,8525498
10723432,12549589
9999959,2059374
14440431,6516247
8360825,7091990
336205,12512271
13374113,2212487
11559423,4190769
11623708,14184186
722012,16152583
14650251,8641696
4118649,8488565
10574593,13691071
361303,16558461
10540562,15278811
10377159,12722841
2990560,5645198
7340668,16450834
9129759,15435135
4872312,2592820
2582499,11547604
515954,14994642
13783634,13890297
8312118,16591015
9793510,2156165
10453620,11500668
5988010,8842325
5355095,1185866
6964137,5408898
12416881,5104492
7907499,2606906
4399820,2735992
11379896,1879222
13857082,4614488
10569317,6718074
11481613,1194872
14133295,7779123
16021223,8465920
7774908,9414779
9671470,14212110
13840822,1674946
11543590,8261644
6907113,7935914
6831237,5165353
13564482,766304
12544476,8256375
6078412,13978993
13413992,5645942
8345304,10029856
9604816,12204713
5327621,2837760
3672470,10595509
30441,12368455
12581107,9905409
11481706,12634812
13952709,10798195
15813870,16069028
16606006,5052673
5774191,13018620
639531,2041507
9250783,12759621
12031150,10913635
9775779,451117
3117058,5074334
307025,14744174
98042,16398458
14110184,13545465
14618122,10501076
690771,12243571
16526300,5184114
14407897,5704653
10246564,15259931
13710765,8413546
11486381,3011446
8694957,14201546
5995729,16205795
1254193,15751789
8914499,9776542
3249532,6059654
3308269,9665686
14912281,2490126
6938320,8146660
14225545,13014296
6052569,3039311
7196551,10837114
15239713,14165515
4357777,14145766
1115033,10950877
10605771,14867203
3456372,15164449
11263755,13756072
8053038,15813061
11543766,9208873
8580423,533135
9404956,8684482
2080302,7228738
16070129,1624811
6913952,13491484
297254,3788766
4113754,8431500
934935,15308287
3317503,13017609
6844334,16763521
11498220,7998267
3851667,6007142
6611325,6145082
3434493,14369561
8831236,1518661
16307611,6574283
10073339,14286632
4889118,6008645
3527038,15571613
1802845,4186363
13421269,8460579
4062832,12418439
192695,10685507
16101951,5400835
3226883,15777000
11987961,3954971
16391184,412037
8726436,9547090
12393523,6878685
15053395,10831813
2877076,1023799
11492998,4217980
11717886,2780987
1656414,12385426
8580043,4057639
13825259,14876049
4813164,10123109
11046952,14827316
5124065,14098307
3095022,6655837
4050043,15964466
3323864,4388259
15044948,16646589
134834,465028
5315388,1231150
1221023,3316293
10366895,8727927
9292122,16091424
15967956,4498659
8488209,2343853
15373662,12400051
6242996,2248200
10845751,4332331
5704248,8346782
13329724,2495158
8284474,11380449
9044933,4732448
14956602,12206165
9351729,923878
10332414,7133609
16203648,5506855
7743738,6088566
16427703,6041620
1681641,8587575
1101433,1585543
4441649,4475338
16586837,768035
15977889,14093637
14053706,11567070
6700417,1004750
15106378,2327042
8799019,8024691
9023028,2124358
16705155,10480538
12895960,13462785
14723667,2046417
1644219,13695452
15812196,7611340
13970385,5747478
2893572,13695168
9382106,8822872
6017858,7474931
13583274,2523226
3889691,11297160
3079771,9961933
11482897,15928180
9547767,2880715
16334741,9920552
1309916,4807237
9338537,8471127
11611331,1617124
8233761,5545101
4895318,12983736
4804442,6485664
16701665,15945027
7138336,8279599
11732858,11057894
2654775,6019003
6038023,1880308
12027491,15793925
10563250,810690
10096535,13425841
12315492,1994525
11651216,14447422
3517888,9111292
5886772,926270
712677,10320417
5085745,7360749
11014698,6373378
7785563,6425271
10011797,5398336
14418297,3145118
1080508,8631693
2602457,5386919
5182313,8031137
6168197,8244289
4204244,6955192
3567872,2959464
16758886,3205708
10451141,5595064
7476403,3464902
14420147,12273579
11273359,801740
4199219,15109882
11932973,10299867
8002437,5118532
2279927,3387054
11451558,2810768
14026535,8917151
2980622,8398503
2371865,12624802
6924711,14827087
14460186,4035365
6096007,14346882
12956993,12724357
15234678,11232005
13628786,3162782
8902844,6908001
3359752,13894280
15297448,4922028
3216324,11496272
2737035,5752072
690986,5180725
8631613,11554357
10122928,5884679
15011259,4552680
3421162,8748940
11751107,2625238
1531098,13624765
3973462,14328847
10355872,6227429
7691592,11424483
16224669,5428772
11693792,6545667
15296636,4911833
7197410,15590229
15589586,16060439
420120,8674818
5858636,8143341
14802034,16154175
5077426,13251860
13678452,4772123
3342661,13943283
8060680,2271192
3639788,3112043
14196939,6101618
5640839,2495702
400645,1215847
4875663,13764107
16112408,7150795
16708184,12913583
13194068,8082108
6684803,11764665
12175128,383948
626145,14701088
2632465,10676900
12692,8655172
14789512,2469598
11121464,5724524
9678812,1792683
3609860,5058465
3380766,8200813
15707210,16077963
5506718,9890332
7486626,5914694
16384052,6118041
3314848,14328778
16617821,13622806
11918108,1790324
9215565,12218358
10302823,16092710
11955080,8459737
11610442,7706931
12912485,5748963
461681,7557841
16226574,3097045
13143301,10537254
11933796,8351023
11665740,6212177
10659080,14879610
13575171,2911758
14729796,2066815
5625079,11146502
1502316,3627410
275681,685508
7947463,6226968
9979988,15581533
11741716,12031192
10132479,9355237
8554381,9049081
2778702,15305759
13168468,1823610
12913564,3519115
1882278,15603803
14628527,2735505
11477528,14442237
2086295,10575378
16627821,1430508
15864737,5191699
5751842,6929691
2800565,6926095
11815732,924737
5494191,13977958
16050442,10605257
1875044,16097655
10323571,8815953
1571343,7305813
6948959,3886173
5295710,3666486
8123619,10251622
6070455,11326222
5231021,3595946
1129514,14699974
869558,9071657
5733729,15009165
4434605,8050271
10181867,4722748
7721128,5658592
6102509,4119477
3342011,11683081
1343848,14724001
15952133,16358753
1638601,14615340
4214547,9137625
8494401,8999514
2771349,606821
16685741,5462109
2949655,12669954
13776421,8340347
9462162,3619303
7713734,7188805
816014,2587798
12372212,12836133
1015797,4874127
12188061,8153310
9767944,14907108
15972204,16086017
3826727,582288
6910451,6079687
13458914,12172995
11041171,7271254
1939963,4090854
8652366,5643648
16240149,7099135
8112156,5720921
15279236,6501548
11753774,9643451
4146644,9061547
3775064,169877
11659952,11426070
14030094,4609320
13849428,410081
7262847,11108450
16449281,10768702
14667399,1646674
6995810,6035398
1200746,15641406
9684077,7357405
9828833,3752784
8315086,15118228
7445170,8689344
8578948,15447727
1840370,4082381
9657505,740857
11474025,457269
16188895,12673920
5972142,1501217
14739928,11867115
14221973,14562190
1753788,1872939
9296155,128962
4542124,15815202
295929,9883648
896107,6141316
11597177,6449982
2978916,8737831
11459177,8883231
6050862,3055796
7608725,11422801
5887517,13766566
6591151,2478645
13618361,192324
3053152,4123971
16427961,11656975
3056915,960950
9005564,6435112
303981,9586295
6761102,13276670
16623487,2140262
14524812,7519673
2805782,5977478
5157965,11835702
3176977,12011100
9216435,10820198
4602165,8691943
6969770,16363664
16675853,2180002
6359036,7379370
15516598,5673199
2062261,10211054
1728669,9830852
9696818,12981543
2243001,14313741
4477585,6328156
9874720,7092518
13491568,15558236
10768769,15483126
8978657,10973718
15310566,282738
3265557,12863231
6706601,11746178
7761192,13471582
511373,12018957
13113527,6251481
7084343,5363260
10118308,8684693
15867169,1901336
828259,12210649
8597586,13901001
12551272,15026614
13986218,1648435
16519857,15416456
9941691,6064067
4040844,1618445
11404217,9653556
12757261,10331006
11012112,16582190
3406098,9389514
896933,2353555
12587669,4218123
7371395,3602330
2648954,11705221
921740,4115941
13079131,13061615
3608075,12630857
10532182,15598534
3677420,4210463
742191,14125847
15146737,224119
10565942,3841808
6258400,14028017
10739574,2298978
14746340,12823940
4245845,11967169
7455429,15824154
10920323,13906361
2793727,16004550
1845749,11843062
9336284,10404415
10004349,12189020
9664321,390531
16447227,1300077
10991362,12577795
14857485,10934804
4632186,7767485
2157907,2328693
852363,16701469
13018916,15121407
3834520,6262889
11709030,1453918
6083170,15298696
4888140,1155759
578348,3963341
10702669,3572052
8911327,13527566
13301111,14079731
13966108,15407766
14157983,11914897
5427997,4216671
15009451,13015517
10936524,2698824
5468609,1867715
12613444,8680805
3575074,13585803
2430593,8296621
9007610,2683401
8417437,4073840
12246121,16562428
1613375,5654103
10146511,749424
11633373,8362083
9636840,8199698
4391757,14528449
15063074,8716533
4983791,1238306
14006801,4004505
2656700,1726752
9969806,3170671
2763211,11329070
10606323,4634878
10257901,6385312
2854176,2073830
1122794,9673321
4112085,16219866
8140876,2097830
8294936,14473143
7113878,15035993
2607212,4417621
8706064,2483415
4842869,11445470
15341386,10613499
9063035,16639252
1418248,16152247
13919939,5682805
7286103,1495844
5715559,12834631
5052828,711415
12388192,3518525
4665933,6805372
905328,10417736
15303710,5646370
15289650,4457906
9872159,7705522
10513066,16259347
9505651,13864741
8946796,14930741
2497151,8549317
13052446,14001217
12003018,5477957
15788414,4226569
3079263,16305889
2231250,14581435
1502014,10240954
1656622,16022710
7205775,10382228
5680256,2171858
65801,12353430
7974575,7155570
1041916,7434458
12266574,6577767
11209864,11378069
5288214,13549312
2669299,13700942
5132458,6491700
16517428,15592482
1058494,6852447
6282040,12899344
5000149,3833889
4736674,6978648
5250426,2628493
8053412,14059912
6802861,8072581
15127908,11540610
7590391,206706
55886,205245
5827531,14140513
5352009,11615744
14543994,13531713
1309412,7794080
7266883,3537723
9355941,2921310
8822856,7131510
8521417,6453441
10602287,7840801
16154391,4561535
4769375,14860761
4714322,12236396
950962,295625
10120053,11235715
9664060,11522639
6839391,13823423
9676609,1381957
266037,13965155
16452002,13756499
2146900,7987095
4476745,10169999
10534372,2499624
15291818,16504604
12521230,2967207
775883,5100867
1754462,8307532
15584997,1228963
10041478,12307289
15347356,2732917
16417974,1063320
7481076,5306334
15655863,7389509
2289130,14107311
4772000,9087156
12467605,569329
9698951,3077843
8438037,7458058
6631363,15294728
2855067,14876060
11074157,10198519
8718183,3030758
6420030,10739486
10701811,9665468
14380822,751164
11285565,11016218
3428634,16097299
4247701,11722940
8870158,7757220
12555080,10720678
5796008,1582245
1944816,678362
2995452,13191403
1552142,3082723
4428912,5565040
5049591,10861899
9003344,2477210
2145802,8582397
4717106,15744943
110912,6134504
16430394,6166594
6732735,9253683
8872124,13592836
544476,9395420
13821841,33551
4094312,10064222
13653165,7083543
6150114,12335997
16402728,14937998
12679717,2974407
12257310,2252658
12215551,6806537
15510069,2168636
3204225,6318079
11841794,3059010
9711104,1387151
3586884,1574238
8187056,16116770
13906082,11150631
5951050,12547692
305337,14092062
1758075,708249
8863093,2839067
11624411,11719368
13963349,10312728
16357170,14188171
5401510,13091213
837988,6420388
11416671,7440457
5303705,6199776
5113699,8523735
7320441,10613281
8004063,15229385
8951062,10560152
7683826,11133502
16624150,8245709
787975,15725482
7684,10678958
2581297,6805640
1178953,4474627
12990174,6220372
13637066,16049653
15576577,485200
8062723,10537194
6671125,7897366
11114580,6476946
15459888,14972015
16756526,9184140
8592559,10605818
9306892,13635594
1265301,12728008
10976268,7719143
4740173,14279962
4554110,5539137
4484581,10413516
4647749,15793807
2326760,346816
2742054,7976229
1947327,4843185
8865989,2108222
3768095,12790749
14576337,5543034
8579481,16744228
3566363,16459408
16758083,4404510
12564056,5703505
15820464,1377413
10678671,12522947
1897238,10160468
11919700,7571017
2952131,5601150
4428436,430255
6841379,7105873
11446549,13911247
7574648,10166483
496271,15236110
3757560,8326510
12225827,8388751
1730886,549002
10148962,612599
1983057,13483328
12279532,11379824
1080359,10608111
9830580,13857975
7385083,8527882
9289564,836303
10429325,9471342
14106332,13929789
8374977,11209166
14476082,2649052
6480037,15390306
14541627,5614304
1530822,11034146
15403376,15925057
12441765,11195271
15570990,7575739
14231396,10261570
3065546,6056581
6137161,7742442
8997274,9549657
14729631,9940916
8469563,5049200
16322864,5200847
9575624,13621917
13009445,9907575
1440999,103970
659704,3002746
10893397,6415013
6057945,4622363
719345,5119544
14669727,5009967
11400540,9293090
3941224,11548088
8972556,14457387
15249387,7209410
3969054,7501004
10601921,8017167
10314058,9040535
8069065,2349206
13694575,2775666
9460666,11100974
10273395,667074
12606427,769097
13705254,5955963
15499261,7141403
11001308,8104070
13734790,10261940
10847885,9750916
8871290,4409874
1229448,15814549
15374781,14493138
7220133,192239
14621047,9831963
13014764,12218687
16021231,6901346
11919157,5789
6110268,7450152
2997719,7804779
12580053,15283693
8934629,8858334
15323240,264483
12992154,3324879
5156460,8230666
11424614,10153559
10288156,10646609
9810253,11685068
15134134,16691297
4815636,5853162
9055165,10402694
5150992,16283417
899277,15161453
2141402,13975731
6329684,3491261
3314300,8832602
12740848,9513855
4485451,11784889
2287036,14276598
5502589,684252
4059665,4873998
2994871,7817396
11987880,7276773
15813000,6637898
9345893,10865283
16490574,13278232
4333921,8388830
12936127,9631515
2568570,14419670
11294238,16768388
16352006,10641253
9617123,13185778
13957994,9378453
13983439,2600427
14517527,13912442
5065295,2097482
4993370,569723
2813151,12233057
14246276,2547265
10605819,1320924
3168863,3531159
6693124,1626938
5120654,13214525
6417215,10178784
12703797,4768069
9682064,6956329
15003867,14509742
4189526,10902392
3045214,4044160
15773231,3379163
11425124,15778796
13240233,13987205
10327234,14382422
6211425,4880276
2517488,14038514
10761312,15756043
6058360,6279396
8038543,6109090
13813744,11940519
9489164,12342242
5428282,13674358
16352795,14154803
3459166,14131099
9033098,12372863
1203042,4390903
14771899,16542798
5783464,13683722
5554307,2098597
6670458,11280801
3713926,4719837
4415584,3310503
8853325,11534321
8137719,14980134
9580199,12001118
9546193,3283565
1770532,5686183
3700537,5011299
16273852,13234348
12546105,7683174
14770453,11361729
1948723,7532990
16435683,568535
13797190,10578394
13696766,8136303
3041050,3813613
10241120,14074584
11147461,6229547
6108907,12795784
9511105,16227367
10143534,1440210
2912457,13982888
11511622,15925562
2261195,9963202
5999939,14648044
10172504,10794155
92401,2386886
13570334,12653595
4595129,11449650
4614889,7103517
13563608,15261999
12569349,3699214
15335535,7710190
1210496,14752883
16067322,5626365
2064811,15536173
1575906,7771811
14145780,6653231
2594421,4869464
13686624,13253477
16350473,6084430
4686844,16581122
15591082,4870442
11109240,2855567
8353985,13822078
5875606,4603493
16568744,13291973
7777121,13108513
14251737,11962382
7646244,4014587
3636931,13144749
5150366,3009608
8453344,12266665
13754147,3204951
15126925,817818
893771,12484933
3335760,13166352
10620237,7257996
3067875,9766741
16483421,9675833
4165320,14382538
14191857,8499934
14319379,2697235
2793997,8511811
5020764,11652080
5831356,13274204
4364271,2928954
4669591,6663732
7235776,14735816
15088625,1228023
982286,1010318
6157427,1450934
13439048,8093413
7183448,13834268
11769918,5384389
13318290,8200635
6569045,6123824
15820364,5618846
4573399,13558615
16610832,2792307
3275508,7629435
153964,11937670
14023517,16519090
7917276,2711496
12393003,5233373
14054097,15532503
2659629,11340161
2575092,10965356
10021364,11878581
1903975,2994165
5539035,10366878
7532811,16224482
4510333,11369964
1028650,3956267
12101465,10821504
5286776,6342058
6702699,4106397
3227618,574211
14425447,12461309
1569257,3302553
11337919,9336876
7376002,5339770
12119297,10865662
3842901,14854757
8932460,16193546
13460109,7200810
7291631,1753215
12488376,15002195
500320,15258199
5342696,13132013
7165427,11907015
11469959,8338917
7303006,14066379
7909573,5996979
12022746,3554232
14338160,5684062
10252660,5556335
15052390,5538187
1460266,3757540
15058904,7875119
8572190,9035084
4349806,6807346
2670179,11603355
8015529,9366301
9804944,6725922
2464068,1221475
14294933,13462044
4552526,1743251
13008995,9935834
3148583,2411066
6062146,14392139
16320650,9203268
3839834,5218717
9295289,14150212
5563665,12162699
15645056,15194239
1460534,511923
16144378,7479880
7708082,10727467
14610475,14404045
97609,6745207
13824013,774788
4768982,2241283
5909554,11422381
10628174,14235936
9131668,16291745
12470954,1283364
14342066,6501658
10247073,16144477
10680800,14357404
11676237,7478027
8095114,16565811
13793761,10554357
11770595,6597766
6653298,9275743
12562009,5454002
16138205,9870823
10703117,12796325
404269,577748
11901200,526767
13000684,4715244
5101653,15016554
4649638,16320093
1707486,16679481
9338642,9335985
5112329,3459189
2521129,6066386
190702,12311767
2953963,14767286
9536756,4680846
10068125,15407785
2624375,1211428
14921433,338023
3648460,13837806
5975981,5611918
10318781,5497194
13157240,11263240
1035637,7054742
4085824,2589252
3199469,9390343
5321527,2310103
15494191,15331098
9522017,11993866
12083370,10710275
6751263,511430
16742292,12953520
3435297,11398592
336921,1890975
12079582,12354949
11876171,12669903
5992122,8036621
4895135,5155390
11669867,15744009
1709666,12157167
11877040,8160630
9374300,3263203
14127766,6104865
2641231,5157278
4317789,2455780
11288378,5012383
1304253,1361047
14707866,10756108
8576524,9407036
5847632,2692351
4628189,14096454
13603681,13462481
4042790,15281943
8561695,4389745
16405974,891794
3286130,12799828
6713773,13988445
13910861,12499474
1221216,9005301
4961423,9708299
6273045,7169938
4208737,8128415
6257729,7026574
6136970,9199168
11752985,9923930
12387245,1528241
10680859,9727270
14637332,16439864
3619304,16157769
13779847,6563866
529225,14121594
5462364,7000776
14273778,12973466
9935637,4025462
5232112,3533752
16087556,14617673
6090470,10917961
2908876,11277744
10129,1960786
2123421,1705023
5355732,11386000
15292906,3146738
2363230,14774080
7510501,14014103
545942,2493084
4140867,7662300
6742795,720657
8426047,6396414
15992969,1433982
11653324,10494254
6840207,7313262
9714345,10378841
12748756,14977076
10200333,2417030
10961955,6250919
13435876,1556834
382038,10071030
3139628,2682955
7522752,12752895
16049368,13568987
7581121,14591784
527441,13728596
3346575,898216
13660215,4218528
4456327,8590470
263882,11451557
6311713,3806266
13271093,9905754
11545579,8998799
9375771,9587916
15923706,10876488
4438088,7816403
7160182,4130668
11087884,4607980
15440844,137188
16596157,9663590
15607002,3643561
3134437,12399488
862122,14178466
576148,2981646
6671198,13830505
11793467,4952420
11599847,8604549
1685594,9292096
1621328,11210211
15580368,2585219
15141266,15545406
8573978,8051562
11658056,4522046
2693596,12510896
8517272,12863898
15772406,2497868
4573403,1054042
14438616,4636590
9761026,7749113
11073298,12045366
4968935,13787580
6948036,10989069
5424818,2089910
4304539,14543724
13044915,7446248
360796,13427266
13330878,11684051
153484,12372041
9203083,6916350
12379826,4843500
1721436,6134113
9859174,3244471
14077841,10262079
11950695,8554150
3480991,2015014
11449296,13245638
1966552,5902756
9858125,904463
6887968,15529039
11745970,1565058
10801278,12233818
4313982,16109622
10446687,14150868
7954805,2696411
7449731,6338469
5818751,8675635
11809062,13276174
14496414,4650043
9906949,4368047
15191087,4860826
11724533,7739016
9079588,12537633
1073659,4243142
12701174,6744364
3574579,14038487
7319316,9428384
12893767,2972178
16413800,8538073
9092168,12499375
9146624,16725896
16431108,9049397
9009311,9613936
13318081,16780930
8805879,2248072
12153066,9133496
2692264,15480812
13972708,6037824
12193521,1235825
7468551,3098825
7862184,12366675
7147536,651641
13015266,13254489
16473112,14876127
12535247,14461390
10430289,12439900
12780512,1093900
13997117,15792766
16369575,13992694
10606748,16062217
5600360,16069144
7405738,16680611
4015021,15609150
8790346,15218460
8901619,4129357
12710915,11491963
10090275,12725305
4816055,12055735
16430872,13806141
16518114,12856894
14171257,5227017
1960639,9778401
6598943,10458194
15570311,4993912
14379514,14665728
4243004,3154283
15409392,1563228
2871246,358564
14221530,14740430
8711067,15316635
1318173,10267564
2521167,13012030
1809179,6583496
16131514,2447128
4340150,2790371
14647223,14596477
15179964,11030502
527489,3318381
14291102,6449258
6524225,14125153
9721640,12874617
3120570,16727593
75041,2283866
7674650,15692355
4615284,15637247
2979732,15447598
11020873,10429924
3696262,11690352
3391610,13100810
9361933,10214366
12940289,5603848
9517114,11416458
7931901,7012376
15086403,2198201
7915925,13503855
7260241,5836547
6152415,1842542
3908080,15167109
3194800,1960576
9779713,6302225
15969282,12674827
7273081,8839236
11475058,9182123
8851525,2597281
13084325,12258864
1569611,7681522
4540986,10500571
2064971,2837296
1977263,15622587
7656113,12268163
9405125,760327
9907279,894807
2448241,7738498
16468236,12245228
13563273,4046758
148295,12477370
7771450,8498642
12489624,5320590
5241620,12363458
3504168,8788368
5854215,16123565
13397507,9394773
15735875,3086579
8171732,10415153
12063569,10140327
14071019,9879982
13728192,11152356
10998071,10019414
4460088,10328570
953101,11366699
11594350,16210911
3183693,7846332
14299623,7591990
2426546,7269842
8553069,3393274
8608224,15671811
3842571,11517160
8174231,12199279
5711111,10213858
5698329,3529598
1564572,7642047
420561,6058680
4919044,6333603
2694414,3915675
2019591,6121129
5539043,14617822
5161054,7925761
5257050,3507392
4293200,15394340
12332778,6272610
2821040,15963778
14688125,3952886
1099250,13834311
7052674,9231990
4247066,7565023
7072045,15787529
11857437,11778765
15339430,8655755
11780083,13448626
16427364,7898991
7199808,1853966
3908706,12234886
13380986,6040962
10053725,2637684
12527391,3565750
516609,13219167
11807784,11548458
13468227,1487979
3373969,10987109
4352909,9997236
15217302,2680692
10545560,16767248
12100425,8955914
3944866,2786057
4470304,13117396
22813,4390635
2884428,9557313
11456993,7738547
11661710,11597972
15099493,15837563
4230214,7649583
8264433,13208305
16571991,16261371
2848526,12757219
11650287,10768536
10249522,15272364
10836860,3912460
4073758,12572741
2742279,14721541
12527558,1495951
7996136,15964740
8863359,1923477
15729864,9559590
11604877,9277741
10801879,6972239
7803401,3001116
387975,5698674
14706100,161213
8750113,10532346
1109625,4842404
8133586,10007770
2545020,1103191
16626835,7937317
8805276,2795287
7609023,13630560
13098295,789225
13060413,14482676
13038424,8350654
3318285,6816007
8355651,14424080
7524865,4435637
2737777,15328181
13241602,3232767
9126162,12202060
8113165,5480167
3934146,1247980
1749035,13953313
10851165,9086110
2558550,1573244
1665321,6779348
12214944,4772196
3222584,6237968
8420668,13354301
12746865,8733347
4828564,7389421
16663142,10317750
10800364,14863098
9127345,10269038
9440764,5684971
6131017,8588319
8304107,9414731
11896381,10114774
10036328,3171106
15525160,13323345
12009108,14687089
10567494,3596212
6996380,3442942
1795703,14763287
6391145,7584164
12474153,757070
14861672,1169981
5078637,10213500
3255488,12265072
14043911,8228586
6529849,13723388
10652159,6405775
14051792,10898898
14994525,5409258
14416833,14617367
14992168,12259620
4338126,6698490
13510225,15914620
2548445,3190707
12208273,16470337
1778860,7879634
13334223,2802351
224691,8133139
13989480,13804935
11189567,3183615
5669494,12572934
1166676,10674683
3185801,4405077
8135266,7398027
14647744,820851
2351783,4818145
12865394,7910472
5102215,15534469
1168132,5535209
6631525,7740922
1559274,4090422
444560,6621104
1761005,13260258
2483660,2475042
8173881,8875652
2733052,2225539
3707295,3250013
9594916,14734301
10747246,6792828
6335420,11364348
10854747,6150737
7009948,4400177
811601,13870676
11033002,4033041
6294458,11391798
12799100,1984373
1364122,16397729
11440088,4522448
16002407,10068301
13956196,5552246
3888081,10896192
9671572,190732
10615630,5602247
7966106,3508492
1968582,15692103
9844126,7853960
4159048,13582743
8810732,673946
793747,4535360
2199797,13496739
14692189,2655497
1839663,164497
15350346,9230550
4865167,15331322
12558429,6504885
11031857,11503242
1633520,13394413
14167275,8563232
2137575,11404062
13267039,5803100
2391578,459425
12311926,15121478
16384691,813986
6462467,3612745
4322046,13544277
15681768,7251101
7850651,6472468
7809906,7955765
13988338,252813
13715453,2743110
14901974,4051194
12169226,3617585
9541479,3412687
12172571,15821209
7942935,372841
108468,14211590
3011008,14464051
878962,6688642
2838219,13975295
3694898,1299744
1099548,16450812
3510732,1255171
6661531,1085272
7998609,12484794
6894401,11920746
16718808,11108213
4661195,14828685
8499374,12329077
6074883,15190494
4146234,16054235
6172178,1447388
8849969,9717935
10355754,4166552
6741640,14052843
12688716,9986402
11237246,6743707
2741049,15249174
8956084,7153411
2952856,479298
3391773,7944512
3615308,8860448
7344219,5894670
9331814,2474863
14426742,3652358
2561228,324220
7305153,4411913
3149589,2445261
7018458,2258792
2291929,9490338
16788249,636782
833815,7026224
8813992,12542235
8074525,163649
5652217,10529777
3385245,5600556
1918917,16774719
11678481,6947983
12046824,12303553
4649798,3065653
675425,2803244
6140536,16332929
9504794,9207874
3381272,15045524
5081741,10395837
13524990,15757636
10143047,10054401
10438463,12014527
10288400,3782095
6091793,9060653
7168888,8990645
3124508,467696
6858837,5514172
14808652,6563764
3505811,3056588
10634325,11983630
12411787,11222427
5170424,4462823
6173184,16685551
14308132,11706348
11492840,13343566
10762715,16628571
8860718,7987359
12314291,1292713
12039823,7624355
10185135,13968289
16515766,9972465
3654113,6081197
15173754,4155651
8208342,9582936
15913290,16522874
7704829,8475861
9172774,9597595
3665848,9624393
6662970,12272535
7735334,15122823
650102,3016838
6261529,16188532
6724642,2447362
10632514,9095915
882028,226415
14044737,9114582
14623331,3132379
12882776,1628738
7239378,8587776
12594354,5979368
3345681,15253777
1231314,3804169
13936172,9858310
464315,9946780
14999157,13496396
7056469,6642806
14591692,1795607
2766846,12784877
8673769,14491557
6193511,6335949
5122229,5017981
14809467,2428713
7584124,9371982
8386307,9692394
3355112,10126061
8430876,2125560
16629986,1071769
9224687,2361084
134628,14869380
5225993,9655503
15227351,1255825
2197366,8153025
5704322,4337521
1668735,8377733
3370096,4051914
12141012,7497334
8112534,16241416
474522,11512477
1067480,4144412
15958878,13937833
4194384,11785780
15610195,11058423
8552356,1752838
4438001,14960662
11980742,6000903
2327561,12410631
14723414,7283418
16234004,16638385
13854535,6638015
4342160,43002
838633,13720256
10344174,3407466
12682215,5591944
7039156,6934510
6049934,7517511
4912613,10857060
2566557,6056073
902325,5257165
1796250,11024121
15433164,13216275
3425964,7975841
7406340,5842809
3164538,8296153
389522,3698405
15952209,9044414
7457607,7192414
10267352,6326139
5197905,8012661
7895983,2412130
15441769,9369368
827549,2178319
4056657,9413695
12460521,10275193
4716636,9502921
13728915,6032121
6114045,2731745
7328155,2903961
10778190,648007
1252175,1061759
5499616,9042632
9094936,8958080
13465703,12244119
2184079,6191633
10999164,2993686
3105799,14835482
13741032,5111667
9234875,1177073
11174551,9416072
15173251,3055545
4902930,11818748
8853237,4719099
1051362,162979
2324176,13376657
14073071,4534340
8411636,14237370
5074055,10834532
7489454,7237445
5992976,7311747
4218284,8768833
4797007,12158797
14396452,11629253
6159027,13950032
13573632,9266089
13672125,12932443
7041763,6326959
9489438,11775781
7296475,12163231
13206721,9839880
7194892,507244
577626,6638778
5841968,12881790
5635001,534462
1504248,16426125
11530501,14620950
7706340,1265824
10419078,8754201
14077696,15638753
9652702,5056087
4053800,14449476
3863387,4211916
2427224,16439362
9163201,13972938
3093052,11744003
8881735,6853614
986379,2086781
6828450,11666289
6231878,9899443
5199553,11302510
9071028,3414595
561797,5743757
6740529,3072652
12547232,4995169
8578764,4170147
10650178,14410971
13811672,6748606
11861818,1438480
7537656,8909178
16370851,4861542
5407548,13471686
14107561,7260984
8150919,1589538
5787472,2241457
11054749,9773889
8785207,10332489
2034036,16482994
15992752,1514745
8196563,8585848
15896377,8098658
10708700,1692255
13890282,7680037
4769727,2956097
860396,7223993
8985306,6915469
7655751,6612726
6767185,8285155
15030224,5810699
10093296,9664497
6854142,5592155
12948442,482324
15618324,14453954
13594462,11654071
16475986,16743434
9696383,7110147
6475361,16788490
655030,1955086
15540547,1087566
7304107,4992604
13401184,8444615
5005475,2109430
11292106,578913
10057098,2713197
14761540,8359743
6890188,16263538
12353667,14359971
16485351,3924101
12764896,12151251
11635870,2015347
11698491,12213454
12230447,7028947
3225548,9514160
3952822,9816558
14019931,7131368
12641013,9111326
5289972,5843751
627678,6234182
11264066,14136483
10875891,15190406
10651419,138600
2284033,11441296
4337694,11913795
5121666,14380083
15666903,2455213
9689523,12942139
14364848,9281842
12816334,12806300
13460114,8517225
11425603,15684522
2381849,14907453
12422824,14260875
2273521,16634727
10046053,1619609
9085558,16602742
4545611,5639819
5385863,3009266
2307868,13899870
12261156,370000
7729213,12348920
16422686,6148932
12027229,6836639
2007276,7612368
1960880,15325824
12592942,3485952
8116502,12346733
14555564,5558829
15768066,14075373
15803333,10546793
1937721,11980178
13406261,7468970
6000655,11677431
7100071,12411449
10626142,10868868
13436261,7408274
7639939,1888744
4434233,12821740
4751272,10831960
12554374,13446800
15459170,16186912
6211563,16005829
1486937,13162118
4720222,11380145
4404499,10838840
6277547,14457399
13634296,13316357
991694,10309022
825391,13255893
1144337,5324845
16032301,7101763
13621284,13979202
15781080,7909734
12741716,13729703
11151290,8829638
5078674,11499399
16002003,13135670
9697574,10521292
4694787,9990430
1282196,6840902
6201860,12183695
6938714,1311968
9722899,10873941
7905237,1126927
13712671,7478828
14120177,1646957
3517417,2635625
6831019,7699068
10552256,10217513
13890537,12412985
16084341,9655164
3849447,4671154
14800940,2264559
12284341,15399376
1882006,1612553
10122980,9368244
351493,15798923
10667798,14766015
10334554,12898117
6567494,13330774
8545204,12093751
13621191,16166862
10910938,8031954
16715917,13686849
8751368,6009359
5221223,16438831
15398707,1132311
958327,10374045
8176486,4389730
9426742,2927088
9662777,8685773
10249898,9863443
11317995,5643716
4891619,10917871
14080307,16564553
10687783,9122890
11095801,6560506
2050632,8318370
12673893,5910921
16430644,13395746
12760612,7108492
14413631,9145782
14593221,1431798
10273736,9215937
1407109,558119
12403621,9612712
16490304,6497133
4413336,12521074
11733090,13798087
5128946,8555803
700161,14492194
6807100,645217
13546221,4043233
6905899,1498899
5507304,16361714
15756654,9633757
14357632,1562708
9858222,13037518
13801626,4878053
7227374,1208454
15797932,6721570
9588914,2513207
10330186,121808
8196997,13469065
14286390,10153822
8413047,15696027
16477482,10186880
11841201,1888471
15539527,15680908
9238473,9029299
13416106,13191094
5400512,10398935
4983731,1725770
10135573,7543625
6908451,282724
13059559,3785636
10748198,16522178
9692162,14099
10005754,1443886
11807384,12273580
6133537,13182480
8890787,3018489
6880242,12770342
15159975,15228117
9233383,6865988
6721613,4207882
16416171,3998376
7332837,8981408
8917222,9095751
5887003,2976956
13531819,13513627
14362232,11197256
1040259,3130628
12438983,16439654
13120778,710064
10717401,10411961
9140684,3863318
14399630,11724215
14560828,10521193
3671455,4813650
9765387,11474625
1800498,13104534
12889738,7564247
4702000,5928746
3094410,9340504
11696329,3632202
13693559,7103222
956856,12938569
2550383,8488152
15866438,7605483
10186213,11052020
6959182,15049143
7545275,11012203
9278463,1884945
10887607,16207357
13078888,6291290
15448385,13494350
9621364,3993662
10400653,12549098
16776114,8220318
14352753,7079325
6236448,3525294
16751259,11460324
10490731,9494192
2767331,2023573
12207933,8611044
5763336,10744963
9189001,491500
13014025,2501215
3914436,16361979
4638131,12932405
13983023,1522614
4108547,13946205
16693364,5865394
11846506,13022915
6179279,12434360
14881835,7867951
1452280,7296389
5204916,6929137
7793766,12358101
10051342,4580078
14269027,170840
5258830,3718819
9910694,10021771
15880623,15570229
447622,13232824
4059973,16779858
2890120,4807993
3562134,10558021
10062742,6490872
15988749,16145098
11176485,7178624
8197894,7904056
9958206,12057999
2275339,9383304
7062520,12356401
16561167,10762603
9035111,7428791
4747345,2937124
9353142,8437033
3687097,4980021
4129418,13963055
1105,4865380
7664064,14715958
2895264,12667988
10708105,10947550
13444045,11774079
6523104,9502974
5167655,13883278
12724940,9999811
5386232,1474503
9456366,16305990
12775988,2211666
15091550,6693292
4272335,7641220
10134864,1758638
12224960,243454
287291,16224544
12367594,7094659
15226122,16157094
6874889,16676353
13483557,12683854
7842208,726657
10128027,7572837
5385717,4016839
8230421,7147073
10873270,2805829
2387349,2254001
2588482,1985258
11921168,6197538
4086976,1921441
4630597,6214122
12857455,5699333
8441182,15515369
527973,10632290
7109457,7256539
14387951,10785482
3309059,5395412
4919256,11162005
8895134,3198915
5420647,2429762
14482340,16424080
708924,16163403
2091086,3749149
927997,2595366
3551000,5375703
3890642,2048122
7032504,54475
3230599,15578795
6230422,12497145
6763382,14744818
11626051,6764432
13240514,10259795
9153615,10611444
12770746,1515077
6317388,14546970
6206953,12255296
14316554,7296227
6971406,9702581
13913667,6424093
9766977,8633132
14041112,1478166
873760,3291087
8013700,10302770
10251566,11718911
12015211,9733405
167032,14513246
11383849,12288185
2463675,1151477
16381864,10310481
6681811,16499119
15469499,15906505
13704801,14720795
10814400,877884
12469228,2977500
5795551,919285
5081286,12213105
15942044,7838852
835912,14248117
7861308,9044464
8714730,11303678
8332837,8840136
6031533,12015426
8795073,15515134
6411183,11615766
6988719,11678871
4373115,880131
14649154,8898127
15534499,6272012
14999550,595482
5915095,8994720
2618038,656873
6228277,9437255
12893780,7327293
8255000,2823620
11938709,10923828
8729715,4679893
6481230,2258382
2133978,1113607
13747848,14593380
4078798,3119182
8988744,6409924
14458730,13319388
3781959,8611536
8660604,2636722
1882183,10024536
9782258,7103193
2398244,15889983
6953474,9279600
7444845,10788604
10039265,15729774
5995425,7685546
9744280,1152608
6156765,15005147
1757313,6518857
13281722,1219326
15640843,4128524
1143036,6864883
10592354,14422158
553804,2794092
15474009,3492019
5134333,7024643
4763904,15813966
947975,9187728
8934418,5223138
13665300,1591668
4078018,7822864
6247840,14509268
2984128,10373505
1703858,9095813
16061723,2062160
326611,8156555
8242793,8319567
11198187,10066591
4525568,10776412
9769495,1699132
14287925,12147046
2993403,5873588
15052538,14647599
10422726,12902698
3944555,9602190
11206000,7071955
9490629,11142159
9741033,9013016
7092903,5884135
6451193,13657097
11117783,13083095
11378742,13903378
4412509,8880431
4942213,15513774
14566178,5476424
9398290,15066576
4854067,11291090
16399710,6843094
265488,15027430
6986779,8037945
4803598,7892157
14431767,5979622
11947175,13373994
10293395,14192525
2358114,93106
9489310,7834074
9761224,3657677
2558790,4434246
13568744,12932408
3109068,3869532
3283184,7264784
13154682,8234431
11142914,2579329
7544508,12808276
10944657,12810029
13648320,4398967
11381746,3644062
13127424,2573014
4161157,2001912
2315286,14652730
8069508,4304297
8947846,8816344
16134467,2756066
16005699,5783227
8863610,6238283
4747972,8854239
8585097,182562
13600862,9008180
6483501,7379881
1178116,7087005
3911479,12147426
3834247,2190930
7498707,9588957
2541352,6650579
4247070,9812268
11072299,1301231
5203571,13696035
2487619,16473919
7001547,1384485
10951232,1564280
16221689,11771114
2784837,8849755
14079383,6225562
16550530,1607269
14646249,13227596
9659108,7650391
14045468,9871913
12529147,10699611
4472209,1427613
11288670,8880870
1672657,7384610
5186052,3581731
4164333,16416711
6235958,4575100
4200181,7178588
15292476,480205
11521112,7371902
3132417,11614628
9725794,12069187
5219044,12115128
2909959,10932865
13863762,3880932
5948606,1555691
12454263,16083762
3473507,8111498
5187160,3162585
375045,521242
9017082,5605062
158868,13412985
9206634,10988872
121704,1809575
10566878,13452400
5406596,10909430
13312243,3381486
12088320,14516829
101585,9403567
12622584,5357013
728841,11267545
10976200,16221372
8554021,13611197
11287913,14729197
654081,10752122
14652745,5025477
6311655,14448505
11661001,14301450
12861334,14353828
8815683,5159338
7340265,8311936
12070792,16434704
5375844,2422516
6289932,7189489
5559264,15234139
12998682,14794491
5457836,6556750
1357167,15913937
4903081,16310765
9096556,28126
13942354,7935598
11745136,11660357
3778778,10174606
7891499,7770824
13962936,1669240
8833311,14895818
10726131,10962257
13964066,10674765
4431420,1219848
16144519,12907086
14378370,12573824
3995827,3476847
9241492,181139
14326646,3814076
3506143,9258553
4452071,12719271
15960590,16779920
16780084,7965462
1025268,10332623
9376673,14126372
3665123,13262126
16286209,7664606
15928618,8771941
8715376,12624123
6118462,6610484
6275324,5332812
6662631,1721249
2383324,10775053
8036141,16351360
9479476,13461308
5097964,11035176
9840514,13685702
6276668,5574633
5433036,13434898
2474805,5315298
11453782,7737040
12627632,3990719
7213085,5667474
735458,16134157
10388252,7038720
14551090,16279065
1528994,5989115
15397208,5855572
1095208,6035304
16708007,285250
13640418,5422143
6969626,15460455
3478253,9941350
4910316,1702031
16639149,12743100
6017648,15283010
8860364,6381140
13708143,11377513
4421402,9996997
16017811,2393223
9624275,4369914
16233827,14119192
12365266,12767683
4890975,4371648
4331573,11682729
7336206,8870207
10891288,3940804
1602426,2936318
8769964,12838300
14789291,12664658
8306353,2143475
1707769,4998550
15989336,13517224
12835203,4633228
9413341,14088864
13732544,14320448
4225804,1707873
13226136,12719756
11796886,8131383
13435369,1167679
4579992,10932346
11750751,2079293
1788938,4646717
15198147,8498537
5499755,4685910
15607278,14511947
7381545,4216557
16260082,9760775
11501643,7720973
8314849,797298
16444383,12492847
15987953,5053320
14303082,1389028
5740669,7865570
13146074,9027794
14549290,16184273
167827,2561064
11080210,15434462
15426760,4364251
660720,10516404
10432381,620997
4988471,6028020
982861,2181666
2776147,8499279
13328269,3416096
10951670,2638760
11034307,2143791
8397560,9581517
13763439,2467502
8657277,12963637
2748688,11549443
7193634,10588287
15728588,8952810
16403363,5880531
15551773,15814441
11346099,13494485
14883619,5632997
10559644,3714771
6356010,4277411
8784316,5098736
15750437,13921629
12440243,12628563
926319,16020595
11762785,4049807
16361014,13265015
9132295,14493181
13250518,12551324
13867647,16745315
8906954,828232
7078888,7346186
4955545,2862799
15941550,8787155
15254804,12970163
5609705,15171130
11559125,9638756
2131022,14686633
16123095,10661205
2314990,13127300
10397041,2988188
15658343,2815509
12518450,7060817
10702657,125360
3049465,884
5224793,10412779
10277564,1837032
5865106,6621783
11881236,7999159
13999996,1397008
7880397,16245628
6879909,6932521
12843764,11652338
4313455,11920393
7947871,10128416
13401181,15249400
15367405,12995910
11511114,5271041
13050147,8107606
10819191,15056782
4797166,4889505
3289664,12108707
3263285,6637232
12033451,4108951
7881735,14372949
4255770,5621616
94298,15566244
11099111,7506360
14832548,8349290
15194895,11467827
6692110,6020152
12659645,5319597
9650268,1010627
9133763,13471401
11641422,12369360
2263420,7295809
5132047,3278346
1465073,10375145
11386312,2434755
3511557,4892834
12358421,4637901
5630404,11227198
719993,14182166
14710655,2995747
9011743,8210133
6181408,2726198
10184729,8757166
1895818,8155293
1720075,8727906
16378804,14622361
6100899,15753494
3089951,3304409
15503345,3596001
11246221,9245979
13648820,5418117
4143931,7777741
16579705,14226716
15080628,12596679
6379910,416465
8676076,2252473
16603000,10758183
1520374,16583665
14868492,8869149
8817710,14373232
16145599,12670805
2173423,11443087
2073348,5449647
14736821,13869173
628104,11923405
9979775,2175063
16550645,16459607
9285457,2847522
12745584,4767731
1375264,14684557
10286666,4261654
13400441,10515378
15305395,10101080
13541525,10036029
13058158,3099954
14337531,5014974
543371,15654925
14767249,11628501
8637905,6632299
9493983,14708869
2019414,15173773
402653,15701717
9571881,12888392
4877637,16697774
10130322,737088
6327625,4274959
7257900,13298515
2099384,13112048
979978,4396440
3743086,11959946
9402422,7101424
220694,15368398
11787139,415972
15882526,10840802
7396885,2788523
9337521,2590416
3894864,3914794
13130907,6630023
3277156,10125191
11690071,3549823
9673768,13979713
8055654,12662220
4029502,4100635
14330858,6521462
241290,8526788
15349889,13594829
13403000,6943915
11176243,3231180
12666489,3136103
13585645,6964252
2571298,2892793
2588153,13035206
15048685,4115203
904173,2463790
16312756,3602825
11476588,15477563
8858544,13320540
1821915,10495502
11508828,3807355
2451677,2371018
9941659,8287265
5667656,11182926
9405920,8471987
4705900,8121592
4749403,14642867
12139150,11333552
6656195,15722644
3707675,14540452
2536732,11801961
7348379,14339403
5333207,16119676
8670486,13870186
341702,6609767
1510244,3461642
8917280,4727892
3963746,11202181
1002786,9350352
1830499,9628037
5745241,16668583
16201838,11714139
639197,7514560
9676752,5115985
2133489,16732356
2293837,10257307
8502331,15621206
15126169,2541809
10595322,9185476
2599143,5546211
9686366,8514334
11478427,12013266
11082506,3625191
12808377,853156
7147025,32438
11438294,16696985
13914996,2334837
16684438,10563599
5619865,2583407
9654893,14799664
4170931,15197
15518511,16409243
9513989,8736064
2923981,15709092
10978229,8630432
3677713,14166785
16227421,7787416
2610975,8153665
5132308,10124970
7352945,1373130
2513713,2190994
14998444,9473922
3404128,8399948
8908656,8597759
15796363,10002835
2268723,10360554
5830710,15964104
10071161,8612592
4557299,16796175
12171943,5300222
15239155,16304483
4642844,5207770
522913,9533873
7172415,3598859
4140893,12298826
15069340,11335648
11784908,6650428
6327745,3186049
13594513,12209083
8472990,9882747
12371658,13090511
14540848,3451244
444587,6352412
14006823,12208163
3849287,11952190
2236987,16318247
15463302,8324627
12449599,1238292
3546119,1225097
13502743,274953
7675697,3085913
10211433,9061939
10608038,12192184
10037429,11606671
13150323,11930731
292599,16615201
9758996,1912611
5351936,533231
7888950,16596613
6580051,3569372
9006038,14333778
16134345,2008024
7391729,3852739
16612760,11545985
9779712,11359092
8562070,6047700
3030865,1210157
12775927,2235992
3364192,1241091
5116268,14994876
4831112,8291494
9580873,4870136
14232755,7118507
11164247,9099954
4549451,2231354
9280838,10165617
7313484,2069257
13837455,856605
16098858,207753
13224685,9961218
13517954,15003656
15524788,3739223
12595624,2376730
5251856,3416773
16074081,6881832
8912288,4768676
5286037,7730469
15718560,14643248
12365099,8598039
12193808,8739587
16106795,989044
11851220,7990278
6944124,12509654
9056713,6475304
356230,3159419
7439335,8384809
7998904,6641062
1847768,1048577
9600972,11933341
8167105,15643197
2508869,6803465
3085520,7847067
8335819,8106577
9150618,5857754
16489804,14824255
9606430,15725436
11889023,11695227
12896082,5657138
12100492,8205739
2034647,16355722
3364610,7533042
14367936,1735346
11696905,3603563
1808435,1692560
16520110,13894215
2173663,13486705
7393325,4483563
1000391,16103657
4157975,9169760
9993013,13550165
11929307,7372564
4765066,6887444
16305297,3502572
3231524,14962912
3756942,15701894
8454362,9170370
14275609,16319015
11883934,4127349
16241031,5644276
4364583,4757150
5902045,8530203
2461936,12931336
5278986,5315107
4221856,16370342
3768271,8404542
1468924,3379968
2430226,12254128
14297869,15862696
15349147,14840384
6915856,13969476
12667729,1101914
8493633,12534134
15599218,2185098
15344023,10513247
5282205,4921770
10673724,3152118
703654,6308456
10353309,12573751
16792398,13012080
12994217,10184136
11589443,5640413
3980200,14613603
6818905,14335744
16062751,7476173
14507024,859192
2068581,2215493
10188657,11114215
3767775,1651061
9200625,6438736
7324125,8774462
12207987,13407718
13045464,6008773
11883642,6733484
2299892,10675795
11735891,10955978
10312531,8896357
11110222,16384574
13138725,10257786
2137328,14864892
12901449,13645884
11926326,1246738
2846586,470813
14953211,5583903
13210275,12227954
3338347,1157514
7411307,10491732
1892617,2056417
13400439,5419665
16046631,13339518
1767245,8801087
2846408,2937933
11234672,9336169
1807509,1511338
12216464,12468200
7430411,600413
11428832,10591788
16243818,1945244
10239641,14105422
471171,2758927
4024058,11044342
12219618,15407313
12566401,8899503
13524656,10132037
11581188,3739889
15266589,7391806
9126429,6413415
2010157,7449954
864731,7928080
12113088,8869788
4187191,10112508
22194,10695454
8677223,10705424
10601071,647497
13048314,4770751
14867689,14911076
7419393,3833465
14452892,4872033
15348177,6158627
8102942,16687134
14112592,2128386
15088689,2927173
8891951,6463082
16173957,7410418
16178561,4625105
8263094,8084043
7817941,4401230
1496869,8717100
8848110,6670616
13630031,2007760
6472026,6185610
8040764,10208544
12209770,10886641
13185206,8468332
8441712,14866489
9438440,15734043
4350287,11376209
6054156,12348888
1926258,2227346
12851679,14400997
10239874,15295105
3880941,8715958
9838818,5858833
1550538,2546820
5286603,7849676
14390444,9219189
14963566,9475541
681660,7316032
4502112,13672005
5426176,3280556
5349015,14659815
10975803,15803124
10892431,2842770
3428810,15609698
2899770,10058925
8085497,6478779
10582493,8438663
179836,2007209
14838400,8695852
16739440,13343735
12203069,12096703
11681054,794413
14029639,15330677
9125506,9860800
5090297,11974682
14723104,7883930
4365495,10013116
1642469,6303253
9901789,759003
8560231,8655656
12991157,15765686
8165870,12027921
11705598,1072448
8442853,2632310
1369093,10852532
5906104,8480761
15353217,1101014
14021441,3161941
7576065,14942049
10563410,13312895
8292468,3347624
9959417,8559617
9860017,13336562
6825357,5892471
16736638,16147637
1325612,14301820
15701303,1272864
16370935,16590617
4446191,14353482
7023099,4526739
1106300,5462425
16009828,10733979
14600213,8541458
11381218,4159424
6638161,11554220
1793871,12586482
11876929,11120635
9787837,4685094
7168229,3474044
11370426,3761197
2062488,3718599
5200794,14737873
14663726,11480175
8179207,5560194
2938929,10243959
5379997,10883322
12084643,7013875
10208552,5305178
477825,9979040
14822000,6229458
16524717,6451656
14003739,2153256
10535754,12738721
11369714,269429
10708377,1343079
11292970,4670445
5237785,352641
6214554,15160774
12298869,7218501
8531434,9101886
13984023,1547197
8754152,3020141
13368475,9812475
6609389,13089828
9714735,9054798
11905818,14960232
2376942,1978927
4776198,8355016
14716106,15292886
5678682,8320306
16242029,8093515
16770768,11468173
8365651,7247949
16673358,13696622
15951075,16377994
4292550,6876305
13003490,16273173
10009733,12855262
8120724,1494280
8150910,10468015
10572149,14280386
9111605,10285101
6036236,11487705
6356282,7286897
3323308,16145471
13756470,1435688
7850240,13147567
5604795,8365761
15467606,11325884
731970,12797721
11392350,8942989
12684783,4560041
5650628,13100930
2719953,15746050
14238440,2672875
892305,5236742
3604055,4556609
13557819,1449680
4619039,10573521
15226925,11697876
9620330,2874312
9881431,6058879
7864145,1583121
16300948,100056
15699597,2251659
12857734,15032199
7197900,633206
13217200,1975221
5086011,5215507
5269470,4894804
5080975,15107961
1367897,5615443
3454693,12522666
6835693,13531828
3975183,12671051
2252311,2950126
10845124,11778326
10417575,1112008
3921325,13734722
1909796,1994510
6411109,8969520
46047,10833583
8959355,10461507
4907603,12114675
7424516,9215581
10948202,12856353
4879639,11775702
6838721,3308272
2804785,4913247
1066413,3182588
10287453,746896
4283330,3624830
1671246,15951918
7078718,12008660
8526746,5650796
10672563,12346284
9913440,11451411
2246563,15840997
5689516,7461414
16224447,14590768
15058215,2798439
10162747,9459594
14975809,12398968
5617366,572272
12369339,4309603
8962558,188041
15686691,3082406
12193883,2302139
9020464,5098151
7445435,9174078
7183424,7816926
1976410,14381538
10555677,556371
10925371,12353360
7801213,6312922
14763540,15372116
11943567,10156392
4388873,1831474
5915776,9868174
7813331,6607937
1976658,1290704
5278911,16046256
15709560,15283750
10983706,13727379
9785061,15891777
1554527,6646094
6483986,15791094
12009725,12715694
11327261,1186495
9976678,12203275
5266425,9723995
12045467,1510398
216688,11914064
5729591,10824871
193272,14993329
2576953,14219666
2946137,138760
7597147,9947137
3415952,7309779
2713496,5210936
4587099,13921769
10404551,12805264
3690703,7034252
15745415,12496642
9926016,10385020
10076405,4141893
12372803,13335859
8114868,13719717
15779909,13946407
14113873,863969
3910249,11392991
14526119,1741811
10081620,16086845
4671065,16581323
5341064,10296906
2240890,5222317
9938268,7640870
4122523,14846386
3582749,2764130
1792064,14822797
14798476,3701837
11691486,1034637
4778823,12944777
1528216,11637353
12482075,225686
13796687,1387376
11782990,16456308
6909285,6064035
15331788,7473554
15324787,1451891
2060120,740738
3468477,6736354
5645732,5585099
11571551,4818644
3995149,7870378
10638428,2479422
1207528,14237732
15917029,5536935
3050191,9087503
2964802,13583663
10306354,2747442
11074028,4744431
9501203,377980
15073856,1163500
15841002,4023932
7677064,7406175
7084847,1775374
13200703,11519526
353428,16030574
13316807,3984671
15148712,16785976
10673763,7957244
4616555,12368979
1798157,15179797
264144,9069369
16631215,14615232
9285420,7764366
10659535,11909100
14977201,4548394
11072335,3160980
9661502,709493
12609443,7985381
16256967,14267540
10836430,12981419
8800216,9046981
3329258,12248603
13249523,15516825
10818836,13056045
4018549,15858332
4651748,12016291
11116404,14136170
4218189,8225001
3554308,14021884
10235227,1316171
12361133,9877353
12045939,1575739
9403358,9584629
1708316,11423603
1654850,3471747
9947648,16348421
15034436,10947725
16457283,13226831
5148136,7213706
11678160,14266152
2989366,7616883
15503769,2906231
10810911,15402168
6238211,9845255
13512231,1430157
5032051,6744239
12625119,256646
5915570,5531132
14725760,9826454
12718191,10835396
12209360,14944371
11660553,8247516
10760105,5959251
11451984,11909573
6184901,16085750
8741360,5147619
11575128,8311939
818585,12700284
8637643,2142205
11724866,2460223
15646360,15460826
9876056,14714822
10151042,4704526
619986,15524774
9870345,878334
12972323,10869887
14460639,15615149
6103443,6750350
1920243,10149894
3919295,14147621
9844078,14667353
2869137,9351317
7455563,12900145
7632317,9466579
14812970,8172718
1741686,5050148
7118989,185222
1486997,13921913
6262606,14258752
14660072,9787802
4327430,6067199
16444350,5278622
15715219,7059918
2527855,14686296
15123542,8483197
9935005,4019025
11911793,14408472
16472668,4948795
2919775,15505161
7433739,14871918
15014195,15769961
7333431,12162590
1330536,1449437
13300807,11072644
1514040,6092409
4204223,381934
21534,15954628
8092382,14223652
12400772,826360
12000996,11975736
12173371,2997526
13515446,4890255
9082113,10681648
8540394,2711181
16168096,7236128
12015359,6047089
291794,7918110
16195777,7686575
14407602,4220894
14727395,14787790
5975292,11575724
8625429,10774085
1175162,16198637
16628243,16146549
13089073,13462572
11151090,3755856
5516464,11373244
11394106,1159371
5990655,13772148
10433495,8105651
3415817,1732586
12298990,5881081
6277040,873536
9451523,468268
15802518,4905936
2236610,2357890
15359332,307388
13769028,14726856
9753939,8341059
2655601,219302
15526866,15769673
5479599,12258980
16393275,13590428
14783462,130412
15073914,2313707
13899557,5458386
3289943,9742269
271565,8250483
15363971,6564821
13045182,651240
13962002,4321457
2910197,6690779
9032111,8326557
6147695,5939148
13386787,14622066
12825055,11913750
13157885,14415182
7955231,2677575
13984919,11322906
3704499,4776318
14341127,7834898
1570687,1618318
14550316,8063159
13297610,15855681
13447572,15380106
14633861,1208788
5679038,16220620
4366846,8464684
4013844,16155482
3921090,7489779
4212148,5082829
643988,16118877
12109447,3959796
7903059,7703147
1299088,4635692
7269846,6791910
13616115,8497579
3040021,1252068
7056188,930048
4700997,11828712
4704919,9750787
12278236,4998558
8352,645598
9683981,6569567
2109104,13167782
619283,8370089
12022217,12752669
11484797,15932749
10897713,3742969
625366,140420
1090284,8979865
6977931,11688229
12237006,13469230
1711954,7440908
14988902,3148305
7629870,4872878
378875,9257246
11185364,7883489
4228446,10217844
5717628,1602017
2561339,4134800
16080745,10446215
9725276,11265670
10190,7498950
13728047,15621045
2230288,14947997
11633486,5785873
748237,10410672
16566050,16709712
2688252,7273171
5793323,2324035
2577896,15899643
7084748,14354682
2268339,11994585
8576392,12684814
3790392,7419988
16234954,7162460
1508996,12789913
8711959,8130965
15272970,11455866
3229660,8480195
16391374,8022163
15544659,6593279
10718706,1382621
16721204,13638571
9208026,7913276
14779636,12153527
7717168,14209458
15630894,4818486
12332371,10897037
11846721,13678723
1127680,14937923
15199374,12685198
5531735,8993897
3291115,1757415
10666220,12957245
5744250,5258095
3096319,8453927
8572594,2698497
16318767,1373987
11913176,9169884
10529814,6177525
6557078,6245757
9105928,11135980
4580305,3931581
16096970,3791215
7172697,8232150
5611859,1790727
4657817,2513522
3733006,16042903
13095559,10907443
9010998,9272189
3057224,9208889
15983840,7696503
14134355,8823891
11710170,16112098
10300344,1372343
7360099,2632772
2142813,3233032
9349183,8008751
14854609,328193
14154866,5774128
15751339,9533576
2462511,9872740
14959143,422428
5263835,10304985
1441787,13078544
2275081,14539212
14535018,8719920
14548098,14883152
14475833,10696939
2143630,14416394
10822774,12954909
8482070,13058227
4953252,13301164
9720491,13562038
4833425,95630
2008374,16456658
9099021,13740434
14946039,315949
6669863,13890209
14197663,7832114
7000077,7861542
3752357,14019654
7935745,9902303
10637241,1908062
14485367,12023564
12872462,15219544
9021869,16045584
3872807,10634784
9208047,9025719
12042469,3753484
10175188,7493272
15891268,6915954
4895220,3987069
5399373,281683
10073781,7583100
5365103,12523351
10220429,14679994
3465316,5918667
12276419,974339
7439542,11998116
8543748,16443250
11231535,5834352
11958306,11592329
16348303,3209640
7604286,11137688
740153,10261356
15955303,11820614
13750513,12093468
9263710,2101270
6454852,9956722
12821959,3196438
5884766,4627402
9101941,13372873
14736802,6288546
6600739,4424087
5585992,12631175
5891754,4072727
8216284,5354633
2631135,15634924
13776012,5449951
11336802,9608891
1412493,9034878
10531081,14199091
8497039,14946653
12005200,12495677
10440289,205592
1853312,9967026
13226058,8514830
3235143,5761158
15341687,14136907
14882388,16685290
8654569,8380812
3184308,829301
12805164,6320505
13333086,9033150
8211522,7486366
16455097,9941029
14379931,15958876
7155097,7729792
6937792,11667297
16322759,2094044
16091129,16341021
5251988,1377959
1689164,2623929
12707583,721403
11421885,1930047
10483864,11458256
461682,2245659
4685296,15321401
6286008,1220446
12274736,2248502
13399591,5344208
14568356,6771893
3400829,9958064
16003462,6085433
5885053,13763836
13886934,4234951
2498935,4796751
14829709,8926908
5408325,3980230
460171,11638555
4348746,10842484
1022149,6227778
1266156,13480959
3187072,2690285
6286547,14986618
12894001,8218495
10538718,10589804
1990368,5063605
4630807,10346558
4124433,2796944
8456577,11185554
3553188,9260220
13514872,15311726
3021523,7263170
8604191,5056933
1690246,14265716
1431171,1600440
4871036,1438491
11493785,9867089
9857463,654947
15403902,7707086
16546825,3179903
9951578,2305401
11333862,14626171
12709125,1834808
5029834,15278208
15664246,2488618
6607894,333691
30439,4734925
8510613,4383645
9643950,3464471
4912650,9562063
15235736,14469169
5024743,3313162
8413913,10320563
62938,13848214
9065504,4317512
9021919,16185319
14710854,15515733
6921868,13994188
9871875,9802034
7878451,7049970
10603507,12019286
8453217,16404709
15878170,14863514
14820765,12629730
8681312,12017166
12425399,5065994
6519824,7906831
16599764,10620186
16113686,8572190
7799940,16174437
1234973,15375550
6051229,7266977
3287284,11521957
13000852,5636758
5586334,14664028
7884592,11006602
10474366,11326369
3781907,9001873
1314722,11564511
10262302,14824667
4922447,2167911
15194502,7256756
11393355,3269859
10206793,4647790
6373023,16624969
8234739,15920838
16352637,7348063
12861994,1037493
14595717,4157342
8262181,1511132
5431039,8586434
15681952,7804631
10676525,1253327
2518080,13496928
8962258,3183085
16393994,1316315
1485953,14837636
1245447,10077936
7388831,3934790
5449070,7751620
1131914,5867674
14616798,7165222
15364451,10685804
7400448,12689848
1209466,10984766
2575099,4902274
2057963,10255908
1937394,11976236
14879809,10573211
946558,7144039
14209388,14678958
9775697,11460421
7459654,9484222
13000831,8769774
15069156,9899217
9506924,14283959
6424755,16077816
13518194,6266880
9592640,13412075
4708770,9292414
9239000,7927970
16163993,13359562
13689550,14034744
6384829,1682492
5424517,1403
10229128,12162756
14404920,15385739
5214115,65726
9761464,2830735
6563768,1695496
5267827,10985392
12642210,1760322
14230554,425806
15460167,759549
1412258,13905300
7309691,9637618
6730589,12404931
5241175,4378009
14876386,3338265
14143433,8287548
15728789,961405
8183805,873054
3813821,186740
8897036,736841
472995,10533002
3230200,10924669
11395147,13693288
11615532,16545167
12623816,14399520
4725418,14897199
16308178,13772961
2912363,7391833
1463293,5533666
11851297,240652
2220071,10145239
3693917,14261654
2075533,8123240
16318428,5557834
3301664,9689261
14660986,2085053
14323955,15200228
2191537,11121983
5294598,12968250
11410472,13483949
12602037,1699257
16536385,5004037
12594503,3757309
11776985,15983165
12489284,14538098
16732039,10707570
2129883,3478132
13394063,4031894
11268660,6417719
14624992,14423558
13974226,15576348
12217919,2224324
9025532,13778090
15014977,13438233
868826,7676500
13415926,15411874
5632624,14402792
11225924,10571406
14518358,13469940
5459559,16133991
10236925,1962390
12410431,9833135
1738133,12260363
3054559,10268367
16543121,1647358
9218441,7868958
11692079,13139896
10901820,8641687
11293971,15961897
8080190,5802682
7398214,13700387
15787948,3563762
5484161,12931468
15004476,6633703
9381321,2548140
894852,15417924
13091600,60964
10497311,6944424
14238874,13336692
3996951,6335226
8460243,12557498
11720352,6174018
7239754,712298
11795540,2727257
7821045,15123020
10827867,14499709
10180782,1553417
5541381,14811171
13796493,2308982
8546831,16647212
12192429,8493346
8270182,10991247
3145078,13839940
12247703,5183237
10965879,6087068
1334470,13616920
5708952,9398850
915236,4037155
15944560,11960621
3913145,8509171
6224773,12101052
5617835,12989457
14671485,10370630
2089382,7659327
12735326,10701731
2194918,7347212
1245661,441731
16450609,14645131
10560910,8056653
3894173,10743441
3396606,13773217
10405833,12394945
12733628,13155828
5868718,14311663
7343923,7488931
14719522,8910580
14179994,3756863
1883481,11701670
3167538,10216084
16560873,10573715
15921237,1555931
7539970,5515461
14919854,15498868
7970417,4397655
1092455,9133343
5315686,3835879
9560614,15463156
8408108,11620920
2671879,2101910
2961600,13687781
14215970,14949446
7524224,12849034
10719114,5934408
10082502,15939589
1550277,9901750
15194890,10962082
10491685,4183542
12993571,5339508
1223388,11613825
5471499,1580445
8263595,12599578
2336766,9264345
16316405,3250043
6342691,8427978
8008517,10684275
15359732,10707757
11604227,15220492
5944607,14431243
8832609,10407698
16644342,15821363
9396593,14202875
4890382,320263
13119676,8064188
1302958,9859594
2992089,2222489
792486,6064570
6746919,6461373
6749272,6475702
7694094,12597482
8979059,456719
5396048,5081787
10100126,1373000
14051218,10211963
8941976,6155156
630054,6601272
8519656,12446979
531712,22686
11145685,8219256
4934714,3815628
14147808,693932
7724536,11280785
6919728,15668634
5529912,9337666
6168330,16604035
10261382,3938566
14531069,9617359
1045574,6838786
5181149,7122782
15431305,1509902
4942157,8837006
12731900,7398796
6301356,5964863
6597147,2645030
8839480,7638505
3544446,9861213
675326,11187065
4353845,13825172
15264967,9553685
12154013,1446770
14133141,3249585
15668905,9680073
2933216,6503808
7640181,14539982
10790793,14970835
1401874,9709141
39737,3166418
119628,9630518
5184857,9015628
15475741,4754741
1026831,7013425
11648700,3916620
12401725,4042682
1624507,13124266
11579122,3387046
2730568,12633629
1225,13323757
10331695,10903209
15274660,16231930
8890505,7308556
3916482,7864640
6493216,13587089
9125735,1413508
2848300,13047619
3743341,4830877
7002345,13292889
5276283,2896379
12570243,2776587
14548652,8885059
16344337,8977333
9369190,189314
16380249,4149401
2107938,8955631
2604264,8954903
1154176,11685641
8948819,9193193
1558127,5316315
4109559,4699721
10527653,1794115
2477582,9401192
10804360,7453843
11466808,9139378
993297,982612
11378715,5416053
3726066,11101266
2935250,5359567
8664988,7494385
10052389,5446040
14383047,139435
10864839,8258269
2111016,1705353
14205622,3021945
16124816,15931270
11133245,731234
3625399,4998
6722749,15433635
5984847,5217328
14424953,10919970
1119141,16115679
5790300,16380919
2249037,15726672
13571389,14372937
1807624,3239462
723085,5267358
9671191,9434815
4001061,2486801
3385526,8288069
8520202,8079723
6026032,2719255
13758628,16616757
10082534,5202966
16258374,7741365
9083022,11330437
10453883,14484295
5502314,8403233
15481220,6174215
5162129,14807678
9284223,16361572
15531401,1086660
11406780,3604598
8767166,5808892
16446113,7011923
1388351,5286273
5254128,803075
10459963,9397233
9069721,743435
14566267,15299001
11717289,3934510
12131725,2089490
14840011,11657619
12868918,7348639
14349418,16250310
8881044,12792857
6893588,3459883
10544004,13557989
523277,5432206
4053954,14717004
5418155,12577595
1518659,10844632
5597941,5393890
4628129,5978300
11331234,14258500
4520965,2637254
1054444,13517517
4736406,9201901
4013388,10769965
882103,2447931
13512365,9984149
8672079,12063492
8000218,12248112
4284583,6008617
16023224,2105649
10296063,9513625
4553043,1880051
11476637,16542441
13440536,7536465
515143,9422506
11910395,13052636
13985694,3736193
7642588,10139210
2215647,7334652
4218116,1114999
985633,11035904
15427837,10704357
7586388,13461
14051004,11927416
4125986,13511182
1881972,2126698
15889727,2994985
8205529,9222282
8356006,15818090
868068,6907639
2260062,1465208
639021,8930676
11122058,6365223
3386895,11034347
7750275,15172838
7242411,3117946
3333366,5524223
811287,44055
1056803,3345543
16238632,7185665
8135569,7401581
4492384,5835457
9188009,3295130
6010685,1364720
2224867,3198411
13281952,2979510
12491909,10602445
14695817,5747146
4257277,7882489
14291737,2005005
8019485,15454716
12964452,14407986
15601698,8226276
5125902,6471703
2546209,14192900
2755646,6959486
8680316,10549761
11270217,2042086
16601342,1723506
7682559,7412350
3332603,7581675
8707084,16118037
1370443,13254091
12022694,4239953
7220460,696249
11919608,11826953
121393,6600718
6067149,5855093
1420916,16497935
2345713,16747132
6947415,2318538
3402385,9810416
5785376,7142315
11108486,14315677
10945265,1950641
7481880,874086
10200406,14199208
8078189,5855947
6474007,13533903
14860575,6277615
12471814,7285482
1391735,10757593
9350397,909307
13279513,2440647
13597921,15209873
6949278,7982469
3810835,11310603
1788411,9587490
4784823,2907151
11374949,8300096
1271197,8588611
5297141,7967113
16546543,1596097
7342336,7563544
13407280,15480381
5362811,3888330
15371137,14854604
14367389,16405914
9673787,10643225
4995707,11913850
5465114,4641645
2926134,8037994
9658509,7169280
5238512,1285078
13301093,12042143
5776577,2607730
15121086,9596928
9580668,4859665
9397929,10828418
2291535,12832253
14115092,8027958
11925131,5542015
13578433,5365931
13560282,2519556
8234307,13736444
8193946,4717417
3778282,10515996
9375954,10322765
7358662,6393705
16349807,6588653
811363,2475756
1320496,7743280
15500839,12256178
6798815,6439048
3169986,9628201
14422855,13102753
9508041,386185
3524163,12556141
7552651,868152
2229021,7662080
12822836,15567183
8058459,7994583
9911160,8443092
72300,13843926
10002956,1603988
6765133,2034027
4549484,3497693
13422701,11650136
5092196,15456406
6478868,3701422
16343134,2594735
941669,9652758
12102769,9434443
3083829,12841864
7530767,16598362
1574634,16472451
9310205,519262
4691200,3075053
14435986,16489314
15597924,14548533
13686500,15316548
11645183,8317639
864789,5636110
16028379,3427534
5666658,16268465
10221373,4109648
6588909,3996778
7315139,1505229
10596202,1284136
6294672,2694130
3917450,16784743
13318261,9682401
3708111,1382244
3134130,10897260
16388422,2437809
398164,6369770
15490802,6196005
14190909,4292607
3718942,53214
14055942,14847284
10605188,6055946
154115,9013020
704958,9106816
8380881,9002473
8223098,951616
7871273,6213757
1455851,654561
13825445,6770655
12303504,12811764
6753652,7680723
10353840,9524386
236149,4567456
6309634,13798232
10777058,11426717
6988622,2494982
1789142,16271151
15396713,9107052
8694657,444382
13355161,5803217
298492,2911066
14891320,11448596
4268445,16549222
4375484,14694382
8075750,8031199
7588194,7844858
16206190,13473452
7515002,65751
10987828,10091233
4470461,4824331
4902745,13262123
4741950,15728556
13179846,7867737
10360788,12549912
7306193,9410827
10942416,14037170
7496713,13368519
2027033,5401520
15043069,12290058
12253783,13379804
10636030,10985089
12576256,3819270
1934433,860535
13101283,3731862
16017963,6091594
8787250,5808812
16485563,4732320
2541185,4138795
15136379,7934149
15379567,8416882
12522620,247632
13489696,4706858
2752434,3638114
14431787,16771268
7810680,12343040
1375398,14238479
8494955,14584357
6133111,5423119
2534430,5155158
7455744,14052273
595519,6873171
3570792,12704310
6337591,8570042
13826141,12855015
1075800,6345544
13752677,11018220
1232454,3483343
2827544,15372820
8776825,6177547
15670220,5817879
2398918,681885
4480525,7051980
1558998,5620009
11041324,3806850
16239400,3632418
11695358,14600102
15681435,1319656
14124262,7593411
5312266,11797326
6041909,15789132
15153888,13770169
9886210,15280463
2888651,11272855
4605937,11734624
5985685,2963389
4990888,16557610
14070956,14651411
9874725,7413715
2732479,6834425
279736,15872859
14497813,15296120
14437184,9252131
6780182,1317407
1785856,11209500
1024079,4958433
12345620,12023476
15376236,5263590
3990321,6393992
11161295,752184
6141560,10131860
14036503,2206893
7981506,9189858
12197549,6084758
12351336,3937787
10357057,2442006
9360535,16255437
15272279,10321843
2056013,8018053
1751896,15719321
187591,6766318
7724383,9595095
1770900,1981706
2808010,10371931
4580007,13907962
14688414,194132
12407704,7744868
16376106,4304337
14354634,1953555
4648579,10853136
15102171,13817710
9266999,8483222
1607670,204864
4914473,15976373
10255536,5462729
3272218,3797551
5864760,12305578
15667281,13981715
6896551,3848165
13539400,14467504
13006796,5707484
2218755,12453962
6232384,12002874
8418853,8161986
6157255,2150490
263837,8122144
11582137,14553061
11105538,9572571
3695329,1753543
10105198,891190
12488689,870072
5273891,544800
8450276,13840547
10817544,5420421
10613152,47653
12434015,11940962
16022226,696773
798264,10556700
7430987,10914186
5500091,9143515
10129165,8543960
12000812,11779616
6555355,6812713
7176569,3735684
4701468,6737082
14461933,12805683
12797762,9985365
3451711,13627457
5033060,15933031
12867577,1861519
5244057,1729336
15557633,13258801
12726504,12961757
9240698,14425116
4184040,7557310
5970497,7069275
2116485,2041364
12475258,11376266
13183197,16265277
10390591,1849034
9444498,12371544
13228977,497658
11015396,11268933
15539702,12272513
8350961,672931
4358863,3613352
15111091,1823988
6471182,12888392
7976443,1172655
8752373,11263293
9214635,9356440
10125614,5309747
10027078,1030824
14435338,14257745
15978293,6438971
7058668,13203431
10095687,16129056
2863946,4064725
10045405,16045956
2237343,614878
16667197,4574045
2430899,16478902
284188,3610544
5134073,4359529
14531854,194278
16116917,745110
9876435,14143545
13231170,2807241
2317016,10564776
4706982,4982366
3587026,3809593
7565761,14124048
2161138,13340254
5552333,4806473
16611656,9881206
7005734,15073392
2003498,10444756
8342998,499619
8211927,8366120
614375,16134996
9574408,9192455
14814521,7985367
11443248,2640965
5643832,9388645
12422995,16294471
3379048,15257510
8955532,14530677
3531198,26327
6733472,10797721
9021833,6485752
14481839,952210
7463150,14503494
8613280,13065259
968780,3894207
10810840,9039515
10034611,304101
5794468,12929574
4380802,10663683
4558417,10292726
10336535,113525
454738,6806202
5265844,3219018
12767976,1724243
13844966,15582156
7610541,5708936
10474416,631537
14219136,1501913
15043389,812786
13138444,2929415
998420,12994965
8175424,5408146
13748472,2312026
13367820,9499744
5889026,7044588
686981,2770046
1428722,5179880
1294132,3415082
5593721,8631577
14585759,2351262
2923705,3563189
16615323,11572035
6863971,3596406
1589841,12325347
2696209,16698623
15629573,16029529
12864389,9499838
632762,6545051
2450200,10036224
3662006,8649070
9687306,8200916
13654757,12415711
5778244,12157783
10225275,9514195
10153360,5831955
16430108,14765588
6943666,825694
2170724,4506526
12864096,9046391
6639659,1878529
12703420,8025323
4499622,16695007
7773639,2201377
5782374,15081006
9688914,13879499
6952711,9964012
13360373,7419507
12486063,6627844
5009927,1880330
14615513,6381223
14842122,10186901
13884319,8694829
70322,10602679
13010887,4660729
11387409,16505205
5871424,11902992
15812459,13601182
1891899,293825
10183531,711602
12520936,5518122
11639998,4499614
3730736,12218934
13892624,6626731
1434901,10581019
11838981,5431579
7038810,11363784
14237519,14318391
15709484,8515938
14929240,13130985
3244395,8675648
4862351,10727749
8948940,14561212
108493,5005470
16187626,12912091
2343204,12968808
5703944,6854601
15125377,14418440
4463640,10190474
6361553,7734935
3912827,37980
13916642,68809
12430142,10727556
15461905,1366245
8304264,10016056
10634183,14469961
10617075,8927608
13502224,1188376
14906113,7473492
5906655,14934745
13149194,10222526
13045906,14648863
8360560,3405953
4795159,12260509
12518025,12057541
15848234,15512957
5065214,5822865
6027611,5348000
9017847,701138
15809986,79839
4437573,5880026
8036821,7632257
6673769,2571685
6570083,14107421
9365436,513700
2504853,9128786
9042290,8438297
14015016,9568200
15920771,10261831
16763119,4495656
12471235,15191881
12542824,15324676
9483509,7487139
8317217,2119569
6625516,10765480
10183582,7599664
7220459,13696854
789206,14538679
8340133,16540315
10120935,7040396
10447462,6677974
10414750,1986151
11365155,7589571
3577098,16723508
3679597,15455441
12143394,6393343
16173342,13054045
5438155,6419932
12398462,6016044
3473347,16579115
9371669,3912622
697197,1044082
5928735,8411219
9479980,8155986
7156126,9344576
11985873,10914681
97278,4591232
591497,14754859
16466628,10400129
824868,5678152
1865672,4247014
1235899,2045622
1515858,15598687
13607927,4173628
6221076,12002901
7204972,9936556
14065443,12011890
11337492,3239089
10993514,13813428
3970360,16259680
6120829,9818353
13797550,1566966
14680882,8271973
16498602,10307177
4057623,12061364
10789489,5862948
2227027,9026526
2720727,15952703
11453017,569001
2656152,10051086
11060466,7241828
12931953,14356904
3731218,15558022
16788653,5940515
13419469,9203223
2551429,4665375
11610675,10747650
9780135,11280885
11814871,9416764
8658187,2316564
15483181,14381590
1542179,3635470
6205299,6117707
3442654,16122979
15148420,16273154
164647,9461573
10300587,11633407
12588847,9016903
900576,11186460
13689721,13511636
12481474,9667421
7128871,9334125
3420329,16472601
3704631,14090056
7754768,1752739
13933769,2763760
10080929,3733488
11824896,866251
6420905,4045238
5799450,16279598
11511019,8191057
10666755,3710332
10259441,12049812
185751,12687647
12884025,9812139
3429793,7384571
6636598,9123616
12903274,15371246
13388839,579960
1859938,813636
11223056,10139735
13687822,13815662
1679134,786372
9961364,8912233
13239619,9914993
11345852,8295622
8391933,16335184
8121682,529527
3782212,11292438
13272786,16623161
14597309,1831051
778771,15787353
2454015,2132269
11123000,13129733
9727096,16543919
7053287,7642030
4279867,2179690
3812433,16104566
4344887,14566716
749174,4373857
1497605,8676973
6035303,4107229
2341203,4968612
4775,2384258
12350288,2931946
1252612,15988839
1763129,15362620
12975237,12703135
16643522,11123785
1823000,15176592
3687366,2794871
9204336,12729132
10671527,15424148
13911087,2843332
9502676,6569185
3934231,13992891
11042718,1525927
425907,5736788
12883704,3911248
2430865,3786898
7474640,2586767
3542088,12501631
10253110,3959242
4177148,15249415
10196073,3999489
11590415,4247963
13185824,15626912
8681182,4640313
5165441,2278626
14337339,3678020
10196245,1189808
9617375,16479289
14599686,12852505
13826118,2578208
10219513,249432
6675364,919125
1201617,14699842
10431986,9835466
6719592,3354121
12843126,1428166
15378568,8230314
576756,3108806
11244676,12830386
906333,7123826
15254789,14746609
3123135,6447713
12559318,12226185
10356707,6418501
7827200,2187978
11650176,15866652
3425424,15949095
10120244,13125794
3702132,8012123
7874500,16497346
11971443,16433401
4186518,12002457
13533584,3513928
3233375,2910556
6354496,8626896
11237393,11659956
13250378,4461181
15881669,13061966
274559,12776182
9967624,7470164
12400105,744751
10377975,7517051
14115798,16065102
7348890,13819813
6352621,12643654
9219064,4315458
6922600,13888979
14132751,12885725
12589759,14367238
15419031,13431849
8224249,8483220
10029164,6203466
2206726,126406
628359,14846547
11698927,11150141
3826575,15034934
14887254,16180134
5032856,12723612
3991674,861942
9115886,4491433
10975699,12660957
8689843,16424826
16046240,9369661
9516613,7381939
6815382,15610210
240963,5632094
15727662,15278517
9038963,8935346
674584,8150732
15511123,14333015
8818205,8582520
6832802,7994598
543472,12778017
14604261,8867800
2800579,8019016
14878961,8899636
4109671,8860855
1891078,9856495
2772727,7402372
13145093,14416925
5436809,13396136
13277699,2140502
14457391,9245112
16099749,1181894
16537819,2281413
5043751,10839302
16498524,13095607
14595775,1412043
14189508,10444531
5168450,14275050
16210198,13710499
245678,6125978
12848149,10536979
14817739,9279745
3386426,8710055
5809787,10874046
10636286,11565925
8456253,2577086
13302606,12732710
10092,8602233
7122957,5095512
16658826,15662294
16251844,8429604
13074776,8194892
10645884,5505514
2050135,1036824
16001372,13145165
7078294,7129412
887191,9151127
14861354,12996091
14601242,5523880
10851801,12533206
1889151,8964768
13123568,956702
11712802,14551876
10075178,3810571
7633606,8545665
2446351,13656299
11986791,1847747
10627302,4071009
11686564,6221325
15928131,4510848
5110071,15494671
5225828,9611597
7601803,13846245
14446716,12206283
9724744,11424466
3529212,10424471
4427498,11537977
4897297,13174350
10652930,14191212
139319,8471104
3162679,6863841
14592901,12032624
9998377,6640775
10511145,13812507
14996230,3807080
13756405,5639034
3513244,10337111
7214328,2081044
14763237,7079082
801996,142825
7432950,3415792
8486774,14962462
5409174,10838082
11386121,13628747
2231156,14997973
6442398,16376909
10214706,2482724
6679703,8968191
2113134,5328006
6225684,14570142
13059289,15543835
16731126,4231686
7350625,9897613
6697331,5569111
7709128,15764421
4674486,15526717
11916775,6313246
11439196,8241252
15623011,15523434
553154,3130794
13280750,6468723
3082728,15338121
11058692,7641776
9911423,13310837
13108554,5731327
11622489,8592368
8294858,15471865
7277151,5937539
2106044,3001483
2218760,594713
13025349,9862807
1295559,2999835
5554702,7630846
5859355,8993151
975008,1372304
12497491,4859663
13602030,8760677
4284853,2081970
7631001,13341507
12192480,1271575
5631995,3361392
1877843,9739419
12658195,16663859
14351430,12940201
10734421,4694984
7554942,15483246
15377224,974222
13561451,8713586
12145727,11302649
6310438,14605432
7353629,5002275
2462395,14669386
8560443,2684889
3665635,6644837
11827401,1391784
11132575,13564615
7280310,14627636
2045331,15399763
14722176,7868672
4005510,5054399
5407570,552911
10426719,14091
9873732,14478881
15238872,2106490
11983782,4195183
7156150,8900120
6713675,4180705
2675289,12701310
11157220,14808295
10926587,6549277
15499633,9993248
5904789,4549941
4186627,6362472
2145374,7685295
4865321,4071886
12288886,889911
260031,3169421
12013268,15224620
4900286,15561620
1501207,6493389
12727277,12473570
214623,3596719
15807435,13721938
3517511,15811811
1006380,2828228
11806355,7972934
2254638,14418546
1828198,7149869
4275668,10472253
11194018,4285014
2443501,12019576
8467345,11194231
7847070,3168558
4063309,7931506
14922148,1084666
14058566,12900949
178560,13497450
2642644,4643410
11039207,14984582
6529154,16242556
3650956,14085931
1826313,2195524
7017495,16145877
6195978,11294558
5164194,12144568
7882114,4311009
14934639,378070
4251473,5573806
11417379,13702480
8402149,829534
3173556,15268779
6767791,2513508
2382786,1195736
12125298,16459505
4157644,13188470
1370555,16705987
4233792,2706247
2301642,14267747
10143740,15851960
15675917,1200235
8328980,5119391
6586003,15440837
5101436,8769119
14817201,8685307
14872709,877307
4039464,15349831
10200225,14302556
8172791,12245659
1841221,7381016
12629014,16564971
9613867,1800920
2001270,4207054
15428473,5863617
9630389,14137609
7901023,129043
2706700,6580925
3042085,16279389
8288211,14390249
15360906,10036076
2804907,4708514
1593900,63142
180761,4936896
2319120,2565106
13661924,10144094
11360506,6579619
12290477,10596387
4580198,2354406
8899544,10193933
10626749,4285157
6641044,808375
9979601,9401482
13208792,5181857
14639587,16654428
10419671,7809665
9160981,4010211
11559259,3865540
2641375,11007239
15786616,16559378
15347821,974768
13613564,13438635
7613355,10429074
8209948,1325256
8351875,10159036
12904719,10999816
12620654,15350392
7327133,7415403
2679287,14820496
10364412,1623222
9674703,10055430
8479567,13042305
9111823,8568381
10119050,11372135
10795178,1343141
14544126,11665220
13662955,11081991
3374301,5855569
7414094,10893617
9449193,14756239
16608962,1374963
15797568,6593998
15919139,11850784
15442959,3608905
14074904,7266995
4744933,2320518
6800611,7857422
4979560,14621220
8763,3912784
15850633,16608394
9495150,393719
12074468,12469697
1608079,6803870
12072267,8214975
12101265,7377316
1311756,3257036
71417,16729099
106871,2180560
15673392,13314030
4851318,7910158
13182041,4903755
14424899,14903678
380364,10559829
10735572,9241109
1753144,8987622
5862026,10899073
2075009,10096215
9954937,10319328
13503292,9678423
10425216,4108704
733642,4018796
4404906,14181726
3553258,15825967
16599934,12706991
12105358,1655032
16017715,11970005
5802729,13968434
930252,11041898
77428,8940948
4539617,12725652
13327056,12832701
16677624,6444943
8615801,1272221
15517480,5107116
4611614,10613839
16747325,7305476
11337361,8136869
11702845,7527930
1129256,12175277
10850946,2475757
4386466,2618510
8313607,15297775
2932056,808064
1113256,5588596
8627575,2701425
5847736,6471662
6710516,12804804
5682158,15297459
6493365,14424812
8267064,4112051
14509821,10252758
3543363,15720548
2143971,5648300
15493282,10660641
1524532,3286482
2889042,4372556
15551982,8410638
15512168,2578141
9342840,2644403
15021597,5101567
7489574,13278173
14370695,11675377
9511556,7276252
4692113,14093061
5394452,16683890
15954331,5968472
6610816,7153473
386113,4232039
13525407,15531086
10362105,6475460
12149967,14094856
3917032,1261801
121772,2757845
3920584,3571048
10507088,6381604
1507403,13817806
13735463,8601989
5117435,14676721
7818936,16230287
2425356,2347351
16424855,11631259
7687584,12543140
8055051,624246
14442207,15352666
6255406,1576234
526931,728132
3330131,12177196
15764983,13197823
6164300,9191079
9677973,7513711
220508,16387027
5731745,3515085
13870854,10002764
13466703,11854456
14183713,9452592
5632335,1816003
12626658,12112961
13476010,11843139
370412,11997664
3889743,12251806
6715686,10123703
14218941,11925252
7428580,10071603
5100505,1570768
4600970,13284730
8029524,11528
6161980,13900840
4503587,12826471
12953855,758622
11081319,3334289
2247099,4307598
14837708,5261071
9915745,294135
6918577,5618692
14421421,3186061
13101360,9539241
13987418,14911744
9702181,15468031
5957149,16636030
3566824,15150924
4262858,10090997
15389679,7560910
1332708,10656255
11431837,16264793
907049,11174641
353633,3359164
6929239,14043788
13233946,4691392
14780523,16377479
14112153,6709959
13332572,1615144
2975510,10585645
11094845,2409685
14725873,7015936
6275939,7545820
13979270,12541486
13606258,4543343
2117766,15631890
9224830,3469036
2110507,6489315
13162715,4521745
11645966,8070614
8992405,7173002
14496562,14584919
3366967,15919343
8552141,8082782
693613,16060922
1879207,5973032
13627092,613109
275981,10511822
15486035,8670166
11698596,2605011
13237933,773355
13829705,4035938
15502829,11239567
10537150,16786142
6595276,14414274
15425779,5810582
11497124,9110739
6661160,7985650
11888482,15375047
903638,8836446
9760807,10787808
5156916,1646581
560628,5172127
8751074,11327417
14418541,13067221
1181227,8165097
440042,5160388
8559953,10132904
7193264,12579827
9250644,6556928
4387235,16366027
4262494,9338491
5194216,3599270
13578220,2516574
8066383,6808405
7291273,5877608
7383703,5768218
1359716,9008537
10950260,16272293
1566962,13086672
9722490,3391109
1405046,7722243
650958,1967317
4342722,840475
7152808,6626026
4406715,9730409
15629293,10502225
16588157,9475804
533516,1989561
14969965,6511315
2619345,4112167
10356756,12479770
2966480,12157179
7450568,8211716
5922453,12003221
200526,5560666
7700440,2460208
267025,4801477
7360838,11924609
16701362,2541542
4764368,15393400
10722683,5174685
743808,16781240
3126246,8752470
1496985,2063300
2055416,5903839
15396699,2438743
13287758,1146842
11321487,369046
7353407,3362597
7981542,13933996
8166389,9795588
9855719,13029249
10302350,6902789
6034806,5418147
2003200,14721368
16653831,14497727
2038587,2069434
9064724,12784326
586319,5906012
938898,12549226
574161,8005915
11046446,2367732
6448582,14664697
13298010,14434827
9448639,4391664
11774303,10676553
12213754,5980011
6349887,8611018
1643513,853380
1821280,15724377
11511381,5450315
7811129,10554193
8173498,13421717
10833197,14096770
11604363,8080554
10870146,7966771
12333001,11050693
10561684,11697543
9956940,10458336
12211441,15101686
13518023,829122
1026609,10856806
16506857,374762
16258173,16565443
98520,7197485
5397783,1919513
2344689,9962320
1901556,3876993
11672157,15681664
11956224,13921890
12513094,11576472
8614582,2441507
544902,9987311
4461916,6565253
11049323,5535312
15478829,6801442
2152585,6574134
10288300,8878983
15768958,11483711
9029220,5030994
1490476,13857248
14549493,15381681
8378947,8132127
1175962,3423243
6074653,7715079
14816995,13819138
13981791,14071631
15517083,4830728
6806238,14740041
1481945,9412673
5764449,15595022
11063402,975953
3536389,16610758
12617970,14735121
6689375,269666
278861,13268753
7889440,4223124
15749090,14103590
11302591,10063850
15332652,10703767
5244185,14391490
6214371,15461819
12978276,13474468
10704702,9130082
487142,6476281
1669318,7751138
630031,14916322
16605328,14489791
11555423,12086522
7858195,4716805
9502613,3781766
2709274,275730
1875398,10768553
2542502,1367461
14848358,4108626
13272788,1014434
3964859,14764982
12399136,4131991
12264305,6407074
14322424,15907577
16304673,9650432
15110630,13326300
5680069,3325290
1477367,5699045
5471278,9952789
435606,3928761
11994491,11109590
3131051,6860663
8404626,9025610
10696100,14197234
15412524,13076233
348205,2669874
12763788,8583645
16208169,11955959
20709,2717484
5383547,5586585
4734519,3377318
9345009,2107391
7054729,7370255
9334946,12452052
13758702,5357495
8473704,8598941
1213432,11125369
715646,14281010
10644495,14486368
9077573,4135644
16387803,3730134
9719937,2750307
2726139,10470075
10381112,8652032
14374097,9658626
50392,15907104
4980788,5288752
3906326,700315
13241934,14415445
11066670,13588995
6644916,5830413
6318953,4648390
10728230,1239804
4925484,8926493
6201325,5835496
1003999,11830877
11259937,6368116
11978408,12016135
10357528,12880759
7712718,244891
12634049,5904710
4028834,15751088
10405810,12286123
7190227,6541236
12538516,7162804
1578865,1138514
8178064,5415893
1485419,6618701
14021618,2236793
2314649,15674746
11276454,9738603
9351636,4020201
425808,8841012
9531396,6481764
7315495,14734265
14459026,12308929
13784285,397428
6126449,2401734
9638011,4818066
15177071,7647643
14161781,15479270
3097168,274155
1933230,13415709
14789786,403413
4922901,15721955
1352143,9778245
9628950,14950133
13098844,6705552
6465319,15079567
4879542,2564525
14898941,10261724
3301965,11442385
603343,3254538
11767063,10383326
9868853,3060641
15087831,15255411
12423842,5744335
4323300,880183
10263472,9099881
9316396,10519313
13295974,2703158
4538288,14932437
16343325,10183536
10226869,5331670
14469745,14385828
16583635,14292352
8740437,254277
10613481,2933893
4424274,1377763
5922195,12475870
1154257,2856665
1063883,6453744
11448950,12468800
4885481,10167712
14006347,6251483
5554887,12349089
4411333,5732083
2480810,6227948
16637268,841978
12585518,3611999
3795920,7095869
13747323,8217634
12407771,1015275
5817549,6436243
15467196,5800681
1201906,16621146
8488103,13477074
5593813,3751407
3300243,12608131
1208863,11120383
4651091,7817990
3652747,2749443
2689570,13978524
7273905,2608931
3969331,3338925
8993953,7757578
1661398,16214330
38726,7632621
15927266,12406480
10234934,9212591
10414066,9818853
9840052,9613664
2481501,16116606
6551891,4124058
9408133,9223303
15426510,12099218
4159489,15741187
8558,6670249
13493873,12823723
4468275,15828954
12338165,5856913
1958974,9601317
15728267,1873322
8330753,4022706
2256178,15331919
13601748,8937307
15973749,8701808
2801588,801168
14080729,8496895
2358921,15767758
1880794,12977581
10222374,3629985
11943998,1520894
4718918,515573
10668992,16229036
8342787,2453012
16217365,291586
115365,13312097
9379532,16594481
11548305,10346081
9688457,1269018
7867424,1949485
10305663,16451314
11954405,11010608
7051353,8803283
13364142,2473665
15303252,10142384
15158617,13646473
2158517,4382494
3290663,13312647
15814198,15373491
7824142,9840456
8070339,769164
4770898,5763497
6017522,15065140
14476991,14864830
12376447,6272455
9639361,2251175
12204720,10223907
15489536,6268624
4660349,14367238
2457342,8932223
12993676,8636640
9903404,7688512
15343571,4927914
6295888,10239881
5922458,12199286
15528435,10262257
13266001,12305511
15506628,3158732
7085750,11027474
9018333,11171809
6707660,3357493
14644740,15150738
9808986,7193111
13783147,13394870
15597116,13535605
7447911,16008521
10266100,15793538
3455148,6800453
8285715,7215853
11650807,8358062
13094565,7679258
10623589,10528317
15946133,12276697
4021746,8022388
16721382,6840138
15520034,15271265
11687343,7945322
1445980,3136132
13503071,7900655
11476587,8278815
3725659,2980161
14690212,4086302
13340412,3718984
5448929,11164493
39632,6136511
6310516,11176053
6776403,7433145
5534589,12846611
344740,5148164
1785972,13287242
14925882,7507232
9340311,377080
15983650,11367481
16687785,12839913
9681460,1569210
11350207,16342686
8622366,2615534
10338354,1655304
11682876,11638880
3116979,3719297
12439729,6764733
773076,11186742
14093502,15514016
7183822,347276
225729,16095596
13852801,8310248
1186870,16300701
355292,15162539
11722430,1070626
11964847,390306
1358999,337628
11366914,11314157
12443123,3050622
6064649,5563276
2445604,16163560
7388576,14737447
12768274,1963710
4266097,3340215
8832818,12671080
6807447,14985615
12659833,8684562
3242158,1499845
13346936,8890082
13081167,10716281
13223154,5426616
13139428,12160570
799603,11081586
4516098,15116705
2786052,8637771
9426961,6994569
14899110,11899902
13991365,9078253
9067254,7482340
6635976,8101377
13960292,14531517
4577060,2817171
6223553,15510447
7910279,989143
1821050,12135719
5074682,1194384
14327282,9782170
13863610,14179511
11059277,14394953
7957397,11512607
3400202,8014767
5599115,3406656
6881816,16550048
15654159,13784908
10795929,2458318
14732752,9045914
2482980,11811320
11336827,16429681
12960428,11389145
1322012,11988045
6587096,10081684
15155206,5575370
3448265,2887263
4410690,15280821
15920294,9786843
15176578,9715946
6225102,16105789
15304397,16466563
15494399,4251983
12551014,10650676
16581444,7559996
7228449,8837989
15689397,9468814
9588391,9197583
4771150,4033984
14503816,11826012
4525289,4724212
7312735,6509643
15932800,16373655
9820850,1250675
9759213,13359520
11107687,183344
8387965,2305728
5886497,11982204
14934476,12812238
13499998,12475771
16104582,358438
8379416,16427666
10479697,7129639
6615306,9964717
4724322,8965456
9713616,510956
8931223,15458131
4249564,13091438
3795592,13157735
7564223,2548841
1650432,15915901
5269510,8326795
5380853,7877734
12793487,506219
13770037,8238123
11684933,7624248
6955190,1167284
13903074,13689840
7379585,2334426
91423,14422102
14052473,15918622
9860636,12861175
16231803,7573548
8386830,10200998
13842143,121250
5034847,10306105
13816597,2919936
7928533,2041707
517074,3104731
9021422,10124433
3322259,15515609
11667500,15837809
12877126,10315990
839407,10949277
16009661,14272913
5732637,2748348
1048962,11881524
7894381,9280575
2031993,4988948
4958710,9791266
7144259,10606920
10939465,2131431
4541282,13793345
4080822,15316655
7883962,16224808
7474195,12828325
8814594,9918361
15792408,12112746
2729458,9809502
4180775,4136187
3887093,3869123
132954,4731063
6052577,3614901
2323543,1026987
3071847,4138929
2465908,120417
12680961,11593418
14735044,8779117
13508622,132688
11780144,719933
2693984,10285438
7271226,4461898
4827667,9919786
7496586,15468070
14530979,11565522
9256299,4201638
10071403,5634664
11945770,533467
16504755,11048555
14909842,7975713
7508830,15006146
14033486,5530239
3766032,9069572
8050948,11379205
557663,6750317
14145654,15675451
13239743,7334472
3662348,8837261
15516189,15098410
3772699,9442575
5707730,718590
4509268,15661702
911237,11667096
12884103,231694
11410552,7625833
13306353,16411145
12927577,8752117
13489192,12552217
12999144,6246259
1600437,2727219
12815700,6644828
5866061,98027
888682,5786820
5507375,10456161
14243880,2051578
5919741,14343774
4252789,9839860
6812196,13725201
13690110,11372211
6993951,15432707
2592392,13458090
15037326,6699588
1473474,3668102
6952671,6138198
6285909,4246875
7861334,3614198
6865903,1989021
16634372,13239774
16614519,6338920
10502126,11276237
14182248,8631617
9094184,14602082
6554014,10141552
7740754,11321487
13220291,11270081
13396497,12776073
10296526,6864823
41482,9330481
9675154,785419
15156768,1044664
15587115,11316645
3309372,1838553
11508095,4462210
4276763,14665062
381301,111639
14642108,14945441
6151898,15741910
4943985,5557999
7442614,7994553
16345011,9551757
752215,11790049
9456457,5032437
2892036,1459578
11964155,6560604
13005077,6759347
13041846,15621840
721650,15789514
1108562,2428029
9326996,11180715
9289513,11825481
1643762,9160227
12563851,6738460
6915044,10261604
8538201,13306998
7548014,6118025
707650,3460686
12328727,12911568
8748090,12721906
5661795,5124357
5222618,1695668
10592154,10601775
1200163,380113
16301286,16529377
341631,7796700
5382893,9800531
2626287,8764071
10452895,9189319
4946028,14024312
133855,6548625
272800,11142881
15282214,4168334
8402892,8005740
8089498,15963335
2217,11254803
9331202,1936111
14518980,8196020
14945613,16200365
12234191,9819243
2174713,5397911
2428594,6109114
7896616,1994474
15563963,14824376
9959721,14213240
5350319,7959682
14092341,9933630
2597909,2135543
16118789,15987439
2482556,4346996
430499,9927842
10620716,9421225
6760325,7630504
13451933,13259433
11998365,3264208
9425373,3384836
13422516,11714697
6864723,13608943
12982243,10567026
16406838,6058116
4716295,11595376
3055521,5470741
1888870,8404893
4043633,13579646
10229080,6833211
945627,476312
11491233,14308625
3213563,12954691
5361002,10865127
15248834,2534922
2176086,7005389
7753534,15220974
7804772,11398185
2892126,10188989
15706155,14957717
13240371,5748539
4714449,6834752
16751030,2421433
5283539,2317175
10573925,2052301
2844774,6394568
9099388,16075106
4478155,1795728
9645942,12887253
16219417,9705483
15663803,14259537
12830483,8290640
1688364,1286225
6128824,6722289
6664111,9836466
15152106,8850419
12995390,15179651
6619346,16716509
16654874,3259164
13288215,837261
15736552,5066309
1063213,9635373
11477517,11442693
2597849,13746268
5384423,7265790
16558521,4322120
3312608,2397554
450100,16067915
11943326,12219483
9538377,9715171
9828812,8082674
1226638,12251410
3531125,11506810
7288597,6834093
7690719,15896436
12011801,283021
7084662,755000
5483486,8241950
5476739,11278852
6858408,8219013
10960363,15038766
8848582,13240188
16047742,3808589
15750400,2741941
1216983,2387982
10748136,7207756
5596856,2154405
9152383,2079681
10104244,5522203
8985949,12976180
14135325,15659023
10271958,9584452
3517885,12093199
7062893,15006324
15242477,3821183
7131707,1245597
13837811,420613
11837855,4080171
4882980,12603740
4617412,13425878
16138011,14810068
11807750,8284608
15118505,14354128
12809146,7301075
14328096,10709991
4982120,12115623
14710586,5098323
15719331,5473384
13098429,15510866
15661305,11726175
8123445,2872285
9290928,15567125
2452511,11300498
8224176,14732504
15683803,10765320
10272361,6451217
11032466,268322
4006685,2105228
14914890,8234729
16473344,5577397
14078122,7231460
846853,13675085
16514439,11497553
1877423,8303687
4297178,129862
149691,16735163
2081172,7692980
11132868,1394332
14324870,7981437
14105986,13481335
15125026,9706983
15475066,11869027
1729125,7455643
15566459,8524108
4802466,8552804
2672872,15022912
6967023,8189573
13456763,12028400
920720,3194702
11262792,9670297
16187930,8213260
15436938,14701234
2834980,972543
5384434,1133735
15545438,509659
8319472,11391985
5572993,3147236
7805757,4705489
7913189,5422070
10860632,84244
5881085,10421116
10012032,16026028
8375543,5548592
3376169,6939594
8400018,13066576
14786241,7144182
9370442,6058638
11781062,11504871
5766492,6678801
14020324,4486534
7385634,9821709
5484269,7769132
11092865,8563985
10976994,12093616
876338,9573404
410562,10688772
16204173,12789758
15539843,7804368
15427525,8752594
13406255,10583734
6071592,1567259
4233570,10348537
3420968,3585437
11890933,2101401
6460156,10690359
13496479,16691223
14390783,9693252
1561378,5193007
6952500,2200232
13835110,15230135
10985965,3371074
4840087,5107428
202233,15479775
15342380,10274444
13770526,8650518
10167627,5522854
4699209,12239005
5114849,10590855
5214390,11482903
9829904,10229835
3185473,532375
12163414,9578532
4934970,5547838
8173052,4938282
1059315,2271966
3648011,4510096
14603520,15807625
9097038,10835132
7945929,11561480
13936252,13798027
10158750,15086898
12692670,3964547
5703021,1774178
9275199,16285270
15584619,282900
4566022,15214981
8680826,16090181
7270567,13162661
5702576,2706341
4956559,16102241
11741122,5360992
16344493,7883018
1979221,3333281
1308270,1553834
7655336,12350134
14606148,9382440
5883713,1972616
2306061,15915314
13094979,8386243
1180159,155374
15564119,9153732
261637,6478228
7401501,16534819
6970865,5463525
3720949,14059389
414671,14204302
9968763,11048124
14586762,12710338
9330873,6897636
13350340,11864273
8090099,9408319
13747614,3963416
8721479,764359
10959964,4192476
9832972,1115482
4649509,2367386
4307564,2517558
1294839,12542298
14990405,9398266
5728524,11184307
8492360,13329768
10508960,3111666
14702537,13346719
3737486,11395453
13798685,16766430
8076070,7843336
12822198,2930659
1063618,16397098
2214201,11647459
9805962,9058248
8550090,14375805
4665218,14456856
9851043,5621636
5692954,3065679
15561493,10516000
16397727,8519192
12100160,14042250
14813928,8593119
4030049,5606932
16642079,890500
7602301,1860616
8960430,12656457
1003226,11832855
6333165,14063500
16554723,16658462
9424021,2043213
4703049,3082873
16002602,14537596
897911,3634133
15545595,15213038
1863104,13682692
12387503,4471862
7762527,15871166
7161770,7705204
8231226,13675398
4631260,10319168
13089192,10929239
2957134,4367118
15561257,9607208
1077186,4844811
4108451,10107661
9361432,15693092
1745786,4333715
14718964,11012884
5804728,2372974
12314936,423379
3473852,6486154
9514501,3960044
3032767,7411474
4053336,2831585
3906137,6028454
11281944,15610027
14576401,5131206
4707347,15086538
3823836,16144363
12137966,9933874
13077179,10548966
1463956,9460483
3399496,2087898
1560779,16171670
3382821,14680433
2862504,6637323
5640401,14584065
16680199,547906
11098356,1638250
5156482,1661456
4315057,13168481
7343508,12179045
14843075,15773406
8208317,4788324
1332122,3939327
3508161,15537084
3203357,16262781
5375569,3977733
8254828,16007854
9793099,10316215
10697518,11656128
6531783,2198361
5476562,13665319
11195376,15318252
5120328,14047584
11200302,16045308
15309228,9578444
5304916,9121099
10370612,2687872
4175893,15745190
4453427,13023128
3938755,6093466
1524067,13222486
12174288,15686326
10399769,13846418
2422701,4471845
10317901,4677651
2513592,6353047
14348137,3227328
1648374,8761362
418118,3039269
2226483,16163261
2626110,11869572
2540706,4127016
4609704,198474
15658662,2263331
10001466,10970040
15347252,1100346
3720534,12972606
14343123,2815881
3001751,14333311
406887,6612966
4561795,12932618
250152,16316140
2681357,5971058
4960637,3224259
15484108,7537571
877898,2805291
1318857,13285415
6168662,5203723
6928917,9132527
5282627,10511433
7895237,1859457
16271544,1338629
13135686,11658798
9100018,10193367
871615,11443438
15106753,12380747
11286878,15748968
5744104,11507859
2488763,2038722
2201211,3707725
4049982,11110506
4202504,11379509
13652404,11275502
4335411,2102648
10646845,910580
6149104,2589642
15220873,4746987
11845710,14087160
14369971,14612896
11986849,9369037
14391008,13739431
9098496,8912664
16078954,3263920
16582296,7783548
11662088,7046552
8864543,14732152
1036616,9825342
13623014,4938736
3862410,8963267
16466822,3828461
16252127,8113928
6918352,11766418
2763033,13227059
11598271,8769519
1049149,8737120
5788699,6776192
8366780,9790369
12811033,4979663
4879434,14210248
15274410,13318897
5469933,10491323
8150331,4133550
239429,15918838
4672238,40864
4668165,6460988
14273789,14680642
2766214,7577979
10629614,13990970
766757,11083422
15006709,6756940
10881015,9010940
14523934,6755032
447041,57445
13183912,10260240
661111,12548815
15871157,13133021
3614773,12392664
2817614,1024528
5522942,1551544
15669195,902343
14481928,10295548
12508456,12859412
8274724,15601785
13470062,8867361
16231011,10532707
6050163,3599629
6220764,1546726
15468030,6599736
14232567,6283845
10335197,4157178
14925804,11491514
8947461,12496322
2362269,6216848
1325877,6413838
1519164,5365578
9459156,6896766
7146865,7210731
2188862,75798
13573917,382913
10503419,9139327
16027446,14843973
14862910,6026265
210527,8265615
291508,10154942
6523026,13727399
7604618,3934343
11449870,4339139
2778554,10989198
6082372,9213303
6973898,224416
16292695,4206319
14892104,9889379
9362306,2523974
10695299,16439843
4021544,3140680
16497232,13911573
9939404,12488153
3543580,9121195
13757913,15820168
9158287,882465
5494051,12562167
14078301,3701128
3697059,2580737
13280025,10702681
10195858,14521185
6615419,6518897
15173648,5191866
7647878,11345818
15128516,6555962
137567,8119005
2839909,8701724
12022921,11317209
12238358,1309223
7851720,3550613
11184739,9500982
13941515,95100
10293731,8502805
8661389,10893657
4694328,4289374
5714109,3849802
2379140,13528072
6664210,1303880
7559600,4159528
12652331,2413298
3581174,16229975
14108363,7942251
9998273,11292305
10102273,10256144
9528253,11037892
904775,14722818
4929009,4165962
4382612,6377914
11105408,7906103
7601118,4292113
4228911,2731497
13889308,9358162
7913136,9044375
7266443,4289834
2881398,3890982
15145429,14527357
9993436,5182192
9704019,8518828
572925,75675
14765767,14072390
9584221,11723460
305202,7555817
15493125,9766570
9112783,15696434
9526556,5449218
13483513,4253695
8409080,3329793
6089903,9299471
4318368,12845719
7782297,1896368
6156291,2214867
1044626,10460790
3987697,8099474
9501439,13851707
12058597,16158932
10732306,8329235
14732318,11671361
8506833,6880420
14078745,5806126
3220962,11830049
12253145,8233191
14646870,15546589
10724061,9991164
8689432,2613111
7192522,11523200
11172457,8283498
2748972,1337753
14092402,1747370
5057583,6149386
8421490,3840637
1495931,9951344
15875845,191820
11275822,5704680
6797663,12621131
9495746,5946159
13751731,10453579
536641,3854843
10811319,5370160
7911601,6295415
6924346,2146812
3096613,12733899
7847888,6235479
7688592,5392556
10995292,9128271
212726,10968366
690014,10186354
4546032,10163482
212173,7706264
4416305,3747264
792152,14804276
6202458,9162549
5864602,14548077
16430603,14236697
4823985,13462879
8641862,332352
14833604,10155110
9116111,3942917
7170357,1600397
9816477,1760121
6123197,2033632
15763729,9570860
6371049,15388722
122907,7071200
16395920,7970702
1599176,2220894
10296946,12279198
508026,6267775
15828182,12120271
6146392,1677010
1469941,10839315
14534855,14267475
1763425,8369421
11209492,14546291
7211528,10807887
2856482,12944396
3509327,12196807
2303127,11270725
15915029,6001438
10160066,6068146
15618245,16076246
7329585,14963731
10106430,9443121
3702707,13168733
3049128,15171338
3729716,2571276
5345358,13391237
9492692,14256025
12885407,15937025
1102153,8646909
8802469,5360352
16016520,15437052
1332840,1012586
7985592,7677643
2838625,1341245
3598621,6921256
16404279,11042779
14889979,5524749
194623,4146747
4770491,8228374
10609624,5881532
935430,16492994
7853522,11291427
15485192,16522248
10551196,11093134
3192361,8296299
916388,4402536
2792952,8556638
14765036,4882251
2076869,11155379
16368303,7925414
9014210,4991116
14373000,7354979
5290015,11922106
15352453,5573890
1793407,15492930
3355351,1929005
4325783,10592687
2049337,11319166
15503652,11604819
14173069,7163265
2966034,8722622
15338329,7816765
7442807,10877196
16300691,2739983
16428857,11369981
12713320,11442736
10201488,14246575
2892395,2610012
1199881,16487627
6213073,2540426
15751472,1985609
1983684,9835619
1858907,7734470
14000058,10029315
10884698,6172885
11960026,2952794
12866836,1920221
9526317,7463755
5174116,8434351
10785465,13005515
9136524,4780543
13304963,10927515
15590359,16690278
12467978,15838715
9941608,11635278
5866295,7486750
5546711,3949158
9763302,7162785
13325728,14979215
12475696,1478492
2240847,6988636
12921384,7622556
14844596,1712936
3545275,8044718
3971977,5542314
8442903,8200681
7634455,5869155
10685752,12147394
3629962,14928921
6690788,198442
1952901,14938553
726143,15463954
7202779,4152571
1233430,4088273
7152669,1315190
1639289,11281320
15707655,4653544
5488421,858235
9456290,6400401
10893225,5754908
1488460,1556480
11021654,1695378
10828956,4537054
4468131,10877791
6396390,2158578
9177284,8441688
544046,13428030
1415039,6152348
11909650,5361831
10161677,8431918
7205798,12988675
16764090,8464448
15229196,6697366
8466115,15073222
12157983,15087612
3057075,6907456
7416575,821989
13236117,8750620
12691171,4951064
11470777,12963354
5502375,1126776
553727,9485490
14927965,2593708
11320405,11884336
5716350,1035570
3597601,7152556
2401845,3977176
6819054,16766369
15783026,9009264
4345279,5154078
8993243,13721483
7955574,14154746
14462137,9239488
9393336,14926866
5708232,5353646
2398296,3952242
1069550,8928243
12835984,9668842
10623810,520108
5488262,10769219
2864831,1946209
13484695,16424129
665474,4913888
13712551,1921178
8515552,13504408
385074,14675640
9760828,1991163
14233149,8991584
12780767,10704528
7615344,9710080
12904426,5287354
2850370,12749137
14128753,11852934
7306830,13312486
9531900,11371287
15162379,146833
8072081,13718946
2667546,1003184
14665109,5265392
8780388,16128379
16658205,896526
6664024,13322493
1156523,3871682
8913513,9565747
8186622,9478788
12559429,8705421
4201415,5282406
436943,4625867
8785875,5267212
4059379,4487257
13059532,3509517
16711621,12587735
4883850,1688305
678959,5386176
13493461,104018
48822,3483992
2591656,992928
13873504,13644950
594596,1977243
16541048,11741305
5451296,14749088
9131827,8113277
16027555,8435234
14038958,15726050
12572901,15177598
2275360,5077598
5853266,15879148
11563810,16153883
5661920,9453910
5189827,10692766
7165797,13061815
1384732,5007429
15235634,3395279
3495740,11396557
15813859,16368545
492556,11687442
10293414,967290
15920919,745893
16096012,2659049
2317329,4721043
12590420,10980813
2558178,10947883
4004543,2800576
14533720,9584022
9318850,11496728
10729290,3717396
9738,14492898
13250192,9288185
15315027,13220946
2407334,14122439
7873276,5104103
5452365,16610796
3734004,1882163
13032013,8332676
13353994,8316389
5280882,4660537
7379194,11463947
16263428,2369188
712833,13500599
1232090,15722567
3892383,8463575
372065,11894182
6584950,14189056
16761787,13956534
10539482,1540623
2629872,3090254
14473059,7224280
8791950,12182083
6466994,7386447
6213237,8257871
1765642,2060002
14004304,10278823
6546241,1618302
8934448,16590905
9715284,4867091
13902360,14637848
655532,7170697
3967300,15067662
11599352,14603141
7402509,11307905
4238092,12894857
3877401,14334531
15805491,4050413
8986777,8002195
11079223,6008723
14387047,15495261
4790836,14213627
2758181,13128466
15980821,12532078
5495929,13856372
10622587,15778858
6851964,7729487
5274005,11230037
4424108,9414847
14811608,1116281
6740951,12788297
7874225,7537267
9833880,9672618
2595196,14973235
14679547,6464585
8097797,7480476
267983,3624799
201949,16776076
2403868,15328096
7767557,3696529
9032259,11770572
9286277,14591874
16076125,5410295
12067428,437687
10858008,1549494
4853676,3441936
1058858,11709741
2920908,9636546
6873047,15744117
13627553,15849765
11674729,15711062
3727192,4503891
8713912,3242296
13940206,12401519
16149042,6003029
1818375,4916244
9901095,14842447
16068021,15098317
837434,6982451
12818038,2609159
3115946,7992364
11328342,1692650
15836098,3042884
10754824,8206808
11741261,16452839
6255726,2044451
13406973,9281407
5052987,3354482
1836264,16018587
14963659,1326728
12375350,13336079
6083916,971025
8879533,15988962
12033563,9293856
16557001,10424680
2552263,9030765
6921422,8207418
16268702,7412194
649538,9003449
11383469,4480101
13718044,8217956
11799990,3828288
12988553,14512337
8147924,2022105
296134,14219231
3092893,13580599
5060034,14590095
1890454,2989179
10174327,12956211
1073915,12898618
7666859,12321559
15937833,8747725
4021403,11269112
10798706,1603693
15018194,8491537
7533747,12286685
15993733,2873906
8333628,3746840
6325329,13171253
3322098,10130221
15491513,14323172
15568858,2902645
16544318,11688630
13791342,13904389
2583502,9363850
14908040,6616294
112854,8085851
6832241,16385738
6316102,13641080
743424,14607005
13647322,14366771
14400214,14489362
7033133,10380838
8781342,9709312
4298043,7152280
10455598,5412597
10864660,1805448
8938533,16392838
13973042,1858505
4256399,6850508
14553431,3031027
1095354,8669264
10793098,12480279
4063813,15958623
5742144,10582134
408407,13135029
12073901,7189073
47465,12835148
297010,8331013
15994001,11841464
16038056,10379506
11772191,14823450
9051919,669201
8417456,10147328
2671755,7582878
14655949,12029330
11588274,16140222
11506418,9609194
14100532,12902103
7139053,14516639
2760779,13269384
12519325,11248094
12766044,13383946
15958535,12532243
13596785,13992363
327688,4909374
14743414,12139616
12030077,10537147
7478074,5832347
11499365,240015
10493718,5892415
2851570,10530594
9648517,10606225
14970330,6052109
4088170,6556875
14711053,826010
4485417,1454348
7796838,2496169
16291915,8278736
7656294,10432857
813244,5938651
4541640,8728674
8874976,15486101
12309283,5307298
6127667,15475492
14758439,8641906
9828994,15645228
4568681,12224192
5418264,6742569
6307049,15719207
13734023,7577476
6101458,15330896
7696946,14478880
15247224,5733776
9020394,2744568
13148845,12700027
9980000,1695582
1802966,6738029
15292413,1919048
9392843,13878744
7557811,12416929
11479735,2217034
6828615,3970666
5146137,3051611
4564891,12102006
2741189,15512065
8457681,2701154
944407,7167664
8398675,7455925
5726541,12839660
13472872,4706796
7256091,7548827
16496161,10477885
15734774,11292952
6953032,15136193
309814,12360967
9003664,15328040
1068738,291980
14426757,8928372
10079840,8087388
12819487,7571872
4930424,14418906
15015797,13199757
6843211,7086661
1849437,8999443
11205364,2403360
12534497,10088060
16603997,14670583
15993387,1557782
11501273,3020954
11474727,6135987
14205661,5486989
1568928,13033585
8220436,8523844
7123702,12885846
16453855,2437736
3326373,16112225
2085877,991746
12292497,14932055
3884773,5939749
16064268,8403944
14542908,16750612
7894400,10501905
6398712,644736
11201086,2147508
7586,14611064
10150980,1064296
2050618,2761051
9580121,11947518
7688841,7225713
3145790,4088617
6358736,1616036
3303814,10870143
15547580,14117676
15048120,6238629
7194910,6356923
4941171,11417178
15301088,13683911
7878166,8882471
3015114,10460898
10874006,16323224
9320163,13618209
6060209,10269747
12430163,11910705
9392015,1717796
11654430,12844130
8640499,12395878
15430269,15607548
12643466,6056004
3388862,6425557
890005,11591321
8860302,1505548
14802089,7070260
2365986,16170637
14187589,9302949
3406449,7215390
113046,12893053
14716071,3179388
7207867,3667860
11589965,6046456
8532546,15577537
14651745,13113510
637583,12168395
5864967,10493039
5443103,8420268
12547192,9070315
1889120,9827393
14422811,15376649
16217587,10020556
3143259,10602205
2215698,4420052
595641,3091096
12284140,14807641
16040340,11694457
14864418,4067054
15281851,2345030
16237700,16750722
4676498,13331368
4963371,2990506
166698,9854809
7645471,12592133
2220743,1617754
7560573,4619317
10882829,8722795
228812,8984642
8990510,5948711
4964357,5394730
16102337,10019069
5383817,4091203
4329232,11944540
14227343,16005
12845188,104460
978534,13059886
7451664,10360759
359720,13026836
8537449,8978280
3779345,575048
4429474,10713279
875804,10531519
12161487,8000665
6709651,14117672
6696070,1340330
7912516,7914473
5284977,2062666
11259487,3244340
14018465,11494826
1949837,7341581
8920435,5987517
12649383,5586008
12656659,11549081
1750731,6247930
13642770,15307631
4541268,12684266
11378476,11211525
10355453,14535262
3251207,15395933
9192456,6295396
7270265,11853644
1019592,2071314
4821665,8591764
5490226,2649428
9051801,3590039
16227380,654687
16194737,713542
1752848,663259
5311632,14785995
15726570,8245431
642751,10765630
9389098,11707696
6144133,15361673
767537,12259323
2167986,1325555
13173243,14764639
2527511,15582174
5412608,1313644
11590881,14094148
8032935,7427090
1831698,13978928
4676850,2301869
12392020,169353
10941673,7723754
11208835,16457300
16069090,16202027
3858763,2585452
14359080,9526281
13048056,5191165
928696,942565
6037377,3881151
6796420,1154388
12304524,5157963
923271,7872683
7504898,1117455
4980865,4434935
12217180,8492481
4137157,10903302
15376853,6106144
6702502,8036009
13369730,3477759
9655026,5951098
7055879,440567
9765890,9439338
15658246,11225837
7810063,8945828
1906983,12762927
14538111,782718
7104231,9555392
1213522,9947627
16458904,8727647
5688592,10377831
6366589,5429941
16498638,6444349
3648152,3375388
10376990,15301318
8669544,14963694
13485830,16618491
16070294,4941236
2988061,14058933
10263728,12603572
9220436,12622244
1703295,10335428
8915690,9101882
1697987,6269434
14586341,661278
1035765,14911924
9318301,14547170
1848005,16458708
537793,14551962
3773356,13682597
16548924,16588274
16239997,13640492
14220489,2539009
15738439,10632429
8400304,15022975
4565121,4786178
5139173,16793494
11814214,16393077
3511318,10206196
8668913,10321849
8968087,10874395
7982651,6255165
10558006,13585427
10347408,1281675
11300007,4840294
14782400,3881411
5243677,8045605
5569082,14478666
10269395,1760839
12578119,1800701
11621273,9218843
559910,10455864
13777447,5220312
13155055,3360070
11944038,13728592
12598868,16407582
2832482,7169492
1087019,515727
2343940,11466484
7098676,3522265
11870494,14431180
834320,16505121
1565795,9733095
4820078,14945600
5932085,6076013
12306264,14514180
3833399,282757
15266460,9788138
1602453,9247693
5925008,10360247
14727351,2446997
1400307,3075233
2531761,1787976
13138547,7806497
35473,8732632
14783727,3871096
14153833,4688486
6385527,10290657
11683845,14278178
11656724,10725930
10722144,1638974
13130292,909360
14489858,9662276
15579516,2908460
14946124,6290086
7767892,191543
9932002,11232622
8269111,3565737
12385571,5955046
12408814,1514800
8828733,1460977
11902526,632631
14547647,15818286
14140155,10719152
4783758,15902412
9918941,939527
8449474,8727852
14528251,12698119
12638988,6420165
6853478,13682448
6639549,12840579
6270864,8240644
13646834,12045
6056336,10854553
8113277,13603566
14912935,2565643
12511488,14815993
14552164,16673808
9549085,6678496
6373004,2159020
10902446,1608977
16017426,10235919
6297403,12015715
12607983,6870072
10908705,6508206
15084616,5605948
7771514,3125243
2766628,1288063
1387297,4582697
931929,7952057
12261154,9419773
2743846,2129028
10899554,6143181
9399106,11692465
3306141,11824376
10878234,9007496
328654,15422419
15685054,9674150
12987841,2672455
6386558,2556692
3155577,16767324
14812436,1663210
1408888,12610844
1460287,2807405
2212385,14815325
16010247,6124919
1808660,5247979
1063493,14369532
6484416,5310643
5633882,13706600
15042379,4832566
10285852,4085023
14146842,12050234
15841314,968261
3438493,12714833
6343010,15860837
13304843,5658365
9620022,6123008
2395645,1078573
11108126,14138360
2323102,15399051
11591843,15307939
13862623,4136103
10120407,10458396
10427045,2089967
11532000,13251927
11653027,5745833
15326545,3117590
11631610,300947
3398158,3476790
16786301,15686659
9480807,1141507
5692256,769941
11589182,14822455
260134,14468768
7079814,10801687
11067066,9886363
1522716,8874980
9056045,15243316
3996737,14883278
848274,2037792
12181628,13562219
5697178,6624074
10135756,14545925
2729299,8429707
5165485,15273493
11835433,15241571
16729146,1781640
1974874,11437156
13505772,14505169
1751771,4328146
9756653,15036366
6896865,5105151
16550074,4679155
5200695,1186191
11615309,15315321
2441174,16497184
13958323,6588972
8679303,6064599
8084728,6774386
1320924,7274160
11989495,13456846
11448129,11635057
2586995,10504709
18187,2145080
4369723,4700338
8343190,7066723
16735322,16643640
9769841,16552849
6044103,10943151
10283932,10574178
7442950,9903239
14166601,2670323
10233495,14357322
10433088,240359
3853349,6057652
11499241,5182354
7814601,16788634
2953495,7436909
15953517,582753
4676856,14165219
15069071,11531698
13571458,2206432
12122010,8762332
14406307,2299896
2853067,298043
15439579,3403227
15086159,5621412
5274697,13841311
7466485,15585438
9897696,3270249
4882678,6397971
11168858,11857102
12503639,2021084
2641918,4975406
2017799,3859346
8815079,4829348
9852712,6418419
1984463,7048053
3206971,7192263
1284671,14082651
12412504,2187108
9403870,10480869
937570,10816589
14016194,8506281
9679815,9333417
3390328,16431345
11069321,15484468
10238684,10386356
10951367,11877893
11551131,2300487
12055202,11882286
4110509,9129044
7959853,14358684
11083905,14711655
10677617,10370470
16562426,8971577
10255596,9809478
6613288,12072455
12238522,6951073
812844,9096593
3754515,3813722
11643936,9351484
2025733,14395339
11276430,8483809
12107268,9120628
446390,7124743
6323804,4106375
5254040,14279401
7234241,2473043
320263,5240574
7909299,7826128
15144234,464782
14507612,4632396
16318013,4406248
893703,3718231
15239721,4182131
4945976,1286475
10227711,3699663
4383850,2682482
15618470,5884621
609812,1995958
3797974,6460203
11758297,332669
6073626,5970591
7817311,41091
10446673,3382542
6994525,13150751
9356022,5399259
6565081,8738028
10251655,13744439
15855666,12847777
6409015,2380967
12010268,9695147
15330590,1969200
2599658,15543482
3760657,16758491
12100066,3926445
8386632,12559824
9492876,11257097
5158537,8641996
3512043,8719172
2159859,5062464
13896695,13039207
12253622,13647806
12552442,2070756
15338747,7442614
11926318,3028809
4513317,3078944
5383476,11765454
12186641,8152191
9299945,12561073
10376259,16735556
9844719,8886696
6355196,12008627
14245066,11249387
8083291,14695289
15572752,5359770
2008881,6294534
10045062,15119045
687756,7673841
12330223,9497027
10980491,12006879
2472632,16518321
8378486,10824828
5230521,11980355
1434903,3312669
993793,11395595
16339249,4228558
8506143,12516233
10232926,15088008
16447330,2665704
9103424,5120803
306761,15293210
5295013,11009144
1057960,13726227
19781,1206727
5976771,7038732
9329841,15910567
6065324,8008229
10261521,2825473
677792,1209796
15920296,14599711
10242907,15015965
8043261,14007882
8708901,12997245
14853357,13084789
12739521,15586627
2748945,5199056
6837539,756929
9782263,221262
7780899,7803270
5485466,5441935
3726397,4210252
12818937,7243304
5056976,9777066
8753745,10741957
3056382,11285571
13198333,5990726
14307212,10549329
2945500,3804104
1403983,732256
11649849,7978486
3236557,3013239
2682181,16043058
4120887,9785488
7367585,7601848
15922903,11331964
1360790,2498726
14207403,2347938
10157295,2812092
9517104,4260180
2658871,6947236
15199445,3026686
8882834,15279736
11127095,4222315
9640358,528715
12298532,4047024
14013033,13250298
7185598,7087396
8331748,7925070
8069713,9957151
13109893,11176430
15415357,7773409
4529243,7913872
12011018,4167482
7590607,6247106
8877067,15015854
5055996,10327986
15776512,4992623
16332572,12546916
14122324,7037113
9568641,2925105
11717129,6647491
9975014,4289674
13138902,9524586
1756016,3490364
16211094,245563
12590787,9421320
4924083,8004542
10958509,13818285
6189901,1761645
16599389,13437939
824184,1647275
10278953,7134205
11035451,12018525
928024,6499264
13341649,12079090
6745119,12917881
16323819,5744925
6702058,419432
4227638,5500804
3744887,12610207
4660365,8496287
6190128,2884941
594542,4567503
1863378,10656554
5211849,3197548
3244180,9404822
10323660,5944977
635446,5423620
7269100,7602408
2619214,14610419
9151424,10927716
10660482,11531135
15060737,9482337
8394168,377825
1327091,260154
6662431,4381500
15298406,1969300
10053364,15297328
1157121,5907502
1110370,8795918
5668732,15729676
9689584,1700908
16482872,8544583
3780821,9155129
11235661,12141155
4459567,11951787
7603902,6403046
6746430,15878617
12144461,13309902
9334870,14908434
6046145,2686441
3254488,16189987
10715185,10149169
55041,6835708
9825685,8075742
13509531,10275354
6297574,12311835
6056556,11423226
7323491,15926072
10848339,13697410
2486485,13953430
10756316,4694663
2139794,12561870
4893942,5119963
2292380,6696392
12591989,8857958
712708,12197580
3264463,318524
9970802,9655854
1917862,13886861
5440703,9923092
14066957,16726247
50847,2195497
9715137,4142680
6477970,13065805
8871370,5255207
5079235,2111142
6692685,344473
12519258,5982264
4565997,14230151
15618019,4289284
13510256,15680583
15024026,10691550
13274736,9981035
12741651,2201160
15866909,11864653
13055553,4606390
11292565,10390692
11005103,7766871
8935152,4149481
9122645,8905106
2353066,7064159
12241968,2182529
7805227,5923736
11217301,10702941
695420,8768564
3563364,1767235
5574227,9289801
7317354,7124057
16358317,6828407
11674146,15692224
8123257,7069968
16717611,3510400
2819783,6743180
4517529,498769
14447684,4459695
12055293,7015374
1099095,442112
16504887,10841678
2591846,7183610
2905145,8632740
15590620,14427316
11739200,1919116
7688377,8177266
7947394,11581449
9867755,14722553
1721713,5517942
10265392,9523428
3703116,10164523
11272135,6109727
13963169,947054
10246196,13938593
15135712,2902830
2335775,1394571
2854614,12744881
8393382,8283717
16411496,12932723
12564854,16518027
7066037,2518156
10772942,10462449
6280557,11548141
10480954,562926
10052657,7647646
9618423,15659529
7050096,11568335
10409118,3082255
1011509,5080444
11193731,1930388
9725520,7402319
1838837,6633216
2740757,10293658
4793491,5007270
3241886,9892767
3083814,9004257
8145998,9579831
4650236,10506626
1188201,13029272
6085595,7308559
7106654,458912
13825896,11041768
13229206,3030780
8698636,11805269
2164874,12354272
16354114,7107706
9119061,8881498
13808440,11465136
4466898,4952189
7352243,8844979
7070280,15850726
15069688,9945383
5766471,677328
9961609,12624761
4019044,11190854
6994768,9796351
10066950,9471299
1368807,3117042
6061645,1233858
12279458,11241722
11876212,16316269
6102374,10222180
2303551,2388352
5750356,5932750
463477,5243021
757749,8144747
4915628,10417128
16352569,15254353
9138170,15364675
15545027,10653533
16087700,15597571
9133421,15072077
10415418,13135552
760902,6853616
2130341,8640446
1393335,16150381
7839413,8085409
4005440,15649508
4825242,192601
269485,9827687
3006757,5502148
11029546,13121873
13349797,15629793
9401995,15450581
11826663,13001605
9691528,1812478
10743994,6681424
12407728,7333726
13984307,4391376
15640408,13733843
13226676,631904
16083212,16641195
15299042,2913335
70555,14897712
16088245,4573698
12673745,15959719
13781198,378378
15784689,6416439
9726394,9436613
13145021,9423495
6270918,12851065
15234400,8904392
15047553,7246564
3705901,8339275
209715,6907617
2488237,7668471
5948156,8108686
5636661,11857789
8919881,8892774
7316836,11416204
9846292,13607532
7382732,7665099
8332900,3616335
6856,7241928
16447142,8881662
16646386,3986208
3588296,15266220
10210753,3067855
7246323,9232488
2414347,1267141
6871000,6008502
8251455,2499511
13042298,16617075
5101209,11116010
4944837,12406723
16149543,13859648
8029592,670294
1267140,4863446
3659713,11051481
11944397,5427454
11713545,9654932
12515148,9151756
10499275,6874003
6146470,2239395
198940,3241056
2712467,14653886
15607450,2468429
11007696,1722597
14733647,14662405
10378595,16463561
7732905,10684203
10611503,8958206
7908784,4975699
10359168,9465996
2546922,10225193
774311,7265784
13879047,967943
12407172,5291367
4411260,3452453
12208219,2684609
2155954,1738181
3363788,41037
13265996,10019
13558901,9834957
12281185,14202391
13564828,3242458
15449579,11666562
3856407,7694144
980326,10970602
1615046,1036631
9194522,13457755
14402228,7731896
16783569,7809238
12748747,12909311
14826115,10426883
2073152,524086
6244544,4644764
15101825,13625521
9209540,5604097
5404606,16341812
15818396,13985656
13101657,14217643
5204439,13939390
1908171,8234521
679918,11588750
3077626,14391017
4476346,2687823
7851298,11686641
11135660,9182975
1313300,13999683
14674084,15317143
7306475,11606436
12983561,4364951
4987678,4847529
9720033,10052193
12002638,16587234
16342848,9693213
16716777,5752960
6862587,6593716
14414414,595193
1296193,8195617
10593845,4076396
10541674,15672317
5521181,6845010
13830256,1046140
9395199,2505237
14875981,12430885
11625330,9665271
13422284,3190830
1764804,13407908
15588272,4866926
7217763,2028715
6359863,3232871
7393371,12522494
7932889,13594493
6274397,7269809
982263,4909246
15376750,13036325
8205516,1183765
15165669,4607000
10076463,5063680
13241625,6218396
10982468,15650541
16756948,3393165
1634075,16146998
2649889,8621668
452153,5064602
1380224,14493013
9690367,10545681
3082546,13181792
14775132,8313083
14307598,12334072
1959316,145313
5586034,15547697
16108595,9201535
11063592,6215262
14934127,1807158
8150179,4897725
9596732,9490658
6537249,7656633
1400038,3145644
4726518,10451268
6729201,3966386
11338619,11016353
10363624,14613270
7897454,5951791
5312844,12425922
6319355,1532874
15081105,12835598
16025818,6651957
10299313,1584444
8058557,1704561
9209591,15692648
9587630,3696901
2827224,1066209
7338868,13433970
9333797,5254531
14784954,9807061
12132896,14958279
6428339,4755160
7967307,2458591
6767619,15747887
3927477,3781186
1679441,9125
537140,12674110
5900972,16527980
637581,16047733
16781281,11705718
9223768,9846815
3226876,14942259
9767863,12202438
8509974,10569865
13285785,4340913
3857823,9127633
6229364,969345
13635584,4053843
2572209,6874176
8911816,14801206
14564915,15995570
13444259,13951949
8728792,16160382
6157847,12221207
13021086,523392
8284624,15229180
14107194,5395866
4889679,10037116
16443476,6260580
3736845,11030709
10016454,678772
4638205,6462071
7341661,6741937
5814658,8603291
2674425,4576672
11009975,294148
11554803,1109314
16485325,8492443
6605610,1415674
36805,9611654
12767309,15050791
16788671,16442574
10503386,12109429
6202582,11455052
1147585,14163068
5108052,6655257
9729345,7988868
2958252,13965471
10636940,14732315
12463060,726697
4270519,820311
8904121,11310293
14225568,3037130
7056672,6799316
7740250,3634375
7387396,10455061
8503477,15119390
15766795,11048015
3422239,3694237
3456803,580889
11208348,13936552
16725945,5205440
9293632,8827384
10530153,2440844
3872113,1757531
14121369,14360709
4113641,1758272
367221,15697526
11216883,9644202
15257304,4730883
14964706,5340228
3098728,1259482
4789351,14825745
16239762,10252004
14330480,9864407
13458630,13641173
3643270,16784298
13281329,13630588
5496267,6313435
5859585,4158518
12842472,2415800
14057234,6075306
1833175,11291704
6234928,599883
16006350,7517940
13230559,10978011
8521366,3328786
15153004,10431204
8965290,11766709
11048420,5693819
12286933,16318195
16220431,9596318
8137777,12095428
1110048,15252464
14713531,16737249
13214091,353053
12692421,7582133
6110979,14620660
9416449,10745947
647452,16715798
9010391,10687132
10000000,4993760
11839445,15386832
2987296,10374628
10708335,11251989
11958196,4103663
155123,11442275
15280556,11818574
2418138,4447729
9087221,15561662
2551798,3625084
16533303,1543873
11716414,4944078
9283072,15512793
7836319,6138569
15861045,8424433
16788611,5087138
5551531,526201
444946,15458103
8610106,3486991
6990199,8622502
3695594,13752919
4003850,16338875
9456929,931575
8692711,1390042
14348486,6748722
15256378,16665966
6525804,3862088
9528789,14861538
14540961,4082286
13571612,2984357
1655754,11131786
4274616,4056224
15564787,5975604
4318457,16135956
4408744,4699956
11584735,9018085
3035849,2771061
3724427,6017653
607660,9099102
13280280,11341145
12072754,2531770
2450918,8157928
11424848,4094524
6957191,8068808
3456191,11981605
14183960,7347074
12664703,14565089
11990944,5876748
14566341,3238275
10685035,15139273
12008547,3569766
1286089,4786241
13798942,2124115
1297075,15438555
14658499,3267567
1161293,5535708
6413928,5851482
10538707,2626181
3941222,8968966
15722766,15704937
5643398,10607081
6490620,9540948
3082800,13803623
5735775,15327141
12430260,367939
7716503,7749779
1566828,5320593
16452117,15294685
3642155,10955443
14100360,11727069
13473857,1759380
16547348,14870776
1237132,13574105
15302335,2675506
2316027,9709883
9775903,16241801
10657909,14676662
11959874,15572865
16230909,16364879
10822041,10618390
8259179,13033931
15709755,1331296
1804206,15518746
15003975,11110985
8867161,2446248
7001883,2890733
14560854,10711635
12730322,1541980
10309436,4175339
12734024,15528859
11398008,6032949
10291273,9552967
8912275,10487777
12530896,82168
13546932,10547109
1907671,662049
6128377,1756423
14596390,16225691
11299503,14427047
1925865,14332734
2236916,1585071
234423,8267760
12586237,2305925
2317761,1650286
13313264,10293967
7532015,1471063
5750350,12089316
8541727,14964895
4022023,4626093
16655071,12048826
364471,8678946
5946805,5507982
6713947,2735508
8120676,4799208
9244479,16402893
14426581,15498281
15422841,636217
13724073,476780
1054160,16360892
13292823,5694820
1293461,8808173
6254938,5824790
13004810,11277602
1230269,8747701
1449479,462214
102563,5240100
11303609,2707483
11342635,2267743
15037389,12272057
14412256,10442851
4506090,3331017
8371339,6759041
2163315,9920686
4051302,12102919
7899546,4514565
13862432,270660
9055319,8728685
2290560,15340265
6379988,13967730
16074747,3876824
14719364,4437378
6113684,3899338
329661,14564526
14854870,5719145
14684213,9020624
12362379,6285856
5909426,223173
7172030,4247248
14643156,6868651
7188649,11475513
15682666,127167
10704608,15588940
6326679,51854
10893256,4309941
10164301,1581114
11102939,9171809
15878139,16188672
2728250,8821753
16516275,11633051
8059342,9627642
9479882,15673466
15044569,9832694
6681998,14417124
2852218,14844966
14024103,2881132
8337580,6292942
9254750,12558907
8581983,11646577
11897781,11393363
15873909,10354683
11739724,6990550
15303478,5394606
35251,11898582
12203544,15403555
2046301,8081990
6359132,14113063
12058612,1336894
3968257,8132803
8017475,541156
8178356,13792304
10615728,10130783
15078352,141327
6689117,5188883
9076682,1352164
4145927,438801
7482649,587896
93835,16548828
13275058,1282631
9837090,14256751
13100761,10859345
4531759,7001354
4504951,1527498
8956849,14382749
13815596,11855745
6110671,2124492
3745318,13207624
14703054,12408810
6757820,13429413
13753142,12110031
4647872,6679633
13919157,16491319
5775426,8756354
10325871,9581062
8714483,15010628
12458474,15679592
7873701,13118121
7280623,11960988
12160246,12630365
1406794,2756135
287782,10177654
4527168,1780442
5948859,10823308
3404611,6900304
2721318,10321431
12359997,4513511
1148744,1145644
2304663,10192064
5431558,10081114
10667087,746551
12573142,7831924
4057834,3322546
12284943,3217466
6233794,463538
13927349,924708
9202344,9209254
13229746,7974751
380224,1522375
8116619,11601346
11691798,12434415
4191859,14262683
8875162,15546914
4060717,5203014
15320644,10496349
13574324,2562760
16246654,12116821
1654423,8624824
8427926,14091957
11945168,9097391
3819033,4677963
2064715,165107
8096882,1036808
12491714,9593519
12328983,13515870
4706324,14215673
6549102,8083573
1907516,8011172
7012734,9932771
6998825,9642601
8451574,8771111
9281954,4547395
324422,11907907
9899284,16240749
14926133,2396923
14019713,14680003
606954,10897070
3836262,8738347
9978054,1715866
6982212,6247480
9148794,1385108
8291750,10873532
14959315,3449873
15976256,2523787
790406,3749282
8711863,1340006
10086593,14050970
5969861,4165590
3963710,6493080
4958959,10623325
13893215,3961973
4137876,13504158
2987834,15162547
10930344,16490181
1844006,11580516
9865571,5772919
2637185,744291
13639956,1940464
15099862,6854749
13470335,13418620
10309977,16583391
2652375,7985927
7962763,12237193
7332794,11128604
1887072,1276695
10151544,15924413
1539613,13442150
5848684,1889459
10534993,15379449
16125647,8433438
14819655,12388125
12334711,1584336
23381,8953138
15536439,8039586
15633980,15149478
1413288,16540028
4674698,4187409
14870324,9601252
9244428,4300571
10645335,284926
1177137,14584168
13812513,1129325
4615884,6428851
14882431,5840634
3162083,10091944
11705443,13516773
10868659,7852325
5315971,5544316
7327817,855018
8251996,2506409
8104945,11229846
9824090,11166180
2153683,9165944
14696493,13872675
9890356,1280014
7367594,13453123
16031153,1018472
3349447,12887461
3094983,12785105
8207872,5080393
10462825,14262469
6189400,10517481
7013351,3780908
14404442,5234506
15325014,5230858
4746910,6644904
9615328,10799865
11991660,11529757
14428799,2767195
6590840,9688011
8364637,11826371
11668403,8478160
9521850,2377055
4907832,12799155
13680168,5475496
14502483,4820952
5389866,12442908
9697572,1224991
5719103,12242378
15466196,10865529
741647,10300697
7093243,4045704
4732269,14811441
6059975,13054861
3749955,13253668
6836475,9687809
7361880,15901575
14905546,13848078
6452706,2437259
9919570,10793261
13284988,13405496
801921,3307182
14444950,1039481
12491979,725682
5935518,15187090
5406304,11845601
15470079,16120701
2929399,8919071
3504902,12244121
6417646,7895187
4630705,3742905
6680676,16007364
6117631,6101460
2843528,12355915
7445007,811777
8040775,8087445
8628719,9151548
11783960,15271888
15700935,15985323
12153093,3959115
12996720,13372522
3666015,3243281
3909427,15261172
7609931,15031620
11853543,1189081
10128060,6900024
5094403,822379
1884779,2668379
13616336,2890624
2338455,10254592
16412853,11813341
3599361,9666418
4301121,1909598
7919283,2952317
2117154,12200748
1102213,12553512
7060252,7498081
10209368,9754334
1707517,14416730
11406722,10273755
2469976,15817468
16499438,8242289
11556567,10095758
9862313,10607518
539108,13197036
2063805,5994430
8860892,1522509
5603337,8250419
14895558,14572547
2209274,3936806
12566859,8353077
8463396,2357824
8846234,1041796
14782956,9472023
2094394,11469200
10131193,5058696
6049023,11842083
16470693,5912994
13031292,5782153
4230686,9964600
5490686,14830036
9899887,6473559
9467158,7405381
10782300,16249493
15110049,12090399
6807475,7175193
2797492,8729297
946874,4446206
9436562,8544909
13016615,7228758
2603235,10640571
7410573,16420249
5239525,10593361
1143494,7262072
11216211,14310934
12623379,11489400
5067892,506692
12209793,12068842
8554323,950866
4398338,14750076
891695,3714955
16717208,5133722
7431446,9919389
11618447,202179
14790699,4884257
4020763,15833864
14933666,15106580
13058211,8181765
11362071,1043382
13205207,15550048
16175963,15783672
5861980,7294187
4210687,8595712
11597333,939250
9233046,9469990
11088763,15766252
13482300,5017919
15018202,12667598
6127187,296882
1657089,5407318
7801756,8745222
14520253,6056243
6074686,8710177
3370153,16300680
16291874,9234992
10397582,2804205
10892020,7538366
3549659,3880825
5560708,11646536
11669520,11704291
11774049,7153242
2816567,14394065
1560548,10384844
5045918,7599534
16466924,15983404
14144797,2999242
10966095,7741331
12103209,4298914
13737131,14475915
4134912,6195929
10197611,14240402
10707235,3476209
3833777,4040252
2747346,6409327
8422324,8138894
9615756,7101763
12110399,13761313
14245969,10595161
4868694,9782570
4621023,8438470
7339035,7245602
7590213,8879855
1955984,759790
5655274,7529821
10691620,4891161
4536111,16257641
15752112,2773254
16759968,10714594
16158306,4998366
370959,2240357
3748417,1957760
1887613,5516585
10184092,14529297
1331321,7138192
7480513,11661061
9066881,1178368
207452,13519827
1061325,6864504
6109809,9871547
14056494,16190416
13700255,3660405
4380369,8448414
191768,342475
1872783,5694453
14062498,2750588
8349281,6673758
8285064,2917077
8501923,11764498
2820151,5172851
13570524,15820556
16735166,10009165
8211142,2702200
12839909,6458891
3172776,8516034
12820039,2863473
15515669,16239426
1646987,4060757
13127302,2144029
16505332,6661054
3017753,9270530
1748137,2616220
6927911,11868809
3977950,12129948
10348003,5558599
15605779,9116148
16071505,7755655
4465612,2614140
4492969,9815816
11611761,6059193
3880320,13238650
5202503,12600810
1528163,5884005
2356469,9649558
16407225,6691131
14832482,1269951
7863669,15300318
14630483,10289143
5978138,4721526
16299867,16478070
1987649,13855097
5658758,15390608
8795280,16565010
12633283,1748339
8436179,8099918
3154293,14070650
12328945,1714876
1157583,16398755
12722646,10156735
11190797,9630062
5560170,15017325
11526443,13506735
13229210,5671838
10454232,15333533
16277531,3130456
13932976,10869340
14691518,6950281
12228830,10816355
8817693,14191023
4448380,13575012
6205499,15141977
12887535,13376408
8637628,6933807
5460710,9754807
3875643,830518
10584293,4768249
15667468,6992512
15756225,13688728
6143330,1078442
3306318,16316210
10846244,10620558
7377776,8480357
6552802,3502849
5791452,15810688
938648,9072383
11814143,10374942
1802351,8255308
13765490,10970539
3635406,3945046
8845036,3626184
16280316,733960
2382835,4112496
11276645,11214524
7065505,15938715
12207636,14178998
16571479,294603
6777117,2651558
14771801,15993449
5000222,285425
2502333,11742831
383580,14836263
16258503,4719238
9936801,6998886
2459421,1492167
9120647,14493073
5724553,6052850
491133,15982221
622077,1478989
4938534,945572
14454056,7986363
13351104,7402055
11255659,10758901
1823777,8031018
6691104,9320464
193437,1150957
7990361,535448
9721448,7176974
5005159,13381723
2404634,7655506
13789591,2036903
5051070,7783111
4173412,3159082
3903656,10204171
6987769,3191337
1878005,3679690
13433367,5895116
3731141,7330751
6671908,16551471
7392886,3143206
8787506,11435465
5316142,6207310
1815102,11067634
14426886,11314049
8265080,15031459
5375595,4478764
12142002,3597677
4423245,15900716
14273875,9521377
12804438,3791011
7926743,1073915
9955496,12413877
16759596,3261705
7974210,1847174
295635,1956752
8887478,8752739
5713643,7177708
4132978,5058712
7161468,5153301
4355599,15979850
7509098,12279709
6363852,16361778
5240772,10587461
16192050,3794022
14301715,4228640
3994200,1962513
8163269,13156241
12573034,15910095
708032,4813041
1722790,33627
10618885,14995452
8962796,11109002
13760292,4051403
10170723,13664543
2803614,14126950
564920,5261826
8314260,11073447
10916650,10071858
14082254,1304563
7515754,16227272
12306965,10739005
1524148,16231497
29821,4785414
9517568,224039
9358604,15098961
16424757,351310
5041610,250790
3976848,9559899
12469533,308291
10957302,7879518
13724612,5208809
12197697,5425159
662192,7961212
8578620,6291336
9638623,12447561
1005240,4459162
8146520,9971529
14390686,11335556
6911729,3095565
5242763,4758455
14326018,4580644
2136116,9085549
11915134,11374309
2458738,10474408
127081,381278
13629141,2701605
14087480,16697190
8490607,10826345
12273279,13141548
5319312,8009839
6638163,6766227
11870181,10828805
10197434,10999052
9796333,9470275
5373629,13424976
14585812,6996906
282115,12835669
5471083,6282711
10977960,924502
9384800,5864259
953175,2599302
7908588,5630041
8026864,7655333
2332000,1292799
3906312,11991480
7746688,8037663
8066382,6166368
7017189,16307204
11072818,12039349
6174769,10927110
12965297,9606540
3168004,6330398
7166964,11847114
5789423,9342393
4712134,10076029
10565509,1931279
4006429,14640771
195124,12490037
9975338,4578158
11700793,4966392
6892909,15739124
10742303,4531775
5383417,2893949
6179836,9765626
7669095,2030242
14696829,11590377
12195030,9809679
5708783,13561126
13006146,3634875
4709844,4854329
16279130,4171148
4306666,16387529
6132566,8068342
13358552,7799284
7885797,15685164
11314442,7054696
14806031,11892470
10496765,8066445
1169127,16147084
6862101,4297565
6682848,3118324
1750269,5152161
8499167,10762407
7502339,9287184
1306534,16695404
12804164,1638160
9016242,16083136
14346000,4272345
14128913,11649025
142794,5265084
5361673,12810353
159353,13683532
12702621,1975335
3023810,730997
13804534,10313202
12476677,9037191
46371,7041738
6498320,14262441
14899144,969571
9151059,3225005
2719202,11303662
11171921,8860306
1872322,15903926
12832865,14150084
10001767,7591149
6646832,4718547
15313327,3597007
13270478,8289760
9006039,12330699
70268,37442
2331447,10622205
15141299,5166831
10329530,10273002
11761903,10083688
12921805,4780937
8449064,3629703
492633,7308763
13399578,13382861
3439778,1540138
63422,10274485
9843219,13735411
12691702,10181777
9168693,2540388
7035167,8960506
15729852,2564754
12305323,2518871
15994112,11279864
12586528,13419638
4662522,4668082
15137479,16494089
6904557,2763144
5479552,5496739
15641805,4336697
8485717,13680815
139058,5653915
12540807,6765310
8009470,7010804
6061761,12025455
2262777,9573345
7664981,10859610
3195390,13236656
14700483,14630068
15568070,12088884
1444629,4865708
11879268,12831913
620048,12524841
571106,5233751
15068676,7311061
10995686,13433624
16052536,7086239
10544427,12778428
4542055,12082449
10535365,7568445
9866994,3672350
4099255,7305372
3907082,4623858
5075161,15779678
3982867,9628836
13930528,1396414
13533532,7769504
3282635,13315481
16363502,5051616
8412694,8171705
2582870,13688268
2746906,11993414
2588485,1723321
2015279,7332829
8646381,10488772
13681549,16167550
5363040,6820552
9965755,8211933
12311161,6211443
6196841,16082830
12423914,879841
13191760,1849498
14645450,7493178
9942156,13396761
12947584,912910
5830356,9201325
1423888,13070944
13601412,8627235
13220644,5475185
4006826,7303950
5017070,5154550
1702355,15524400
13880853,6450634
14666476,9419715
1602815,2321038
11444064,897798
8820212,8264665
11684906,13948915
3727114,13392635
15562877,16657442
3737686,5642928
7555422,12630011
14195395,9562224
4582987,6189953
286011,14331212
6848431,4027927
11311010,9236843
11628298,4814080
11610615,6333015
15047786,16581766
8195460,4302917
16494908,15723568
9732935,4689848
4611588,5078913
6424851,15803786
13014574,5791521
6058689,10031414
16430752,5160964
10094130,3240583
4335589,12667599
4024088,14447517
8998038,2376754
15694120,10677306
4114979,4839707
6801571,9903981
12664963,9774583
12561644,6999423
5417461,1900326
5417059,11566222
3098172,2271616
695447,8198380
11782045,11543817
2365015,5581322
15215160,415213
10412118,7509997
13341631,9441079
1755271,1311627
7302549,12719046
15517715,3393264
6752395,15941053
2478511,9247414
5478497,1596952
1898226,6505856
12638725,1207950
7270230,12719853
9653940,7222225
11967526,2006800
11717695,724585
3980215,9762021
6716108,1212506
2964752,2063443
2384051,8312759
9127715,7898034
12156037,10084554
4359982,15771465
10067531,15676261
7045087,8133315
2532960,16600376
12184022,3554574
14625685,11694192
9675093,1280631
1971768,12914863
707066,6234592
4358675,13693482
15911803,3111282
15523,12226217
4433764,13334902
8044350,2863809
10397225,16303303
1228212,2767911
2061983,13789578
8281618,859210
3353923,6838256
635766,13809356
15512328,16080598
4150636,16753262
1410699,15736074
13990678,6817959
4477850,12887371
15043292,2539814
12698871,12889229
5465805,5394914
3788545,14914171
2936171,15930247
7766273,13392259
7096574,14985040
1908271,6103057
15212090,13658695
11884500,13594574
475116,1254051
2132007,11941078
6234933,4912375
10600074,5615488
3046935,5324714
3048489,2039190
6723604,13370470
6203372,13008200
2993527,14529266
13537694,7492734
11894969,9306537
5009949,9779235
14217908,15831660
12069749,13610499
11711752,10823664
14594510,10411299
12694358,4003353
6820858,6439724
84732,3456478
1193105,13217149
9722968,11925341
12712586,14652563
1817872,4670811
11497000,455333
10272573,5007434
1057479,86281
4581808,7386447
7524260,7747290
1203830,2337535
16075728,14206418
4120284,4714551
9363723,15011279
4457924,3833905
3456062,8697185
2815745,12783718
1703604,6007284
15846458,14586163
6069328,6515034
6660793,6430181
1608778,8379503
7552510,15314406
10559302,5336373
7572656,11632141
769021,4599693
14329281,6565884
9598995,12405194
1974666,4443105
14615929,5400648
7837013,14170892
16236444,1379778
15207657,10636551
1490302,7453193
2246625,12556146
3354521,3058081
11749664,14060097
14539725,11121718
3146800,9478563
4382480,7254807
14858162,13929748
5162624,7634265
1877339,14209875
15532429,8127606
151844,10662579
13086037,11439217
16280695,1254780
10648214,988073
71304,3370343
9682770,3926607
6143005,8062479
2957148,4180196
13314348,14550896
5622559,7521853
9069419,9649939
3814711,5501148
4557587,7361007
14026847,4622033
14846570,8387310
3937680,3450558
5740523,11576039
14866622,2351906
9377558,1455680
7637048,9938063
14464291,9799311
5745016,2569413
13706081,15190689
1529455,5475346
5384606,7543779
13894042,5285906
9555563,5074776
9799017,5215858
1733973,14579634
4133557,5374403
7183759,7783411
15810553,9901556
11356247,15074499
14498371,1202499
12949197,2327281
12321651,7266895
6460691,13290944
6146197,4042754
3792984,14157859
7824177,14580984
5648087,8576463
14835106,12025221
9525711,13855920
14675970,13983147
13777223,12073481
373745,16525248
15764559,9423505
4833150,1327316
3327771,4971505
14568697,2727930
9641584,2742020
11111829,9218538
11194073,1558315
12127986,12386355
14506085,1382575
3763356,16322570
10013540,7826820
6785011,8634506
16426232,13142094
9201603,8369535
12763157,4726559
6808955,9189674
7275672,4203785
4760675,1246630
15189848,10571483
4616080,10619083
8751976,16095932
11276615,16282215
12389537,3233710
13731109,9261323
869734,5874475
8562496,2777730
13757917,6423270
4287106,2177816
5379736,9065912
10091503,4641186
10254598,16354334
5007854,2858022
12683454,568587
2459734,15870258
1106140,772439
412618,15760719
6183839,4575594
4029085,423936
7652041,7598313
13278354,11163606
3975973,2056716
4913511,7804110
10262954,11894545
6713883,4523348
14815101,16202992
4677769,15418325
13750736,2413459
1090503,13052457
2118503,2090109
13542034,8607803
4752238,174354
754798,4984699
160403,16167834
8220103,14493407
5766258,8886341
9491674,5825437
15197156,7826902
9695008,15924897
9243865,13261365
7116509,6997165
11163623,14258237
13789535,7684367
11016728,12823753
6548013,16257761
2256176,5349708
3000143,14020145
8971808,8370463
6900081,6481062
10892761,3836995
5813911,6004175
16264971,9269498
15018043,3724522
5571147,8919759
15129719,14951026
1978773,15301683
3211859,645091
13028983,15568591
6847649,13598821
10533536,473052
15481463,4729083
8050003,6897213
7598019,7294194
13579669,12557069
7140596,12866558
8952873,12725436
15698799,10249866
12194662,10673103
416883,12511242
7753753,12783672
9790064,12494648
2262906,6223406
10151151,10217392
8873445,16621488
1716417,4376386
9996501,13479317
12363632,13440981
12082349,747085
5856878,8034650
339405,9218356
10560765,8355093
1408663,9139874
1022270,4913903
12165040,8646197
5011443,13453268
13087638,12427306
11131954,11846350
8487137,7175892
13047493,4838277
8712348,10917266
5211814,775879
13666091,8167854
4940549,16630723
12817832,606410
11843910,16720492
1387429,15548650
9495206,9223169
1998333,5781795
3995988,7480252
10775976,6266860
7855520,5668033
15363257,5377391
12117633,2903524
3101537,15504028
13384412,4511122
4078780,15711618
7526452,15049479
10107138,3561117
14724339,6205816
7334248,5246897
2304035,13592969
5706595,12272609
9329389,16139558
10052084,7720433
13931502,2504817
14500335,14255027
5798308,13554575
2642719,5005653
11489697,11029719
4934203,3177964
11454988,316824
8960532,2821454
2137068,14321104
12918090,10214038
3452594,11003360
13916180,15547526
8587561,569066
3797623,15282719
16031358,4702109
6941082,3911996
3921872,15748890
14892615,13138291
7053188,7775248
12276445,10283383
11859360,9585786
3663708,8869297
6533178,14273851
2861155,13809107
8861840,2688905
5418590,3153482
4989170,14794764
8419893,11517503
3746929,9051793
12228109,10195370
8694376,14315522
10904268,10802747
10645769,8998829
1266091,9892229
9386783,10721516
13843960,6833127
7239435,6803361
4106806,10331066
6393751,3639338
7257144,7578387
8174951,12537410
145816,15220718
8381199,9602987
13744638,1746719
6694777,13316791
8266961,4493106
625162,8013816
10935108,6618217
3077202,7074702
1166263,10713641
6413114,4102707
10617429,5205291
3427650,9332612
2317458,12805848
7698635,12336250
11310948,5844799
4814967,16590069
16051586,14604039
10185134,5730162
13961428,14729474
3787192,7774772
537889,15992842
13183121,15292197
15851138,16603197
7903517,1826581
6201989,3226117
7236850,2867707
3503843,13106073
14506258,9906638
15777846,11827468
7093336,13471462
6113352,11754332
6959888,3723274
8403301,6725754
11784900,2127801
5185540,16497843
1135186,7816571
5040369,6447789
12293861,6422083
10843463,190749
7378965,13749765
11566801,3185967
2609231,11940020
16258413,8964200
14512540,7060966
2239500,2243332
742451,15516403
2595648,3902746
1244786,6418680
1589178,7130639
5717350,13609547
13969108,10967065
54682,14492766
4949822,221074
15368499,8294031
4463813,3592903
6246324,2430587
11998104,4286695
1824539,9176456
13815925,1015630
7932427,3898092
1498593,14594429
4219447,16671340
3853515,4471464
8135411,424811
1701951,8602204
6972658,3562329
203625,2763638
5730241,9773455
9700262,6277937
14190750,16722190
2036243,5897385
9213046,7972795
8734313,11198835
13555816,4655515
4922898,9844290
11323375,468043
12131690,5389850
6240877,11483208
1497620,15383292
8291608,5142623
10437509,12190921
9319520,5069454
12934111,9788917
6047893,389362
8704338,15075330
10372796,6146493
15155851,8659811
2642011,11091316
2173864,3422864
15209580,6389347
1435428,12542473
10574422,6335693
8700143,12314124
14011364,5891595
7453635,10059268
16793887,1013985
14075773,1862063
10669637,8348136
5143271,4878116
11013528,943434
13210560,9077680
15683049,11086802
7171419,13719218
416202,14128757
9496679,4296382
7192800,11304473
3312223,14111504
8691210,5027317
1296855,1914754
382870,15074666
13134757,6706291
1943295,9678214
14439680,10258904
10001454,552196
8862625,3822190
4999091,6634575
8893362,2410679
1482043,13004113
14424921,2337162
4387539,3691633
13176836,4705631
12202775,9752239
12792059,11039920
2310218,14953496
10601115,6717886
16428350,16238198
4926419,1413846
3234183,3902405
16151781,11182117
1030087,13354871
16793662,3299818
5504320,14825213
15989945,15736007
2517172,530565
9959175,2404726
15459423,16028882
10677358,15137923
15913912,3279788
1477544,14010992
203719,6515104
11844135,12702243
3955547,9694765
12510186,11636478
16293248,2110434
10221539,12189532
12516365,15828464
8496047,2953762
5601359,1213063
15942932,1590400
15073957,956879
8521985,14074183
1619859,15766
2701864,14098428
7664135,11973302
1450980,4850635
11494531,1230951
15944425,16148587
14073624,9416393
12999672,11052228
7220990,6510518
1055478,6918441
10851670,13054720
11426893,3601424
1198309,1128010
8771242,12826197
10335150,2199433
7191382,6077015
2834322,6081970
3568229,8594552
15286516,9289321
9584704,9628294
12906214,13632551
7430202,339825
14501075,1983988
14363080,2718076
15712069,13130290
8871605,1828876
11199235,15359671
6295104,4287767
1209235,7915941
16237321,6801071
4157886,15675828
6479813,12329995
14330131,2286580
4820671,6482506
5793868,5670250
738515,15592197
10849677,2661673
10918913,7546061
11885237,1476718
7627783,9822673
2729836,2178083
6533091,5526370
9726244,9568825
3354388,1577640
4024401,7411615
12968501,771024
4485309,674981
13323721,3277008
13900632,2025717
14725404,15695162
3747107,12849313
15059856,9160660
2587024,2583721
2208160,10028326
4593770,2752052
339391,794480
9666515,9531586
11223462,13016693
16658748,11354377
1654711,16626918
12248146,11167393
10822993,11938643
12366995,1701859
12106237,16484417
2267036,16395854
15971191,6205507
9635753,7168326
1247447,7387786
14767462,1400914
1017904,3000713
10098454,14870872
1116611,8751752
14275690,699197
11294416,10524181
11001280,1422280
8971671,11428856
11346507,1554353
3871930,10012970
11603983,14877973
5146083,8981434
7073521,3283010
15902691,13814766
1783127,1307464
16417949,13394706
6370155,14002328
7184735,11578506
13437700,15967957
7211,4406606
2615345,10498155
394458,1881733
2441524,10558955
2706188,14721246
6138602,13882801
13152032,14859278
3387612,11402992
9991285,2665272
8190164,13460130
293902,5576974
3019118,1638231
4675073,7568351
11570396,4786494
15621313,8190797
12289220,13603732
10842021,8446201
1347553,3760125
14582044,15978957
13162300,12345499
4429607,16755607
5043658,1411138
958953,9116517
12867980,15805448
9989606,2886840
15277597,10751979
9034204,4543059
784316,3614995
6659588,9964615
11639258,10511033
6743412,11608015
14285824,3865870
3311761,11085685
14548428,10007743
13248305,4357306
2187383,7321371
4312066,10350652
13616193,2354125
3104504,5021862
11131487,15309831
6293716,10916284
5040605,6558592
5395880,5990608
14446942,7477424
9525756,15605382
6848626,1591840
10569886,163971
14441723,10484404
16792300,12434428
2180329,10608124
1646039,1187635
16183227,10746021
1329892,14595161
13167290,410736
1054945,14864095
587114,2765713
12343474,7777738
7534324,2714144
16283306,6874073
8229652,11100047
1585642,3222028
559278,3848846
2307672,6327713
14014411,6167569
6502478,358406
12074566,15401203
8501959,7433198
3552009,1649683
13444679,12817371
6309109,6074570
13358674,5567155
7008672,8026948
3520152,2960971
573996,10675958
9851227,15447435
7141659,2224152
3677909,10590814
16640882,7403523
14985680,7421415
364402,12652576
13827662,9083400
3355288,7944207
7628429,3932912
5019471,4340584
7994986,261898
13554603,478755
7239471,8777755
9683410,4450663
14079532,1561408
14199280,14433330
1734410,14164216
5298813,6008173
4218812,14415053
13714691,9936456
3753761,3135495
209245,8101752
1283881,11472413
11262079,6113943
14842582,1825565
6237472,12544302
1917748,3196815
13318001,761995
109469,2209267
12081906,646970
14431511,14474200
11480945,11989665
14757882,2380630
11950025,12987049
1373257,12951645
13557957,8214814
2626147,3892316
6327552,13851729
10428718,15604162
3163337,12829495
14526290,13706020
7284045,13754820
16030168,3611483
3542864,7368813
16530302,13524455
11238307,11959639
9362530,2237032
14881707,9572862
9297134,6912331
1353528,15181141
9908252,2349175
11711679,6616525
7760049,12605714
16548513,7111958
389051,9088780
15326804,49379
11124361,10131957
2072074,13052936
3665309,3080030
9906701,16380841
14059831,14394366
3267113,12554103
4092217,10972294
4890501,6423473
1564309,10630458
1568609,3280159
8697031,2003491
14245810,439141
7259376,6363665
10028210,11376849
15177672,14287598
9575782,7043450
11805698,12645289
7184475,5651013
54305,1672752
13715575,5166884
2361148,2614488
9322249,6747866
1238824,6428972
16702093,824352
1284326,11332607
10927163,14122092
12595238,1752993
7796835,5194682
4047888,1880416
13983582,13252597
8347903,2158148
6195844,16446175
13225505,9744688
10386913,13131294
1854331,1909738
948103,9971955
3852742,8845374
1733947,1191206
13856994,2520029
4827253,8156839
2410354,10396520
1474815,10023205
9297010,15970399
15088380,5658762
6997238,13510153
13638587,5976914
2226678,10081982
5475633,15284843
15610263,4336051
3110130,2622386
10010456,10369463
781101,11605586
12974867,1812925
16627265,16363256
13202425,1086553
5679634,11598059
11857068,10632362
13652185,12461776
13328781,10542467
10591428,8414862
13892764,12263095
11999739,15888847
3585311,16077027
15011414,12653711
15697081,2622380
8071835,1696919
5517469,2530573
2259674,8690027
12323181,186437
11609144,15106959
695359,11681685
5325805,794265
2799662,8688255
3477730,13052776
16580713,696988
1121360,8730851
8831610,11615026
8016007,16584188
8045973,12978879
10203338,12791512
16540746,7747894
3395860,8001448
10539942,2857411
13522664,2156010
11793215,3438069
12714280,16147117
592953,13231520
6256340,6602678
6365291,13522601
14792255,13212525
13213192,5378249
14290093,12619444
1863321,5315549
764106,10065532
7232644,8792840
5843693,5781236
3473161,5112056
16049595,12170316
3480884,9916800
5023351,5657569
15915039,12204183
3127288,15434021
1121105,3285224
475274,12255868
5285537,10201737
4878373,11473431
13604163,2422506
11436233,13296026
3403008,6556396
15627240,8225933
9169083,9309538
9840749,6326073
1685099,13467220
2018238,11539693
13114618,227174
15455803,6658044
6451166,3037622
2946834,13546400
5557417,1320896
2902026,4530889
1277033,3977753
15677487,4526627
13483883,4026409
6091699,4113493
5339536,6992822
4644303,14433105
2023676,4434510
3379165,8876705
8245062,12578677
3031838,5596103
10263909,6995948
5564357,14869875
4250120,5551577
12292748,3600830
6380464,5572243
15049860,4855002
7987849,9190983
6507871,5710293
2839456,9209847
6981836,5613568
12455746,16795473
6187532,2537365
4587559,16014487
3056630,8045052
6744823,8200673
11810377,11851136
628928,9273880
1357359,3102034
13153656,8967102
16218867,5929600
320168,11619455
13131001,7667848
1415618,9059730
16629222,4024578
2643057,666626
6401398,11967252
4821713,3230318
9912724,10245323
16235338,10068693
6454228,11573991
3165944,289094
13559868,8156924
8011933,9048450
8735846,6248674
1956635,9757268
2066781,15951191
7117331,2891962
1678151,3364532
930908,4370118
10789501,15227427
9464294,10536121
461441,775828
10964018,5499036
5158636,161607
4419361,12974361
8000774,14044144
8357650,9262962
11202987,12826209
14298194,13457049
4148876,4338273
793631,1356911
713085,3814766
11508047,478589
12112396,10897302
5868815,14034067
10172739,6825764
12841815,12266265
1211656,6970952
8842941,62107
11847134,2580942
4705552,14959397
15431092,3006749
15553587,11710055
7406093,4194843
10652529,4941428
1021608,4795232
10630841,1633726
9150749,8353501
11577637,8001220
1543952,860874
14781850,10956104
5613265,8623119
13552399,8604689
3709765,6765071
3136857,8793157
1707344,6597582
10530284,10484751
4792592,9090731
5344664,12113436
8711800,5079769
2518346,8166611
3963470,14856412
420182,4839538
2355782,8962658
16029746,11584709
9080764,6015353
14085375,9321698
13144293,11046660
12206078,15377314
13747793,1164773
9972046,14385840
6721526,13501551
10955958,14875007
12235483,8455178
1928901,2226867
7845140,9104051
15621095,14520497
11981701,11619765
13695631,2976656
2399328,13537243
7872758,1380520
5905624,7513006
11900366,6883389
1472684,1557139
12763582,4818441
16569177,14460608
3363765,3127442
12497911,12067548
11258310,2804941
3676134,2449960
2794551,7890652
12567682,14909904
236633,3785798
6373323,6886739
6248935,6089075
12080677,5287891
6897330,6517420
12016029,10085934
5230273,8599976
3930235,189213
1102712,7339978
638078,16782225
2056247,6880698
9257104,8187479
3614806,3896985
1473858,8870195
8628331,14776280
5279429,8231726
16755560,9336518
2873206,9217673
15007675,11431750
4339017,174686
457932,11369481
3089300,10062057
10416242,1418814
15221543,4379804
10035793,4756732
16715071,14355609
14407911,12045139
5900726,10676860
13264073,15568831
7691430,13140958
2332245,3151422
12696733,13077359
10253849,5224291
10731729,11025155
5676156,12633536
16424999,15862513
15123419,750790
2940680,11257216
6804727,11236304
2181425,14568053
9347830,12760631
1334444,705463
15938838,1347982
15257074,14737396
14580836,2756276
10433946,14134603
3643768,4276587
4538892,12273327
3451363,11160299
85307,7970538
15018464,14868353
5385297,2478001
287188,8077953
10043777,13321642
10322610,1006226
9036835,16770618
14338777,12862517
16740878,4356042
10785353,5882567
16050428,5847436
12780775,7026178
5693488,15982845
5989426,8224370
13953103,13902806
3046215,12032428
6718677,16397619
12461485,11580932
15155964,3130297
4645819,8237226
4665936,487903
1288098,2029720
11712299,11339855
15488270,8113326
8358480,15737269
6676234,3848968
10137518,10678804
15908318,6196768
3136192,7529165
14819739,16337734
14545477,9627303
2855626,12740842
11380282,14379043
13821181,12223096
16038029,2044727
16641847,12056863
6074904,13867281
12057112,14266574
8309025,11214398
11062898,394683
16085477,2467133
16167340,9380712
11430363,450619
6760799,12663350
978279,11091044
6810163,8410570
1547904,6918333
9707354,8535367
600782,12203131
1666077,16613297
14946740,14982787
12780032,15422346
6101015,13419748
4941082,3261679
12242149,3309499
2741290,7179494
472250,6837678
3767593,2815900
16193948,1514233
15964545,6946162
1927804,2814020
8472605,4070294
11745945,10392482
37545,13308215
12204957,15364539
16757029,3127149
13136976,9734529
4744883,4000987
6856587,3624269
6318236,4968418
14593390,1525643
15435490,11146692
2435631,11651875
2491129,4793261
13712277,15926650
14666328,2715587
3705646,13794323
6231627,12094963
760959,10247487
1844874,10914548
15570481,10394427
16527414,1289283
16021557,3406336
3560681,15418029
14666962,5435755
9753160,16445867
6985587,3384519
2692525,11164272
1058655,15652289
15609772,3877146
2400765,2112440
11594886,2958202
10723582,15534462
13827326,5319707
15386849,8519033
2608912,1973465
3785486,13142800
6887644,8728269
15522290,10356778
6398792,9676117
5797404,3254462
6680466,7266393
11934424,5209857
14902834,1439580
11390580,3866920
1953203,5603791
11887837,5491286
7263215,8669662
11978526,343288
16343387,14039169
5182951,1619727
2589430,3955540
14859924,4971149
7925864,1349643
9703046,3274345
1094011,78717
13127912,16552246
5604010,10588811
10046222,7785258
5029586,9971500
12801042,9161682
3557604,8717331
8336211,1162905
2934511,13190414
16131148,16168338
3165372,2273910
16087806,16161103
4254632,1849247
4560254,1401410
410923,10464926
7677880,11498546
12803437,10534037
1119328,5690489
13602349,1212166
13719922,12403540
4079065,8313305
3391252,5156239
5806571,2400904
2860079,6626162
6020883,321297
908772,7541369
912550,11738172
5278700,4177538
13161443,15341086
16750196,12570913
5417248,2093895
3336060,9423153
7143329,16006146
14343540,11546589
8686751,10087964
5789930,14289159
6009106,5325057
6333999,2403124
6323840,7619065
6247719,10964841
5486715,8616492
11290591,10504459
16279842,11271462
3650375,9453442
15863199,14732358
9277016,5990248
9529756,15766058
2478131,615222
6079249,13550370
6178366,8112795
67667,10808519
14444397,13991892
1323741,3518489
6929183,1093549
16411361,7048941
118510,4048567
12813357,16481798
607724,6407900
6662182,11377792
9884942,13899077
3893907,11206798
12736666,13623218
9765368,11645699
2618216,1226562
6613156,4810793
11585333,3905029
6057762,2102828
945354,2011122
2437849,6476954
6348860,13305074
6145590,8422867
11376982,5821221
11103839,13962849
12217190,7036430
6293304,6723032
5148069,14134056
6252703,3782024
1564107,221764
16041436,9951905
5986779,5541587
14265191,15970035
13433889,1550666
15088088,9416089
5325839,13177576
14634188,12331792
13008738,12488328
12709832,11813176
3733602,2984918
14966578,1874641
11501024,11863256
73445,10840394
15419704,1499506
1609277,3180188
1213670,8925168
1715144,2158966
10599999,7798685
16711723,15186496
4417158,12097165
8956173,4811956
3824131,13479492
15691387,2335273
16372344,8391192
8947856,6950943
9430783,13447037
10098345,12979971
12165521,13252494
13100362,7018779
860635,15225374
11891544,6461876
4735173,14020138
6233454,13871968
4675181,11206441
11917839,5625707
9064804,1543486
3929777,6795076
8022755,16110294
657692,2490574
9724179,12381029
4167182,14128356
4824835,8321012
1076903,12552392
15218752,2431342
10991826,7880015
16115876,13468262
10131894,4849318
5177284,12760099
2568295,10691477
13894466,12087129
12100347,14633969
9436957,4837179
2005962,13752225
7239310,15015408
4660147,6331304
5883972,4966447
11058631,12560342
2506667,9239471
9415150,3199454
6655483,2350414
8432349,6793759
7668914,13651382
6837460,6624879
5723327,9493582
13420829,6856986
2616227,14460420
6035447,12862494
2009495,250286
14488177,15572831
1078180,9094323
3799085,3544656
8863559,242618
14012961,9535939
16753923,6105469
6010457,318335
6287539,13183222
14405253,11394741
12478069,912983
7872358,10462583
3848447,6603567
4743958,8099799
11716500,10596269
6582364,711758
5466175,14985929
9917299,5044071
1231876,10381695
2757668,2992765
9430418,15320107
6175176,12855997
730292,7176282
12530849,2069066
10513221,1022338
11721397,6853785
2024972,14919941
11944901,1205779
2754764,13321940
11865661,14169910
13927840,11577900
5317933,5247143
3342231,9697417
2480964,9970958
16596883,8995007
10495226,16165100
2587466,6981828
3066609,16345028
15103935,4834512
12606287,4596125
12069540,13760608
8729152,4816056
2551125,9269357
12328418,16601451
8003683,6630385
7876514,1550135
8586305,15720578
5060379,6195537
6486304,9434864
15513231,3260648
12856534,16301315
16048193,12186040
5981311,2769064
3746172,3850156
9500373,13852047
12513949,8944416
14742682,9448715
6695426,5301236
805425,13968182
11571229,9984700
6015036,10153516
10358646,8925866
476635,15191808
7494622,1567954
12420591,225607
11283164,689437
1748173,11446089
5228567,10697512
4702302,3808957
7595014,11426501
8182388,10311735
5850957,3882089
12486917,11382135
10238285,12411223
12912127,10676863
186829,5765483
6716693,8869249
12502980,10258782
12547513,1185936
6121160,4128007
7012495,3079216
11384702,33540
10035946,4429579
15228836,9506993
16458721,8260322
6629970,4616063
5197397,4943599
5826649,5276997
4494559,11899372
9632649,3400728
9995770,16313136
5940449,1048873
9807849,15559391
11784709,14808681
5045385,16562234
15036862,2340295
15149771,7947953
984154,5270310
15048502,12310749
2355080,10245289
1768233,2896220
8261745,7768891
13783476,12459332
5361716,7905698
11417376,11190583
102960,9536425
2618048,3647055
491008,3200925
7406198,5271501
7007265,1737674
7277342,1185830
10336252,8572045
4103095,16661869
10335250,14657410
1548296,16191300
15452009,6820592
10532158,14852995
3802438,4572298
3146446,3376478
7093905,11257212
12190583,7324483
9727721,12262531
14666143,2008538
9858096,15229053
13472790,5114917
12672040,2768302
11613209,14891845
8468115,16606481
8342847,6241706
12508777,7574733
7961018,13965237
10555611,7699061
7819970,6274813
11229071,2207711
5067646,15794915
10184184,7265368
13272433,3053164
1932424,2481178
819981,7882267
9794119,14125335
8000058,13343550
13752800,8924710
16379086,7338207
9216459,3940334
2355416,2842350
3169801,13006902
14403971,6858019
1496646,10996249
15719586,5755217
14029095,1232703
5576336,8371202
4817876,12283877
767292,5510807
2545291,13067795
3186539,1476513
11546648,10320713
15797542,3606235
884020,4999644
6258418,935788
14393953,6883853
1166110,16331927
2705485,7241745
1189197,3560509
4268889,2073152
10412545,1902339
2428002,14599496
8755819,440896
7414979,2893957
13354416,2628173
5191895,12900369
14671626,3039187
2925117,6966509
5933311,13131603
625596,15235868
2267091,5703059
11325266,6260576
4711745,8881583
11560454,12550266
13642095,5272328
11722507,12462135
6756127,15452135
4026245,5893647
4119632,4070193
5580371,1239212
10697654,13484190
14633649,11370074
5888749,8785723
15113703,13125110
2928103,12335217
14859692,1968442
11805976,6395722
7131228,3221656
15064382,10449622
10948495,1010519
9010073,6400880
12729163,11287511
12260758,16443278
6980267,3942779
4832461,14273833
13789664,14773011
10967869,12526548
3552686,2272304
11921521,15986226
6165364,3155798
7151582,11917710
4107346,10098509
2955323,2113477
11982823,6078266
2531916,13315071
4824883,7037402
13819351,11712614
2475437,15496132
16771910,4025409
14675954,7702627
6853024,3307476
10414640,8921592
1687799,6346772
7339319,2155485
3890970,10179413
6146591,2457665
4816850,6146175
2266399,14517839
3508611,2589910
9653606,12036649
12463473,6708111
10415341,8313514
2576956,11902378
11649425,16252948
216944,14694608
8209085,6137233
14763833,6555368
13978979,757133
12218518,3727555
3752621,5044491
11046344,4110168
10078740,16544949
296337,13081482
11368323,11074536
12691803,7401512
9355847,1546437
9105897,3940323
13810062,689650
7449931,5072711
9507755,996794
12974967,6524215
16559189,9007947
591422,10431950
7116951,10330441
2628300,8539591
13189336,4823979
2977210,6105489
14892908,8855291
15709826,2826128
15539,11764574
9428509,11885241
7149053,438895
12212437,10573771
1057217,3960342
7673525,3790674
1266906,11993776
5549716,11023648
6817724,413394
7359407,9760868
11169692,656164
7560020,6671075
13099429,6558592
11565559,2997799
13921364,1492684
12654611,6802995
13962075,1973884
2552433,6552030
13669619,586121
14411882,2275776
4725920,9939770
13856697,11405854
5789647,12082508
5872471,8825332
12118016,8469669
12946060,2124715
5206819,7131802
15709007,2536155
10509916,9081738
528804,9843381
5560470,14804683
3274698,7644762
15057948,11408173
5398184,3466573
7273459,7747964
15543804,5833494
12301081,4028763
11374087,530258
13926610,14472945
10999255,8451568
7070651,2069967
8513825,4766832
3319645,1901745
2440780,11781359
14370026,3429563
1868236,9251286
5943102,9561145
15248428,6051194
8528437,6138974
15885769,13368684
7997868,5495631
4725010,15615292
13049201,1687879
14766664,1489084
2648409,14293459
11940289,8560243
4147046,8570720
3101814,9712251
16724151,12594519
3236183,11011923
14524487,12697037
2548323,9447964
10450498,1650875
11744967,16303278
12085167,10626290
15947612,15453282
6162559,7757534
280333,1183602
12154579,6017768
4209304,11500019
15217146,7550976
10036555,3845369
634493,5284195
10748610,7491341
5950841,2322578
7381245,11887341
15869568,11356914
543698,15899863
1943429,9646606
1675170,4311853
7951558,6092937
11545405,3812963
3846953,8308323
1883772,16155274
9887652,1227724
5221122,1016262
14605083,14156425
5240391,5176918
12977503,16078893
14239767,8080600
13573200,11550695
11034002,11991367
9732562,9400960
1889680,584933
2936240,1673521
443792,10469907
14045545,2902527
1315376,6352435
273062,4285785
13324917,13157522
13967146,6974009
14287583,11178531
4305580,7833251
7462366,11455579
3771812,9598537
437263,6650410
6559013,395678
13899167,5874088
12822033,16641589
14382710,12997472
2979759,1231749
15040492,15725429
168603,3062729
6850373,9547992
4767246,12723064
3901934,7629590
10646106,11783931
3771717,6751457
2954511,15271354
15742979,6581477
670333,2665272
14356102,3423092
8267461,13253953
13374880,2434490
16289395,6312792
8025418,5616048
4494854,3063283
3107989,15486761
3737767,3617433
13736519,2338505
10882641,3272461
11115051,657145
16393888,5544923
89084,3205528
3379999,6833773
10649157,15897101
459041,10023298
14727573,871985
15139473,3387268
7325792,13785264
7348714,8577824
4520267,15015106
9583325,2988723
6497249,10910536
3588136,5467850
12710920,12372402
6950606,9143824
14060009,2298408
5023581,11680115
12393642,16009963
13691347,7103887
4417657,13684065
7795292,11758882
5838606,8410058
6218345,2724821
5583279,10976618
10228557,8489812
4884993,12519857
14520868,5961768
279084,8617209
14061132,16651622
2562532,2858997
4069973,16407256
5276920,1447653
4950192,1339863
5118577,3813931
13491254,588922
14244775,11968115
779505,6145121
10108834,11253674
10377934,16364484
12567319,11565361
11294755,16225325
1726124,1842667
13501562,11796793
10054503,14212161
6054292,7886227
10077763,11532298
3446776,6138871
3092016,10922752
1882121,11336692
16451013,4596609
5143293,16102203
1287386,2822144
12368023,3693572
8069550,12698736
10571642,5659262
3135205,16245740
5835713,16069588
15461841,5410980
9569945,6859407
10692012,3776214
12872638,4993291
942716,7778200
10444079,11049610
8183079,6494084
3030088,4354875
15035092,4119593
14869550,4503273
7741875,9672942
12021881,10715095
2053258,9915259
4451926,6013740
3378745,6533694
5097124,10243503
9513316,16531822
426465,37536
10784912,12134813
2816493,7567359
1019980,13203764
3982060,6857941
9658940,6752400
451633,2914283
336036,861781
1243845,6299321
3039221,15791448
4181390,9026083
11480798,5461604
14781273,7895511
223356,7360917
1733513,15191819
1923580,10741718
1128744,8424290
15432908,3455784
13665389,6846847
4040007,7156912
5963565,14607147
5965046,2030383
8520390,6623168
6053357,9888162
15148838,6178523
6684244,2438583
4302621,7689311
1005340,11105186
283839,12537354
10771545,11479221
5702897,8305758
12944006,16449154
1707746,4264730
15562420,15756747
7847017,4033537
4355658,9324629
10433468,15673006
13126302,15567260
7028392,3010580
3544075,12382031
8216201,8064520
10173596,998326
14423780,3136563
4565782,5895744
16713086,13392202
15542520,3071877
8287511,13552866
10601151,16567037
4327051,1525746
16706864,8187620
5426917,11042899
7288402,13345791
16420581,16771933
14608908,16064449
11739300,7968912
235510,4820304
12150316,4607743
6233855,4022886
10505073,1315257
15390092,12034125
11042158,15787757
9044580,16223087
7862182,279846
1154629,4917246
6652066,12100239
16536033,14716545
4203012,14449713
9917236,14650201
3126694,411076
10523535,7323489
13205616,9081598
4129504,2060201
15234264,16194307
2818132,14245166
4290392,10802305
13429843,15976855
15597608,8731378
12810747,14931206
9485305,12988843
16427732,15343804
14066526,13407405
770245,6236159
8904006,8038892
16291133,8390255
16541213,6470440
11690625,16712352
14036591,9028890
10395324,845480
14246471,11221604
14570040,12456471
804091,2003933
12463847,3122795
6074557,846928
9110091,3238333
8657040,8666416
5503792,11260641
699871,1808438
9542376,11198006
10105265,9825093
16789226,542615
5258125,11183013
1113426,2885964
6781486,13241049
11736810,14703974
10279281,12861723
13248246,15917508
6616098,8899643
12167919,13152695
11867797,15068765
7821974,13042696
1398078,11340558
12277320,16432251
12948101,9078069
6367934,5016526
15590938,12359458
11626726,2694551
8187579,4702338
12963769,7987315
4927111,1839766
2077583,9396770
9367534,6605416
270839,4439526
11131616,15618212
11092806,15196666
11637514,4993684
15346055,8283924
15108238,3269938
2659753,4896789
11057132,13339780
828647,14967717
6726208,2644293
5077169,9594976
929250,13082383
12145713,14346341
14549945,14004674
10161704,15893107
2030155,4085846
16630333,9467244
9792312,9150950
3122015,15664823
15666996,210379
11637405,15293287
14463928,3061844
10713185,9409032
6003057,16706044
11123087,4691934
4262225,6630628
11431692,9390671
4286801,8058468
15240770,1316922
11853467,11804335
657322,4343864
15873881,11615183
2883712,5084201
8895567,2085271
4506456,1750848
13598881,13972513
4739823,15979142
9035457,8531188
10457137,4794936
15067705,5592763
15297863,3907321
14768077,10437787
13974536,8832070
1262552,15511947
3327607,5404810
15966568,16691301
4182081,7769116
13737009,16431274
9292517,14953015
9418076,3134780
11127174,16634886
8926987,12950122
12376690,8175606
1850044,2342577
11789034,9090208
12440396,3970616
6359067,16055260
5913717,15068732
13664533,10243776
16721260,1437797
2965661,8942376
16228437,1399382
13217682,16277539
6671880,11667888
5152695,9332632
12945045,3541233
8576750,2694048
704000,11945498
6650009,4328254
9135243,10264064
2621545,13104216
3654163,11628092
10416705,8197730
11499111,3458339
1608094,14469393
13432912,4062504
11514030,9366988
4097144,11883182
12829900,7157979
13556840,5882716
9760133,15372379
11822591,14713821
1544887,10737377
9196507,1625466
6517123,5463210
6725225,8501468
15045053,5096481
9939684,9270388
13136638,1761116
10972571,16005249
1305250,6086404
5592691,8341390
2457820,6226854
3596920,7834886
16296908,9957584
12886774,11622218
5557294,9024831
5395613,9573527
196211,8658683
10548215,4709933
516407,12738784
15490746,7371033
2137433,6345765
3506758,14396896
9488316,3053568
9815598,7814722
853940,313861
15729312,13348837
5226397,9568954
6065619,2550013
11974017,1055393
15648697,9001181
11507045,10394629
9761563,6969523
6894367,4787085
6079506,14810158
3204491,3930074
14019783,3717571
9225256,12946155
14495141,15064432
16574925,4471627
16163013,4843128
6290795,6008335
8823039,4305522
4975880,13939582
6554020,11613573
16514313,8190262
11975961,9545895
12945065,4506086
9395225,5927694
16236411,424070
3535589,15027756
13896868,7011393
8133546,12948854
5008149,16227551
15142949,15443567
764259,13062086
14843273,3986388
14241371,13508411
10690173,16375953
7082392,15119417
14993258,450621
13632373,14578820
6324763,818166
2906862,8257717
12280122,7579875
5961306,13922893
12272886,12288633
988820,8951742
15489199,3148026
1266250,3974787
3325769,13759496
15795594,15513622
16097675,87454
5665731,3197400
6358183,39026
13922927,5747128
11340499,16484178
14362196,4463014
1289699,5714556
6829471,11997952
328918,11528004
8576378,1608410
9975832,2673534
8488913,10005899
6790414,14559487
8672212,7453558
9527250,14086617
10428188,3371075
6356870,7400109
6280782,11806861
10421660,14199037
8383118,16112016
14448212,360875
276377,9570773
16738636,13084777
9556418,2046752
11390381,3414762
11433348,14500466
946449,3005147
6057782,2492688
16735474,1388918
4227044,2497300
15070914,4718758
1434053,5501329
4749459,15672145
339321,1198491
10614520,12857344
11446548,13644444
16244601,9393608
7668307,10706122
306112,2726754
12951207,675892
4174700,7458597
16676694,12131754
11666297,4165492
12292675,1147168
13832780,6185131
1630285,14199687
8148726,6523567
3736158,14293266
7208609,5910543
3263691,9265445
2463334,1344009
16574546,5706965
5746878,4887708
10136258,2199567
16748391,8480686
10929823,11337699
8629884,3151443
6501341,5295640
4661995,8732817
12300796,101316
15778139,13457966
15905745,9883065
5018248,11128315
8494100,2373646
15315659,8896961
5997610,16671029
13291293,4890266
5862110,12429289
7744078,7077511
8395586,6951739
309947,2612001
4657102,15411562
14881887,9502349
301773,7968978
13938084,15801296
1727323,6544095
72366,4592665
2117094,1726918
13130502,10888827
5986092,8919555
3146746,4538103
15537140,1288704
15655982,6553543
16659978,10329788
13422829,4081790
1085898,1022155
4883718,11933036
10058086,10405581
5483200,10648134
820637,7006544
5356876,13932602
4836944,15502737
10575988,9711383
11504729,11856136
13692098,10157425
12840285,13535265
8550441,10486747
10798884,9377259
6001316,267671
3755445,6266646
14118650,1504315
6823765,12255922
9680599,4104009
14517661,12661582
3977961,4296923
9489861,16620445
16436339,13195463
12293450,5316469
11148655,1634776
4039439,7400165
14966418,12444991
15878938,2421078
15167909,8317910
6841824,13736362
15723821,13082025
10244471,11826461
553674,1846260
2783029,13855486
175722,417801
13911824,15584884
9545565,15633229
16543105,7234984
10500579,10784402
6712638,1681429
2408128,3153346
10668831,4722543
3576163,14670107
7592552,1734085
1191071,6336976
12701148,111792
3821542,3593822
13693520,424278
9875545,13465083
4055211,2146959
4687952,2272232
6822828,14360776
14758159,8461158
5263854,2629788
2359221,16782319
10972432,13927564
7547314,7665126
7929960,16083078
85232,16328017
14065308,15644181
7267512,6329775
250684,4272671
15861354,10904324
11968550,1040553
8358164,9218726
4963013,12945659
11749712,15777649
12614449,886375
5326373,8342426
4510136,15242309
8037681,11321970
5727119,526796
2186613,12996359
2803675,15865010
14525435,15461921
2851062,582649
4917963,1093760
15135451,14676503
13150205,1072779
7599694,8329403
14919732,15712923
1525981,15254239
14575111,6158839
1833340,5300039
4772097,5519594
8413490,14175190
3976866,859066
8128865,5854839
4447822,9847360
12951708,9894225
15135784,10070351
6829711,12729825
3821042,6052357
3680363,2995155
397605,3587482
6179971,2673699
15427293,8752131
6454726,12057369
7179945,10326150
15469350,11029758
94402,3218548
15685740,4635870
11553350,13093178
12305631,3304989
5713615,15740459
10735831,5066848
14611350,3560169
8730506,13171052
14039123,15667033
14483926,14330572
9463541,15028388
13240698,9081670
13216494,1612910
13913821,10355938
504368,6518636
10643609,6678108
9756617,5746242
5671627,6068688
9563346,3559544
11967560,12161240
15570292,3090220
16456529,1786249
15535650,15950778
15797318,1325770
13752840,8705729
14456735,12553529
9376814,4572603
3653447,2563426
7476242,14339889
16346408,15888391
12471136,5358352
14675940,9944833
4004252,12153381
7467751,6950826
1950595,876648
14115394,14663644
9399589,5844614
7687730,12988734
7954140,13339758
14448950,1285784
831979,13284572
12150480,8868896
7460993,3749189
4529945,12562812
1709529,10976217
14130496,2635398
8913147,11126028
2921510,15013778
8203586,12602728
12690340,12695486
9686601,6732386
5685860,4865581
2981349,13097001
410431,7566821
11863122,3795144
5659472,7501185
16669592,2465729
6516818,15940576
13205635,9379299
14258585,12102163
8876606,10902249
16694168,5009663
15407551,12217539
11495318,5465225
11549633,316551
15719590,2824248
8430679,3497463
15251435,13284773
371071,6416461
9148220,306350
16404511,15449232
3657420,15803629
7384673,12079781
9561090,390788
14781776,13265059
11135408,7233040
5976325,5983740
11892355,7659422
6281005,6548714
8223085,1482867
8392212,14561055
12059165,1936987
7435456,4749352
2564198,14967550
10123997,10363721
9756792,13426664
9579501,989956
9966644,11549455
8857557,13139902
3135709,12725136
8093316,6781648
16675491,4655940
9900758,8641658
13178776,5644076
13978133,10559620
3749525,3310880
897168,10927616
13977947,4035944
2561889,10701216
2130291,10108444
8347307,15221244
9704207,15861647
1124350,6817257
5061333,1105394
2437126,8477250
15659107,13616585
5818808,3366465
15925592,6633042
1360277,6626672
6779199,5766919
7620135,11929023
5050849,4044623
4910427,16336250
1037167,14943645
10610251,1906816
12031193,14656577
11184521,10321529
381875,15554845
4461117,6026912
3394084,12462882
12422853,15061041
9557231,10833719
2264510,2348697
7725250,765808
9353719,11472481
11859635,3626750
1028902,1675882
7421651,15125703
973865,11977050
15708071,4490224
13107418,14197492
6593881,3625034
1232408,8940434
12424746,11749658
8710341,7601422
9851110,9089142
10508586,565119
16763913,13634007
9393000,4392003
13434334,239008
880219,4593795
8734895,8533099
212319,6764037
10480156,14356882
11678198,1568349
12726991,3198980
282907,16524020
4078091,9204451
9022923,7741639
11215133,4487685
8898094,6153357
16794785,12830865
6120267,7480936
6630405,15933247
6203252,12084234
7373595,3008035
8211068,10951901
1791306,3717588
1016104,5632216
1882251,15472344
5747046,6355093
11247935,9825314
13529701,16554214
5659959,1044162
4629054,4201074
6736836,2999393
11026477,14612997
205667,1103800
13014349,14041186
4476877,11448217
8639623,7533097
6718543,6386104
3285574,16460877
5293883,1138737
14404737,2668108
9739623,1138546
8813247,2459555
324239,10901978
8459361,10205219
407590,4714866
4598754,8524760
4565146,13933036
8388343,3016838
7785874,9289713
816669,15353387
4338933,16484684
5089131,15225950
14277332,8112030
11451519,3072585
692617,9392215
14713071,12392651
14862621,16211333
7536186,5068536
13680112,5393491
15808028,1104369
9915054,7247317
5037209,703928
14595225,3142108
6644483,6431855
3437480,11676672
14966525,14542319
13300448,5740459
3522313,6394037
9962939,5046742
15148130,8942790
11874178,164702
11295843,1792930
2648642,15466311
4009067,8631513
5161147,5834242
12306897,6958195
15122167,6247896
16724628,5647521
15231697,7500562
9319318,5235821
1090251,7443254
5431300,12419152
9887093,6026225
15019420,14006850
7910503,744055
2983995,9756876
8569805,6834670
6180305,11661962
5630153,15026614
5870609,8135351
5801830,11853144
14731455,16321255
5297906,12744041
3453539,7573616
11188723,6106278
7424348,1677877
2321992,3144491
10673238,8327697
14700480,10196469
15824901,13409744
15936580,556787
13659574,5979683
5360142,6963626
4618162,13026034
3292882,8132603
13870946,12196415
9501385,5405157
4843224,1446361
12613079,7005813
5410685,5388980
4404030,7998184
9385030,6107916
11181163,12299253
6139096,9944514
8654282,787134
6425040,11294058
4420208,5802470
14721120,9338468
3365831,13322860
3713730,5220035
649418,14982701
3274667,9212304
3883580,6520631
11048134,9218314
2062787,11848062
15569147,2033401
16342495,7015577
13432141,8523177
8675947,4512811
7550695,6669437
10853630,3791056
6602155,6214125
7859347,5723882
13859913,7180983
1833875,10900105
10241412,14244308
7750647,9879364
13461897,10245723
11857883,5229176
6658520,305085
3004474,5765577
1180448,9168949
14101047,4278416
11093637,14392015
15866143,1989686
15669931,9179586
12669621,1186730
16316268,5424469
1762397,4393539
6125932,2542580
10658316,9493180
15722734,10369755
881081,10409967
8992737,1821542
9223862,3123821
2568533,9997228
12784718,376224
12263221,9106296
8038628,2666937
7727879,10693236
3489064,13276586
9282244,1892028
11492558,6369812
13850127,16315569
596692,14003326
4202613,16225436
12970500,11700165
3450287,1406994
10725052,8370150
14881682,15764688
4079954,3775100
5894420,4121263
15560651,12211906
8306711,3103542
12064700,14292169
13158592,11053196
6082377,11361400
12780254,11514135
8951557,1881807
11294247,11654723
15521745,9575874
5535443,7395438
9572015,11181583
11482738,7445201
7977543,16404176
14089848,4867506
10820339,13649697
12722288,6389665
3871634,6472526
10970356,15455922
4392718,2327019
8954005,16059499
13973480,15163219
1080972,5872654
725217,10519128
12709866,6230529
6925145,15406854
16384678,7409122
13604600,15588408
16175657,7910017
3046981,16538118
11443981,15261305
5999194,15150103
1407361,5046416
6478173,1549630
12041658,14723179
8035263,563194
6704660,12574234
6904492,1866044
3538893,12472564
14615177,5624815
6729097,6693629
12188096,11262746
499994,9461476
4303745,2643984
8259783,11274083
3494941,2953433
15946599,10085707
3000361,4246283
13409111,16122260
1554285,13070693
12671091,11555256
16261608,13509366
2228234,15369044
5190907,14376423
2200386,75605
9299901,13571841
13807792,5794892
10218913,8177294
2066751,10172629
8802273,13539392
13322862,6617400
4400527,3489183
1740322,6171288
6666964,5063587
8513880,7850418
6623064,3665219
10764567,11401414
16288548,6542444
9857281,7742267
5422116,6966491
5970436,624187
12719297,8248029
6529906,10929192
4755733,1373118
10148613,11220327
9511769,8532116
12641330,5213749
7761007,8033593
7535464,13463347
2637155,10268637
12602597,10243994
11681494,6583573
6071412,12355503
14084430,10446789
5494970,9365387
14208961,14388864
7922272,15271544
1264710,7399465
5188809,13217930
5119636,575070
10221344,5561634
10021112,9917323
13696199,449444
8866473,7310009
9614698,14365645
10303695,4838348
15584594,6774947
10076400,12431404
2857520,11290793
10833432,12719651
15050214,8181169
2665354,10387651
3863011,8953075
15948716,11868878
1342793,7448104
6490492,4756079
10097116,1267588
8185941,568265
2880046,8713631
1996155,6939803
4033979,13118796
6732148,5784831
14378835,14505441
10075567,14725746
2608109,12496381
6762246,5738950
6550540,12736360
4824651,1051733
6504765,5798443
4571485,7936150
4674328,7909400
16496177,11802175
6008400,2626585
2161312,14095038
8818490,7636775
1834524,9917137
16565486,14364097
2479323,14476744
267560,7553401
7572680,5371588
15456255,3076879
12964091,16442973
14928293,10056937
9323718,6184897
168049,7026626
7269414,308834
9477512,11024730
2693349,12558789
14183196,11395377
15668950,6546744
2215254,3651245
11251201,11605716
9891577,271669
11094975,15583696
1855788,3670591
7704853,16467299
11722299,10680970
6786638,14370044
866747,11346022
10076842,11155070
2377240,1078205
15916915,8179053
4093287,10171437
4160695,3499536
8572561,11921332
6710299,4983112
6724163,12297131
7236199,13950192
15562119,5930556
16255737,12827297
6682872,1843335
8955804,771134
437326,13729554
7568201,80349
16308339,5241272
309544,12687969
16501706,12161693
8962660,7120924
15484749,14492821
9277974,356
3707549,6501045
10980917,5508177
15434352,5613719
3361157,7211281
10531412,15860100
6413305,11380536
3357237,758635
12003391,2925460
16754463,11035058
10027921,10782283
12006575,16110799
2429782,16275031
4082671,5309601
13999123,4422811
14563036,10813387
1535998,12878923
14103366,10516658
12759402,5273976
5634619,13126155
12965112,15498688
10284066,5987360
14742755,11120248
2008341,9295514
6574354,12174985
9481178,5478509
14992563,7348244
687701,9666998
4414571,12771696
7364606,14860194
10907408,13325352
1064366,10047753
14645361,8863840
14216277,5128904
142430,11134331
6411774,5192396
13360846,244476
3511502,10077689
6000391,4433215
11056267,16193755
9749797,15943108
5480114,6406096
7751562,16314427
16096453,4784022
1938761,10862131
7967668,16426335
5712615,7424142
4988918,7551263
11099207,7794906
7169867,5243270
16609145,3191776
4493704,962652
4920999,3158012
10362048,1535414
1147799,15619032
12105960,4285459
4303056,3689717
13729237,10970162
5363746,7149272
12669855,4278291
6555491,7288698
7178066,10598631
8789178,7756421
15781838,6819914
6135854,9453721
10973912,7885716
7014310,6396863
4015058,11793671
2370250,10805692
6135905,16729939
16427660,7869401
1603653,3013661
10285675,1687987
14674816,5660250
575839,4690885
2804273,10186236
11346417,5107328
5566530,8390066
8368581,9483574
3330119,12578327
10451267,2827077
1754745,5175134
7332508,15982020
10593451,9363198
13517285,7053252
767779,8216739
5005271,1474278
954046,15210888
2509192,15468770
9018625,6051743
5454537,7995041
6745874,952814
2809850,828735
6757377,14097184
153215,16343256
16698608,12041615
15428860,8502763
10073540,16449413
3650351,13223217
7990809,859518
3684724,13578737
6873184,12633224
2968497,12847890
14059181,634996
3764116,14055485
14853739,13827706
14690337,13928495
3122157,2907903
13930170,15208
6014088,11289216
1015702,3696219
15877861,5759691
13737671,1250263
14069184,7339340
3701072,1122210
1097024,9130474
7194298,11559082
7125196,2587454
1763651,5654049
135522,4664173
2292295,4323541
11806500,5608209
3858455,6650806
11312631,775309
8165073,688381
1051359,10463367
7526178,2589012
1358329,8808878
5625304,13811785
501735,2480925
1067193,5429962
6611113,7669467
6378845,1561980
14965922,6884037
16364095,8644121
14976496,11844974
2357851,13634804
14399112,16465828
11778487,12847205
15499640,2975485
7407719,6266600
15709124,8709479
4195624,831003
7482994,12989025
13618731,1944099
16381555,7874508
14366961,4216690
13745270,14902459
2616123,10558166
5030819,2149367
9448029,14319462
1306925,16341336
11340790,14910909
14509159,882287
10790626,7556542
3021417,11937225
13157879,12515041
8559920,4012012
10325166,10949494
11916731,14180458
9916222,380235
14835002,16505577
15374637,7115265
13497427,912847
2458349,12637540
4434662,6703959
8199760,13367915
3061202,6404844
490076,14804637
10891369,2059562
1627041,2124354
260411,4915775
5219349,16143946
6131504,9755750
3051889,306189
497693,16179544
2634367,14032707
8652112,9225894
8731554,11453696
12324054,153638
7213464,8007790
745135,15752531
7416346,16044164
5346109,7712288
1671688,7566043
8602461,5634828
14206537,7620450
12080085,13993166
15730368,1494969
11864071,11358702
14030017,2168537
12782623,7768409
313021,15020834
11004560,5811327
9356801,704611
4436626,5945452
16492513,3256888
6163803,231225
4515730,12792301
14963682,9788576
1427379,16190754
2800115,3035697
3528017,1827506
598042,2873022
6253092,9700347
11016753,9227017
11759300,15995051
12250518,8735331
15886507,539637
8725752,13393570
9586385,8023074
5938473,11669242
13943985,1406613
6666702,16469211
10789861,4924837
8134918,4733066
5522070,7241957
12299329,2966535
7639838,3867699
737921,12205165
9589651,6249152
3326574,12534998
7212770,9959334
3571243,8899488
12486598,2308933
117275,11978875
34141,10825122
7998983,8978427
4710208,5339673
6866494,4730352
10257988,13514775
16375476,8423092
4516916,3174323
7671472,1039395
10446626,12738804
10398630,9595639
252448,2774350
8560315,7650500
15009483,1607469
11756579,14145529
6403410,4718359
12522341,13906403
14289248,1114786
3013637,2147273
8760893,13427887
14422929,5640894
10831094,4937994
15800919,3214224
3706525,14647272
6506533,15943011
13321550,8357942
7721101,10477920
8907448,2989712
1334203,11788919
4105303,13419728
12222421,11748435
15621183,12625760
6531420,12154486
9092823,4276722
14994237,15808911
2919044,13166584
12110800,11450710
15670166,9261980
4030983,2908279
15801706,1871342
11855340,1699422
11060067,10489442
4359509,211852
4180310,2192180
8973620,4896588
16629200,12177654
16701585,9303792
2670007,10293423
9539716,9295834
4181849,3532715
4329710,11620480
7714028,7003784
1669141,3878765
7868436,5816825
4958702,10076847
5577177,5683889
3529572,10776725
15493226,3735833
4219736,13217530
7760634,5368662
6057832,11528872
10914099,4896127
866520,11320342
2655059,9494840
1154225,10513329
6102851,8249519
14405556,4116044
10012923,7043756
8823841,15370157
12325549,2695603
16408101,7745378
5342090,4553087
9432493,8519441
16452009,5831666
4159711,13995552
4281086,7248082
513779,8741719
268401,351445
14211569,16047300
1913796,16015443
132602,6906964
3252174,10492700
6950033,12948335
3118980,7078023
4179320,7945295
10837397,5100996
13138745,13721159
11994687,7229905
3015820,9070905
7826735,11238429
7853582,9160741
16207626,13923965
3914277,8980680
11668204,642588
14980778,155826
15705035,10071466
14854760,12610538
5512960,10532869
16272116,3578257
4552721,7897996
1546083,15914846
820314,9365341
1581473,13550511
16741649,10520456
10044640,12130083
4970826,7375451
14299549,11567814
3473281,877412
7038263,5660174
11825481,4909529
6774824,13861948
4735144,15185112
7013110,6479577
11613909,11146380
9839007,119663
7177561,4468700
2403640,10492534
12412394,16439880
16490485,4664738
6247365,16200388
2932416,3892847
10624441,9171046
314229,1907958
1555338,13001051
4317047,8341854
2306924,15049255
12618436,24415
3819859,5908302
3856282,1987636
3587860,3380394
6017470,11874787
14558311,2737716
13898391,10750390
14419871,16439432
14328566,16151620
6387358,737341
12044602,4583221
14877782,13652615
9826251,14461344
6289440,1303146
14810188,15158528
3000538,2028447
8907316,10798609
10851180,11291954
14708378,1498528
5703111,11294017
9156849,898616
7163134,5227121
6377727,9808454
13652583,16536080
2596820,4409273
16014120,12264882
10324187,13336666
11321240,11024699
3755623,5613132
9230140,7024477
5446254,5711948
5810218,8127007
2997749,2493314
11091345,12119460
9240502,14390123
6843891,429360
537299,9571019
2811991,8736328
16343071,9666674
9770150,11407076
11347231,5363108
1335667,5433094
9298451,8346250
1849456,12518075
9899673,7674530
11991794,6767025
2533774,3898554
10007141,11753223
16123945,11176392
6190331,15518938
7993398,990332
14231684,2643784
7122400,13446514
12740902,4567604
4575757,6664906
5310063,4893632
10941713,692663
13846270,1790185
14281560,9178686
7477221,1963566
15083166,8212045
7247036,7989950
6844962,9766090
5210790,2318411
5819098,1455835
8976799,16638382
8524908,3687886
4126995,11676533
6034690,4468098
15035630,7004116
1474112,13145481
3302986,12747354
9484209,16600870
9731906,10336885
15916468,12490894
10412421,12444046
7449578,11342082
12412863,10309499
5688439,13231927
13308649,2643978
11050540,8796743
2064280,10119030
1960238,6795264
1578624,4137539
1156234,9558907
10043287,1711065
9113789,11253855
6866022,7764071
8667549,14319971
14613957,9736872
11599213,2048155
6779084,8578453
9933281,6240305
9976093,4507137
16611032,15993542
9954168,14670349
15084160,13874300
15269375,6807441
1528437,16632560
10094114,15505092
12967647,2225089
12294274,7789977
14694879,16474945
4312242,13051210
840487,15314842
14417872,4122120
4705548,9429405
10274435,7926332
5121828,11060629
3029558,7042275
650122,8627795
13848241,7610474
8711596,5534818
10955061,11513034
8898126,6257993
78641,6670794
5092043,2600610
13402467,14787657
14135679,8800959
6720277,6416508
15873158,15493512
6528066,1794567
8912047,2947402
12637791,3959679
448044,16071642
9802837,4134520
9750585,4895329
7889550,5638828
501967,4337114
1371935,13629612
15578726,1068393
7754448,4053786
13797903,11018730
16047498,6754130
2132860,6775116
6281990,1829051
13071579,5695794
5402130,434250
6570222,1334858
1108826,305749
14619060,13159963
14511385,23097
11355019,10678881
15955316,16525741
7765387,980511
4153386,14566752
7506051,5008822
2930844,5123556
7071605,9802556
4736571,16289626
16619149,7012619
8537715,8716291
13555969,15171186
3948684,6571657
15675205,4640694
6326596,3773379
7293517,42606
3467075,6330963
4638152,11618213
13136198,5646424
10736629,5244426
9903732,12188794
14609694,9678541
5493628,4436563
11079841,14155764
1957851,5410949
542503,1297417
8021760,4480262
9808500,11593178
8624087,7593450
2278347,4595553
9897088,16338429
9488110,6238223
9542491,16457895
15899775,14012718
10364646,4543450
3659440,14629340
4140937,2016347
11296340,9310948
5987594,2705926
7272672,6046244
1577416,15719772
14513711,14809986
11542966,10226033
9636716,8460354
5879546,11102892
1843999,11453095
1218217,14337785
14944446,15191239
6092414,11183597
10777938,376984
15937587,8963531
9956631,12514040
7950091,11894762
7775947,12664348
1392286,1991086
3639389,11564404
2688567,1881196
16571365,4763780
3923009,1786515
13248925,3701000
11263832,6851834
10046265,6604827
1501878,3576831
11323148,10214254
4798612,6012478
9354891,9163735
12208133,4008943
15998000,12362486
12267035,1907120
13969728,13778962
13380766,14233985
15678462,8827912
4627730,14393279
15869353,16745885
2617310,7040095
14941585,9138426
12482623,5323629
12273522,6858513
7601481,269738
8116027,3296099
14046225,6510641
5694406,8973820
14263236,9859638
9572098,13188324
16081090,10253333
14930078,8309225
6354417,11771559
5801043,3669308
11711354,11617766
3014473,2301455
7847863,801730
10794894,11985737
5290993,7798538
15205199,4995492
8714054,5349020
2547252,7123983
1979860,4488769
9919146,1367938
7489004,4048772
7236954,2828076
10630680,12167766
4360927,16557810
4058889,14511617
6135052,3056206
6608154,69370
12317515,2453648
9134357,13784429
418697,9367789
1651327,3556244
10746520,2283409
14785716,361944
15456092,7339596
8775578,4386056
15633745,12861432
2052291,4858494
10452798,5194858
5193749,8721371
11331204,16038605
15597517,3230525
3874369,596544
14660540,7532480
11358298,2254673
8127910,11028234
4980652,12575540
2670464,16083978
2650452,3627070
16356797,13764166
11480807,638596
6025752,9634534
4888757,1469150
824352,4822741
16108373,15935100
15500826,11548255
179698,6850406
13913235,16788156
12227476,10605884
13914873,11561878
9804131,10657645
1957136,10960357
8095229,3863874
8721893,10715801
679780,9706478
1947813,14156190
9233539,16014980
12375982,3933063
1250595,7105422
9820832,16261262
15185560,2528565
1186554,10782537
1317449,9305139
10436780,2342383
12709375,737135
14525151,7981668
400411,12506250
14701779,9133786
6904864,13517762
12008879,5923980
5024181,1990570
15604390,1162907
10699935,4320541
2127443,5196200
548735,11726214
2599176,12929274
12802967,3203782
11672597,9674165
15653378,7069838
1757794,13635342
13225444,5724850
8545356,4119020
5229899,8197033
1687142,15828493
6225613,3975711
4654289,15862665
7866187,7987837
10940132,12909447
3756662,6787695
3765203,16399028
7293081,7797127
9163374,10133028
13210410,15773992
5622424,5103549
13045234,7947501
1928710,7231207
15448501,12945336
16541187,121255
9810800,14521571
16671193,6870130
13791676,13841716
6556064,1631221
14560319,2913853
14961992,8348373
8488862,1450585
15994618,2642372
11351652,4884429
5935766,2797124
10466936,11584013
16738446,9429639
15641252,6862829
20809,5742701
6106619,6284207
13151264,4942553
8244973,12698255
9807049,13282580
16607919,16614910
11974350,3887959
10858130,12747116
6638784,1206643
9107516,13212548
1365169,12089433
14959790,6701163
10214897,4851369
4418506,10174118
4017463,14923180
14772617,2238888
9973633,1691337
14119286,5313060
7566255,431294
14743573,12808502
14875994,1872568
3923187,11318884
5556771,15239820
6315312,16484026
10618702,12295508
13614220,6122446
2991251,5264225
7765238,3281525
9819418,10582479
1675533,10036881
14622396,14536336
6264209,6109523
8278982,14894011
9072100,7167413
1799400,15143919
2073859,6074049
12053419,8583282
12388577,12247485
3513872,8817833
3352018,14059635
10354215,7877949
518642,16722487
5544472,3840567
12193466,5349936
15937327,546137
6056398,8350376
12099790,5037251
5233555,4099826
15193016,10668418
15774227,14252429
1731553,11393316
15495176,11068801
7961988,2406905
4636193,1915939
1991718,5805546
4350121,10848967
5269710,393567
12238868,7454477
2251674,16695431
7660074,16320216
3488361,145377
11600914,7634723
13259847,107274
8388333,6103581
5097081,4367436
15338027,4635515
1885575,7963400
871374,6567071
1696056,11999992
2221346,1253674
6762884,9720820
10608428,10424294
10060468,4905009
937427,11148345
2241350,13878941
14578637,7628832
9331151,9342134
92798,3031377
12258449,7373542
11835982,11301621
6969735,7074916
13537809,2059181
9900258,5918673
5411453,1240911
11473401,5625330
16348424,10737801
16347348,1333745
6226996,364187
3048719,9920104
14821978,3315078
16662581,2833555
8015758,1960998
12959502,9532144
3019314,13743078
4797040,14111655
14340675,15287657
7082311,11243217
11211132,9984092
10782745,16703092
2272772,3335621
2110076,9835807
1829910,14585923
15090487,3864451
3429548,12133326
2691513,10967649
5598643,13230517
8756638,9200359
2772597,11859749
6149483,15826393
14241750,12107112
7261486,15838307
14180691,6544799
4759235,1010122
1274483,4415579
2109631,14171073
5128100,6347641
14780066,16675725
4500960,13884745
7571891,9359912
7060089,6381262
16223642,452371
8605556,14015517
2229210,13914885
11516581,931559
12934382,1522087
10625874,2641168
9228965,5490750
4644325,13048415
16045414,12872360
5955376,3951246
16575434,6048587
3526707,3801031
5977920,9386379
2599333,8455586
7358375,12338396
2684667,9534729
9266599,544992
6965012,11632635
6167404,9526152
10597741,1242158
10291707,6298679
10561615,7896412
9672903,11103323
5146822,6982904
670570,13627965
4022419,5326271
7981132,6493879
14423999,6059386
282942,6558016
13541425,16304868
9411270,15326131
13842078,5546971
5340455,6665154
4191512,10450274
14008602,7583086
3264408,8233545
7106123,4375238
6649650,5521505
12749964,8577876
16216790,4162147
5757414,3802752
3722971,4199742
2279413,2403764
9181295,8811821
4745891,4758587
6644883,10388928
12072894,13094584
9904558,3432336
9001939,12318235
16451994,4939992
1772800,4622967
8625717,12921649
11891797,4142910
1446706,4832250
12021688,12753764
13812571,740383
9864496,3024806
15533803,12636870
1392374,6054541
15189372,3120624
3823820,9204789
15539367,8987068
12624526,7151955
569355,15365820
10607057,11158604
2255265,13383091
13513360,2911641
142231,4317139
14853963,6585804
2577018,16162198
4126722,3150868
9600576,15761572
15319284,15718000
1234108,9322355
14921853,1515289
3863629,15050885
8366952,13701200
8666184,10516390
11651879,7293158
7222674,2428993
16305103,13750576
12820931,3059971
927763,6772828
234622,11322222
12951635,16606810
12198327,15455288
6155515,6154165
12441262,11876093
9325911,11381524
1822607,14391994
1479599,4221418
16119510,7350395
1833194,15199405
4606098,4977461
3078621,6440551
16366908,9394998
9244897,15469055
5231739,3806237
16624857,1435588
2128152,5296786
4742595,15780857
238873,6291305
8322462,8606610
3400297,10564764
9294441,494196
1918369,6982052
10520739,1360703
10637858,9325623
3370968,10663675
7038376,14874244
7947198,13446323
7545511,3290466
1457116,14595352
2309745,6110206
2785608,1367977
2639911,2229411
12130083,8205023
3130912,6958496
14116919,1605899
8494718,6049516
10252467,3760062
12715596,11182267
5927442,6118630
13684713,3945639
11807310,11949507
8028014,9128233
8221448,3298996
6704390,6595380
11209090,9341335
542252,5238077
4671304,5310399
6558464,2849728
1126303,16610001
16741935,13954484
3716993,10262841
15340752,10597869
2174094,11476508
15336690,16231131
15385590,16420203
7602299,8211761
2535456,12655316
3649812,2979349
2722648,9379069
8015191,10072584
15772976,6065272
3277677,3583942
12625809,9866633
4828610,5955023
13481350,13402689
1569136,13120156
3619383,3888315
14016363,13261791
1420318,9469641
12513662,14047249
16443995,7747103
3016387,227021
4055200,6273541
12442970,13908091
7731264,3172205
16660967,9237154
16775693,11277937
12113646,4628991
1193492,12656186
1390422,15029982
7855070,3406297
8951385,6614629
12771864,15530436
8251899,15049077
7450454,1080200
12855849,837299
13505428,9520003
184403,8205328
2862830,7544602
5795209,14626215
15408683,15824819
771347,5461613
4182718,12929004
12353243,4832879
6093633,3117307
13203611,5138055
6978885,7948694
14037825,15974066
5404143,1994604
3454804,16144865
12635375,2909838
10828153,9820730
6921410,4319634
10031304,16778476
11458160,12356710
1242783,12498972
6309494,2892643
4196318,370847
5245171,3737219
2259387,3567761
159953,6221018
13821248,5137561
12483594,10420909
7483660,10344158
15895393,14807724
10548360,1119207
9137268,4885045
11402900,9716387
6971063,12479164
14746671,2301607
14268553,10482256
13213854,12703198
7317200,8525516
14797748,2724455
15108401,2475339
15839973,3328319
10280683,10441334
13514033,2294236
12203670,5931354
10736040,6136904
5276768,15346518
6034684,6762166
11801409,15471388
12972861,12505983
14390234,459043
6643462,12923416
15767232,14798295
16771412,10105457
11230592,13349092
9869071,9813764
3987437,8559780
5464054,3713863
16221383,13654317
2859682,16226896
3947416,7330900
3571354,14240824
2314111,2401136
12236131,14294978
2732771,3853691
811106,11751943
11752965,15555098
6569044,9655815
3029731,8091740
859296,15819490
13191143,6784254
7533994,7437630
621595,16373179
11401754,6343254
12192640,16567412
13517212,1090284
1527548,642375
9290249,10706029
4692678,13874403
6402282,12140094
660786,12121733
1329850,7825376
12610493,10773788
10051804,16540781
353538,2718574
6951283,2119561
7598576,4355932
1359968,15908538
2586807,9001143
11283483,1842567
9920719,2805753
71712,3304367
12571542,10999613
11759643,9217416
15200178,6192629
14405264,9311770
2837386,2347823
15939489,15806804
10899850,208131
11105575,10266778
16214571,12403846
11615946,7200095
12098178,10611031
2971383,15525084
12327178,15325291
4158789,13716482
14560410,4643095
5531516,11702966
1712771,14398227
4612178,16733961
7168350,11037903
5469659,2041281
1875545,8123022
3397220,16722587
90851,9860765
10266465,9774566
9744201,6331069
15365572,4919222
8478815,15939831
11231638,6445594
12688345,10517921
1841678,4970002
519818,272279
9522473,15383103
10489427,1343241
11116493,13059362
14074267,12871157
11003081,14249888
1416154,8624234
11511363,7301741
3457611,11664510
9599143,204812
6993226,8285485
6072610,3935616
15275104,1623759
13310159,10984481
8147451,14269273
12176435,8420671
3507655,11816259
2840774,14130476
462829,5012826
9926204,13051068
10566126,10082655
8767792,569651
5919843,1974304
4269816,285840
1948888,9255795
11892981,8708675
8524032,9722846
5902962,10264710
15724286,11019401
1537493,5010812
1082067,1207424
9564007,1984514
4755247,7751165
16679742,12167577
2958285,5809771
8604300,3817409
8899794,788147
12892191,12725859
2500288,16480332
8073070,15288102
1996754,1313952
9229723,13389947
8393612,16783977
3795174,1892061
5316817,15533440
947235,9498308
13809277,830118
661984,1628215
12776820,15721211
4733587,13099095
13036461,16271749
7894390,8779101
1614171,12225150
10327923,304717
15300691,16617256
11201228,4861033
12281373,15297828
8350718,8326472
13225637,13706514
6397978,3268382
13673326,11066554
10227067,2492735
14239500,3311982
8569909,1679115
4618320,11564558
16279468,9477178
15482269,14578609
9111283,15529579
7617025,9498701
13926743,15276714
10891309,5392378
12803283,12380735
1025907,14962608
10554393,6574027
4549149,16514470
13301214,6105694
9835332,5498980
10865288,11813486
6392721,6504146
12430101,13758695
13043473,5763828
6296135,7497604
6578485,3706849
2829556,1287517
257155,15859305
15433345,11994128
5939770,10382902
15383689,8591250
12172893,3468570
5135276,4728093
5061472,615995
11396566,2949957
16044548,6301065
16203227,14727203
11991188,15377715
11008780,14417708
16003030,10181116
9257741,12637531
11631525,10917629
5945529,5342713
543541,4198951
12201496,14804793
4141026,10209843
13382841,15600700
10284618,2223418
6786740,2271386
9762091,16301597
322368,15101025
7559988,9255242
6263104,6414542
628472,16696285
1113712,10313004
10275264,6883252
16157370,5355458
6608928,11201798
10215948,6665604
4066382,12416999
9983298,15909493
13717445,7206218
10160732,16320291
13707296,6449675
4412664,13393707
3081598,7560188
11472632,13062456
11304045,2786001
2202494,11646222
2208966,16238913
5175081,14242071
10921792,902712
9303042,6148637
5833897,8285615
7732139,4617448
2028633,4965500
10924939,702560
4856945,4655699
6034143,5846314
11010111,10693710
9780789,5571576
10345396,4804751
1997590,1764851
16473841,12039502
7105025,77504
10533057,2183613
9312066,11302421
4902580,14365918
6989570,12172879
6613727,16791785
1855622,10991393
10949696,360364
7115359,15548446
13717163,10345467
1578329,14323064
11719959,3153528
7001273,6503109
2458471,6306716
7845981,9465530
2208556,806254
11928287,6084523
4064124,2655886
8458939,8146596
3402875,12168409
10831478,3292978
3097092,1844381
3578317,16252558
126157,285435
16143838,1359908
13680163,4864230
16431806,4411151
13937484,3478009
1603974,10919358
12031803,13662907
6560013,16251513
15102502,15499281
14613089,12857035
12548558,12498058
12311459,8687902
15728240,14210924
11206202,14443300
2245241,2614917
6514923,8942930
12197434,7561845
975105,11991480
16661080,11030904
1015015,11226325
11595180,13478033
6794925,4860515
7936040,5414062
14689707,3738323
11673007,4927720
935823,7681311
13459779,13936617
14933062,7644219
5833798,5072831
8789566,361896
2086012,16662615
10073006,14534235
6296220,275468
15150259,2417366
8268917,2656643
1390334,5041557
206154,8659187
8709854,11317495
8818983,6363605
8810060,5761232
10638906,14381470
16502096,12532362
7462451,10277781
7967687,2508668
16288827,2690685
8666294,6375966
1073848,13203717
11836088,14418581
15749687,7872118
11769239,10587771
13992430,16189959
7957263,5084446
4127592,5224891
10093452,10888233
2850369,720015
2478016,3852140
2303719,12776111
5352882,6811573
1931689,2283277
13114074,3925468
4618436,13595028
6596087,15855984
15048931,12104125
9144861,1504013
12887059,4491670
12848861,4608299
14164059,184281
12096806,15242047
1594185,16045148
7764843,1344980
14821579,8268224
16341081,14634127
11026007,7177883
7177716,14726211
8447725,9956254
1590505,2334417
7338111,7429820
15501954,5549300
14292895,1427014
6665757,10435707
7194001,13308692
1495885,6820825
16195344,14912345
11250459,7503127
884956,9302537
1463541,1725378
9260143,1347999
14830001,2310546
1594134,11895744
11514653,15609365
516315,2605606
13711073,15994155
8020069,3303158
11501225,9925249
432313,7572047
10790547,1121721
2585470,1236320
16239895,8093295
9625207,14565117
7572867,10517091
5948771,6929422
14577410,15233407
7263083,15338940
2156057,3401130
9615510,9616318
8454455,14572171
1816820,14697952
15278386,16599315
7762086,10612339
9321617,16713328
7583263,16581468
9210194,9640786
8198911,13407269
14309294,4393012
16223536,10093033
9426950,2601454
3887653,4737600
2218105,9526655
14979645,2992277
11967353,10568015
3513468,2657258
3456725,3090843
3548460,12389423
10303790,5450899
5747007,4999737
287967,6954307
1721921,2948949
16216060,12077093
3446382,12315545
2542686,9123233
9416011,4510106
16493728,4616731
2105219,6488174
7711426,16645554
2148749,3480508
15676181,2670852
16581937,12476793
1404520,7764109
11245346,8565511
1703027,13741722
4807482,12458678
10462022,14719508
1105577,8075579
269030,5276736
7276083,15624901
13125820,15906679
7341159,5682701
16511494,8770033
1342262,3656717
8777768,10190921
5129817,3791072
12714229,78277
16572857,9526110
9930342,11685679
13385271,12147104
15894611,10386855
15101171,6252752
16656734,1394117
15932044,1141122
5707370,15421591
15473505,9526407
3803650,11395286
6871120,397422
1559392,8792753
4787449,7408139
14962319,7051328
6919324,13512891
11551891,1496712
5527670,12026207
14875104,2971778
2873406,13010780
4489860,8565389
14111765,6976180
2103334,7585828
190718,10184686
14590308,9682301
49526,9263122
8572213,10019669
9292641,3742674
5638765,2494091
9867217,10370447
7135758,12265246
194460,8099750
14736981,11081904
4029015,180521
6994929,3267812
13879853,3382499
13454800,3283811
3643273,3600527
827114,1449432
16546709,9690505
15739633,8354902
3400808,2710293
14485896,9879828
13116711,792603
11273828,2520294
1194872,15558963
6675712,13663771
7723430,13619136
8171910,2156278
6276600,3613343
3035721,14218880
5499059,4445631
6588722,13334092
7645687,12861070
3800491,5810135
14114323,10031759
14692832,12031093
7085833,13449012
5757330,127820
11475960,13694761
6075431,3863126
16783797,15111778
5913633,8892211
13638954,3913437
4448016,2797130
469484,4508854
6326591,7716570
6395399,7444622
8298280,8330152
9786486,14034159
3716632,6372160
11077901,11690294
7969001,12407950
10549000,80242
3832221,13881875
12867374,5307275
8995109,3193735
5089086,597231
4415794,14411933
230841,5069647
10390233,10959960
13596158,5298504
14096622,9481144
9702066,8469918
14059843,16621036
16165272,16255538
11030544,13594034
16437647,12288062
983704,2361578
12415966,13087534
3967406,3504626
5195701,6905280
13977698,8064070
10774252,12169839
16397375,3297078
4933192,8378804
13843994,8938890
3432524,14349774
1350966,870513
7403657,6996024
15401969,8347070
1238029,12422058
7107493,571329
103718,10024282
5981824,2998174
4051305,371695
13660272,7373809
3986528,10541353
9540198,6581810
16758515,2102987
12803372,9301736
3157737,6892680
2939331,12775233
881773,8327847
14038455,3768739
8086302,14162189
9206585,4527580
5765136,8550624
2487011,10159526
7519555,3761888
11376673,14346423
7897013,16472884
3016764,15497892
11968392,11066329
10238616,11043366
14615902,8040403
14097505,13964276
14327826,10616175
4209458,14669357
3201713,1349326
13880678,9484462
14588475,14797062
13483911,4915373
801984,3423019
5210893,3004479
1355498,2903651
14910722,12663496
12979298,12378765
7047148,5942699
2709659,16482076
388309,3490243
1762506,4488444
11125607,1680790
10853083,8167845
12623170,10466875
2193623,7677628
9479746,1741108
16666622,2647313
6959363,5771168
7470111,4635400
10635510,9901233
16293507,10026388
10937607,1003675
15459199,13008042
14871390,7990270
9598770,10599640
5037045,13275080
16359813,5275829
9196776,11341035
4066687,363422
15551441,8895017
6734146,4901682
14706677,8334877
14805194,11547562
10350973,6753243
10350900,3949825
15895916,9219760
9566235,348567
1443366,4588031
3435862,6145395
4845286,12784705
9416818,10181302
11091780,6200294
1403312,3308718
14108930,99559
7438938,2119678
298483,7142683
14987704,7127531
5552763,6100139
10717075,12672819
4743435,4969639
2164505,12128585
274649,15618200
8427284,10708599
13951483,10198842
15823608,13200843
12685170,10576906
16279474,10746576
10994963,14724452
10459105,1176166
1251557,3718075
12784028,2245120
7317113,3349699
2828292,5760928
1324247,15759124
11707871,15867361
4196848,14342114
645002,6507628
3359954,14749491
4500776,2088265
6420751,2381983
10319687,4606169
6140361,4820475
633369,5328744
11742535,12113517
5584502,6289867
8777887,15044521
4475345,14098567
699007,8960227
9817299,16661980
581761,16676062
5983241,4624137
9871691,16216638
6305703,13739257
3993193,16611503
13501078,1526457
15343178,12664797
9850875,9374164
14663794,13448057
855337,13406994
7157877,12955040
14155153,2385277
14291617,12458505
2090361,10976243
1512532,4116076
5793375,9805007
3349100,4714050
1079222,15703283
9127414,12920686
9088464,9240244
87756,7591038
14005912,13762259
13113853,5091225
235342,11895632
3163668,15712493
12968823,6092413
2060586,254595
1353739,11479533
3019373,16762576
1059652,4709407
14285001,14806335
10931207,8232884
16204927,1209475
6274865,16187159
3420672,15915812
4398170,7891837
4064148,1291139
6087306,4170094
8123319,4038174
14288306,6675814
11779096,11477420
10135620,13035266
7702225,16025205
16074864,5961697
9519809,13471599
2402415,2400181
15079919,12035827
7094578,16633044
16603787,7410009
4329930,1057642
9002916,8239262
6882,669660
10009275,3237594
6152518,4332888
8609146,11925038
6511920,5688641
2687053,9983854
14819007,6640365
1586066,363232
7396223,12742732
2212056,7359924
16108220,15139929
3606410,11142457
13512373,1797480
3846162,10470255
16585651,92481
5117158,16334721
16006563,13518773
1932192,548693
1172900,13738603
2014615,16102569
6733011,6903875
6292203,10837299
12250680,467301
13307832,2289413
12836746,14489534
3562982,10946617
8646984,11762129
9696185,8672110
5102259,10366991
798704,2680669
14480936,12668221
15461356,14417551
808879,3189915
14320333,1177693
3261419,15800572
12507970,4289452
8784384,14012271
5884382,6141994
893532,4705494
7482429,4938078
1479,230039
13525827,14795339
7684442,9928928
14112127,1502423
16669331,6340684
12601193,9460077
8281096,198671
12396376,2011907
4179783,4847068
2990573,9476990
13320906,1508656
16198743,1716695
3242082,9500019
12077238,8021303
8269611,5188864
10358793,8439514
4644235,11545527
5466870,7921628
3014162,16635064
6168971,16727744
9099145,13981360
16775985,6650003
8975564,9460716
10321228,6004556
11177807,6246839
16568106,9429467
568097,12597521
2678020,3152223
2904615,6012376
8835083,2458288
6472671,5383712
9269382,531858
14327454,2238301
9235027,9034999
2526308,8699448
6053311,6559980
5978428,6084414
12969598,2238481
12665953,12473102
1297506,9288452
14742933,11763065
5815754,12017480
10079533,15170156
16663915,6056244
10639428,1479445
7795399,7491831
7624830,13534828
15712500,8420444
1366226,6297290
16134779,6757781
8613772,13062178
9038132,9896734
16701014,7941004
3733569,14832232
16540129,1302531
13800814,8577915
15858973,41457
14428922,414925
420395,14960735
2730434,5337814
13602745,7672045
3543175,2976848
2061022,12140237
8037855,6404291
3940815,9772731
14955361,9606349
15095972,12261460
1486932,3066065
12803592,619816
6633131,6016008
8963103,5721136
6027893,7537928
4744478,16546587
15497214,7689070
979349,11801546
7968375,6038590
12168561,10553183
3212462,10014734
48131,14778013
3500863,2623824
7455185,8740593
5455684,5599606
16356765,13547548
8421989,9065730
16100864,1465560
14673673,15362011
15074967,9691578
7599253,4055682
16307989,2987991
9580743,14750776
7988501,12434875
12627400,6564339
15261834,7500091
8249672,6945680
77892,4702534
12632953,253483
7821812,2139785
2161289,6998757
11159133,6302459
5414793,15504377
6534980,16225957
6440925,13319863
13226484,12702924
4818426,4386814
14738940,14616881
5064490,7642764
8024852,12538390
6991826,4385118
16260102,11525875
6103660,14566151
6526531,5469443
5571430,10459170
822154,11624007
16605825,8859406
16728357,3510730
12265565,1327941
10743484,3219541
3110662,15359308
6911795,6774800
4644634,2211246
906754,13265171
1969124,7413888
824429,16248598
58511,16331191
13824665,14567115
3798538,11379471
4087555,2681983
7787231,13758393
11820092,11020509
11947071,12036719
605651,2146245
2185605,3571946
14702046,5275704
6989369,2892810
14005746,7856379
11563775,3015327
985882,8320314
8792008,11846016
16165785,4893561
6760022,10646059
252807,3121061
6437787,2750678
10131025,3854207
708989,9190086
6887793,8414818
9996160,4989257
3792180,12819003
12756075,4564255
1320934,15662225
9688312,12786613
1443181,9726081
8671066,1386604
12746984,4711175
641020,2285111
3112423,14467258
6473610,500371
7961020,2421346
9042092,4947110
6006519,16534999
8329059,15688380
7112179,11170476
15446225,4915788
4539363,991529
12931247,13508456
10260194,1572192
2311032,10165031
8752916,15771090
2181280,12853721
10350716,16254149
2341645,7331377
1397787,2769596
7999421,9642394
10246274,8987488
12164040,15185200
13146396,1569983
1947092,12546564
12857271,13999397
5194142,8066415
10513042,14522474
13562519,4377315
2629826,1622206
12359176,8888448
356687,3714921
8005945,5853697
5974308,13038565
372602,10482935
6057839,9741337
14451581,3684379
9663228,7762749
13273845,3466596
13344519,5263091
12963914,14041995
10938339,9047900
15842814,6609600
13690150,13820070
4979931,16300257
1061910,10465049
8964200,3594278
303178,7420081
12333398,2981709
7496682,15850620
9438317,6324378
9191255,9153201
7751019,15015707
13491692,12638676
12791507,11461925
3265302,9623281
4717467,13904783
13365292,16402998
9520399,2766547
11420194,3673617
12614119,6642687
3172002,10875076
7016637,10156862
11169684,5779837
15246575,14335006
246270,10431813
4438502,7362449
3008170,7022939
7961395,6953340
5842105,9520620
15057293,5255581
8626448,14221789
16067905,11197540
12615375,13111104
1051683,4677845
8436883,2096149
6083787,15359743
16323739,13521911
1331956,1041791
5459492,9619956
6015415,7344677
4893206,5918216
11271303,716723
11494038,3108753
699627,1374130
13581323,9408519
215630,14486613
4394794,15845066
1889518,14378
965447,2658083
15301112,13927795
16380353,13661445
7548531,2716890
2187345,6679424
1314555,9854141
11729472,16588072
3078994,14603501
11855123,2891490
13429984,15328931
4326685,15037135
9238387,14705892
10391353,11134806
5623585,4775320
14403875,3547351
13389856,3859663
3561879,1107606
7637531,10833635
6919538,2084658
13956023,529029
1295718,8191460
12817634,3876635
6055134,11481468
7175843,10205189
7290541,8976406
3750257,9885607
46597,10219121
12651729,7692947
15416970,13041071
12455635,11027338
6421809,3793957
697750,4496181
11984791,13870822
2007159,9627460
8556786,8815680
2264184,5669670
15126779,1947303
16044762,2305738
8795681,4690164
2949333,4738597
7517767,4848684
8358917,15692077
7271188,12911771
3621921,8502359
12894389,3306021
1559749,7046253
10698494,9184588
3026374,13800239
6531131,4592214
15522318,13928297
16661078,16725086
14713325,2225138
15826929,6403527
8044291,14696336
13322194,4664745
16260709,5446728
9798878,565235
558930,4999116
4242259,14518100
15869164,9891019
2077505,12317168
6012367,12054301
2541681,2153718
7397869,1390358
9990687,672738
1959545,15510252
11037488,6224111
7407410,8610995
8730724,14329869
13510111,13535637
8495611,16314462
1240300,7127824
12390585,5850699
98468,14887388
435356,6870920
3776920,8167948
16024733,6472511
5186995,11976033
7787311,10802654
8670514,10507730
1747639,1138385
12093757,6003394
16795174,11658107
3502423,5660922
2455414,6485293
9517105,12766180
966404,4249948
15710697,6396273
15887491,8591427
10243902,11562991
2247948,14895045
9330761,3724068
5424231,12756620
3410439,3022288
16743475,9364282
9553277,4222101
5589210,7107080
8304431,15066169
4713885,4834738
13453814,6290606
11732490,9895539
11473783,11519608
8640733,10820633
12869023,15108092
16755265,15397532
7735033,6016435
12332005,11605170
9008972,4579710
14703618,14784430
421475,13775409
14888427,16558666
7779437,15146541
14748984,3176571
11398691,14201049
11929451,16644533
6860980,7236379
303428,4496369
16547917,4362326
3874088,7812464
6268502,7469801
14276464,1603840
5018452,349552
6646139,16703818
16724154,14517471
14206216,1569384
11227133,8238194
1444905,1784634
15449866,16504769
10068044,11480169
6645769,5250142
118446,5710265
16107667,14891363
14773321,9815499
8015883,329434
195048,1660103
9019351,207578
9352528,16188997
13945405,469004
16009127,16387012
9981748,15610783
6962760,630961
12404499,13687669
9699262,2455068
14548822,654852
9662142,3244376
3551472,15489349
15599551,2556103
5831942,3852948
16000021,5166188
1798283,7372283
8200465,551879
3400445,13670672
10710571,15505471
14477663,2398503
6489253,6775995
14689781,777214
6097186,5538618
4227665,15865319
3535500,5135115
14369914,8441215
1923639,9442419
1701986,12189439
12763017,4790278
12029245,5119763
7892826,4647320
3998251,7077061
16454715,14579947
3422774,15864217
6359081,14129485
12387033,15218607
5754083,12206223
11243032,11187799
12301805,10765259
6567648,242609
7450269,16373878
16680710,5155588
14260031,1045110
14009391,7782590
6548137,13065924
10976099,14365423
5961159,13655461
10027507,5716531
13646269,2340916
10800625,8277760
3946103,11329941
15002587,10835279
12228405,7975350
6494150,6843935
3160985,6545948
15361954,1002346
13486303,4581243
3980065,7874771
6765036,12706995
8245290,10870962
15303970,3092631
8910403,15950696
4064808,6791101
3300056,915434
3707405,10673117
6284951,12783435
6451107,15256316
13178915,15728224
587931,9356302
10641044,4721691
9270315,5783940
3110668,10525052
3561552,15503470
16048074,745924
12837681,839921
9249651,4157861
8386825,9890383
12622431,3012756
14843559,10712736
449843,13663425
5359282,6725919
3990338,6438508
9600647,6057305
5249165,262032
4446109,424378
14535359,5059818
3470351,7012730
4452331,11431793
2453504,6610740
16597310,2710688
11188276,9862140
14268064,13683167
16691414,3795655
15991862,14450687
11294563,164412
11584940,2382378
1888447,6442049
3147420,16215706
287052,1934698
12393211,15406260
12969648,10438145
6491070,15998561
14977395,8991677
6014978,9620502
5125519,14321483
8387568,13704593
8785015,3106496
12586238,15974392
1421778,14268210
12913697,16040159
15153766,10576650
10667935,2850020
14413343,15124919
3468587,669481
12921659,3974150
10741502,3969440
4924416,9945428
1090077,618160
8127837,12244444
1220843,6020084
13288944,2364239
11029510,12152529
10893260,5499730
12349154,8977839
1394705,13089071
15595497,1886082
8723571,3006568
5904215,14048657
15589721,11870220
13753116,15972175
10197355,6163206
16360868,10415558
7550237,8974906
14288672,7004905
1096682,3859140
11094134,661934
13794335,10936304
11674875,6582325
13508409,10476280
9779866,4372929
3024921,10219832
6267216,6513795
11885521,10762550
3096843,6976673
15733841,1694394
8342721,14735765
11734425,2067454
2402478,12279273
7920514,3497230
9754987,9554186
9115784,3788701
8033775,14801854
14213273,8106821
9081469,6362503
8245426,15475008
7679988,12564574
120473,4638867
10925764,6670380
12569314,9094904
8975740,10576687
13258616,16283910
1666916,13984592
640257,5920577
274838,10085323
10672395,2559629
1986422,14555341
6288170,4901156
1312077,6835688
3137324,2363365
11901829,14330131
8952573,11895444
8624104,2404095
8892123,7714076
12634886,4526849
15302352,14598362
11712291,16698055
15131730,5600808
9354074,12482757
10507,2141864
5631662,15898264
415936,12051728
2017651,9365199
14549180,15057769
7401284,1776226
3563327,4960520
6883292,14047404
15975193,11100455
1667063,14416167
11120676,8884401
2092987,15827089
16042030,15966788
11276144,13072749
2517635,10551184
3183492,5901598
12766212,2586000
11618644,8277154
317382,4585891
11387723,6327502
5744264,16538277
12270835,2151256
5511705,4834303
4992096,337894
15176322,7843386
7190613,7034182
4433181,747521
3638056,7199634
12720452,1046505
13158283,6269863
2077330,9662858
2990601,3642893
12765324,6652559
9284342,13874602
15932234,2050540
13355515,8339074
16331692,12419885
8153683,15834407
13417493,14602359
13010281,2650554
13110971,12952606
5574577,6873205
14227821,6781964
3779456,2434844
4890188,4044562
2774252,1236441
8529277,14455249
10336166,2874423
610225,10308069
13753006,15486532
2992296,5373077
3526568,14803522
2911140,3537866
12480299,8083771
6025706,1484751
3539827,209473
15787354,6404287
5909477,2140858
5455377,9416487
6777743,1864979
12484157,9270504
9334094,15555533
11106693,5690625
135010,13954297
607976,13915488
8476424,4741057
12865928,11247050
14759260,4371814
8779922,2254401
215469,4468121
4865177,8518288
10464312,11275172
2855335,14517340
10627389,9154186
3776453,5615018
13913062,10251465
5361663,13308659
8343724,16127326
2145380,15737432
16079895,4290872
11464502,11868461
10359190,3773741
9219416,1608419
11237218,10753217
7906717,663959
13447794,15721652
3951850,2782565
5937567,4836859
9090829,3379942
948490,15134692
16478813,11342639
7225929,14331454
5739552,14683139
14666982,7418296
11861039,3922843
3495430,1088386
251973,2526128
4532199,14454807
3293491,14128673
4970407,5403095
9061262,7061395
4889552,11383599
11219026,7472609
7996416,13123834
15462426,911763
14483978,12283149
6281696,1166894
4252699,5270177
3805544,16646934
16732240,4630485
13908536,14358542
762479,13912023
13273042,10675769
9723584,3000076
8193649,3453872
13334587,7449628
15042744,13340904
2005797,15905743
8824280,6186976
12966598,11512075
8074650,3635917
12013998,11127253
13849104,3650209
7784159,6387705
13507078,11082029
16521616,13698095
4130774,12799203
15441872,10060270
4397434,11576640
11592277,16722181
15010433,9400341
3092135,7959655
3998656,5481213
10097436,13661975
5360876,14760633
6391188,5830484
2493641,5648173
9591211,3051560
14384374,12033666
2260358,3619633
14518283,14948774
5840173,7495188
12592296,15938653
16744273,873958
16290279,2941955
6543762,5774747
16667095,628685
7813994,11193854
15561158,11319630
13373099,2977181
13173864,10470690
13194061,9436177
3849919,3956327
4106654,15672049
4351133,13390048
5474796,8145816
55956,5511219
3510911,10325945
3667104,6670313
13219282,4408401
12008921,7604126
13475612,9794334
13597207,14771972
12149948,7805997
15699037,3001010
1911820,2632907
10080212,2952029
11392698,252574
15740886,4498574
2634736,1897442
5127129,5216501
5666874,7004164
10007744,13876202
6513430,310198
15511791,11848146
5569000,12894606
11881754,6098034
8054418,13777860
7150632,5551996
10533197,8751999
11624070,14850812
6181321,11087771
9682868,13232127
3594381,6252823
12646047,15376353
1010107,2796181
8591363,13979047
10135579,16274040
8806751,3607074
16468976,1217349
6306440,12268553
13489808,11985992
13062171,2784084
1567018,6390121
6114503,6143892
2744223,9154041
12368727,13750125
12072763,5581560
15435065,7550654
14227090,2786871
5424458,5300708
12113380,10631787
5534391,6968663
16289196,9632776
8491635,4416083
14159174,11494509
5476112,5250106
16754620,13174192
16334566,15111851
9898161,5321357
16576943,1977376
1327770,10092698
1291074,14281579
12424125,817361
6841986,6618236
2754961,7563038
10781711,6580035
1871915,7890934
13409971,384644
12193691,14498597
6745808,8698208
16515629,12044125
8788242,9516250
3661629,6221374
15869681,4719936
550914,13310091
6074345,450807
16469513,12975727
533237,10992719
6414290,15518318
6285862,14964660
6137794,14904716
1176515,8203329
16448365,10065253
16513882,2633750
6485130,1602718
10044938,2033988
10584682,3250387
13405842,7438147
9138662,5760573
4977804,7387595
10542989,14304362
7063672,13206023
4696093,12025657
14854494,2789556
4938748,4857278
10230347,14497352
1064466,4035424
4699268,755135
9081394,15474117
4663633,1688010
229108,2171176
4509096,6228846
12715184,4849168
11480854,12254830
3717709,638426
10801317,14710744
12980124,1290034
5523265,8287267
3134677,14036909
14329233,2967358
15421979,15843781
3150684,10972263
2638714,3980796
6857975,6782790
8114339,10723904
2431703,14610997
8669810,2918359
8157835,11937118
12757820,13584608
8784608,4953819
8681479,10411530
11096001,11220411
8617815,2280630
5347968,14645166
12568815,12639463
10707764,6871541
2229435,8161566
3252732,971030
3818686,1505907
11555481,3307779
14172598,4586110
14061606,4978198
12380560,13787273
8260849,6173210
6345519,15041304
16773322,16283745
4241628,8935305
15568223,489090
15150587,16714403
9551078,14653131
8336467,3565982
5177127,5803826
2192932,3454516
4703365,8159611
9622750,8411978
606540,1089442
7536740,4717429
2715369,2536522
2608106,14802671
2255840,11509936
13663347,14672644
991352,14091857
787100,3895848
8375813,13074148
8678269,3171466
3363595,10310185
13156409,12884595
7782032,5126509
1784374,2739618
6615296,8371873
7607437,5918146
2439619,222994
7565261,3361380
4234529,4112967
794729,1815431
10669516,14965305
4023324,1120544
9501612,8503981
7946361,5215581
9593431,6549407
1104067,12722784
7190065,4056035
14568914,5602418
2664157,8807922
4765040,247325
6467715,14243265
10745071,16668775
5956592,11045618
8843135,4392525
1653017,11506394
2503125,4432219
13710163,15057732
6429552,2401641
15988365,8766673
647283,12012738
5834042,4137276
12919775,14454029
14862797,9597983
13852997,14643152
10505316,4373366
15723530,11211850
11155409,4638117
16597345,7159654
12525263,8421739
9234227,1306751
13528199,15051660
8571194,14039962
11472803,8682623
12792233,7743026
2304176,10787087
1963299,7776614
6703135,11150091
11996172,14401382
8413205,11418760
10881313,6091762
8043630,770253
4221050,7715650
8038901,8433888
10221056,12359508
9430297,13861807
14968208,1664234
4141075,10732753
11526336,2660783
15789163,2714302
6644742,1584561
7163824,15611014
6448064,8937620
12571839,14132571
13327933,11782929
1349689,3606152
2968775,10508083
8937535,4233456
13475570,2261717
9607320,15550528
11326093,9804501
14402043,5059809
9808328,11647913
11078851,4036014
10494852,8767957
670110,947626
11178810,14184463
11800828,10726392
9617321,16230936
3053866,5921083
4630076,10134599
1113756,5033861
9776781,11752374
10445043,2339185
16667421,16073912
14476024,6357362
15312757,4280576
7170235,6890613
4055460,9296198
2411688,14156197
7403998,15319776
2985229,4258739
8182756,2798308
16573629,12560004
9634265,3776867
8407916,10985051
6253540,6008566
4279737,6208295
2715316,6955727
3507909,12681217
6498377,11896068
4405755,860343
12883035,9848910
3311897,9870489
7750306,2795151
9253469,2596126
15938057,3958119
2089711,1151330
9476243,10114302
3925416,1963950
4683924,16746811
6818042,3087816
15043986,5786632
16336627,3897284
15377655,7930901
9033043,13397495
7995843,14966691
64477,15675746
11276202,11573429
12312277,13603881
6656327,6581518
8165280,1949335
9245899,12978792
1423946,527449
13322401,602721
13964419,2159515
15235751,1574615
7933243,1964956
13481138,12259099
16770279,10673064
2946553,11388676
5371073,128346
7476888,11348404
9352148,3792211
14250009,2532615
275548,7734002
482650,14311077
16049055,12168276
11609369,7788921
1975894,9176772
16102711,9204124
16073815,371134
7340460,372080
13918158,5414187
9410509,6163932
4975697,2533784
10120550,479109
16781678,5847303
5070272,8130497
13112993,6213161
14874185,207046
12426311,12567071
4147607,6582335
10869236,11785399
15379991,15877250
11256427,10046193
9704757,1613969
5360377,9925300
11621370,4084168
10879152,659489
5227835,11440875
9506977,16427047
335822,1477513
7966281,12097932
2449947,9845586
9104534,4445804
15995776,1378387
10123855,12641851
11370351,15019016
884466,10696381
14180581,9049871
3947373,12455918
6139709,556135
10293047,7266060
1310229,6468257
16205488,12384702
14961655,10882447
16505352,2553679
8174915,6813570
7237560,8851425
3800085,14939197
4371090,2284942
6485953,3829362
12179350,9072462
8307546,7497673
14786410,16307696
3882214,16433354
4533333,14557454
8731620,6860498
1600446,2496825
12020272,258786
5769677,8627684
1428665,14908603
7504878,14089689
15493933,15188102
12480336,14231092
15977528,13207622
7055966,7311925
8816468,8018390
4337208,1261922
2365732,9370157
5682248,162640
12804998,15240016
5948648,1306714
13317380,2729397
12019810,15215639
8511172,11308772
565280,12749453
2599009,9206268
14685708,6598567
13160641,11787294
4027127,4958218
1194635,605058
12781832,3579904
10570552,3492536
1378040,909004
16735250,6244152
8398793,4150880
353934,11020394
3217654,9030257
3242210,1734115
10050095,228130
6256764,6753134
566904,5315894
11834564,11679633
11385677,16640196
10290588,5454546
10512848,8077084
2665564,14552082
4484342,16457655
11236410,15726529
628183,10749194
4531532,11765941
4606855,4085698
15409996,7123181
16183838,15154636
10052028,15111448
10976399,16333453
11150412,4205533
2446501,2402280
541593,11666536
253655,2948495
14390835,3485845
15646422,16636115
16292612,10429314
1806423,14704019
11498552,3739856
14264421,7992889
6516572,2130751
3699527,4626721
7492460,4374410
12884603,11728505
10900673,14805888
6414143,12847014
6368997,8860557
8272465,9659608
1239837,3970324
2520974,12380667
2467558,3875897
2223113,8244805
5516109,2793722
16313554,438165
5995316,13463653
2815881,14134243
1763623,9696910
8950882,6139981
14019187,7806442
2276920,13836143
8104925,7979860
7625291,14454418
4996653,13152283
1230785,6402623
9607438,2999136
10430169,16496270
7543441,13583910
10250752,1653170
16066739,14600327
16726929,117452
3182002,7686657
8345610,12103427
9732523,10382235
8581279,4074356
10343213,11696989
7146773,5358893
13011747,524677
15347531,8106363
13044804,16105646
14309298,8189976
1271324,8253472
1209932,13948746
10347045,10724508
4768262,16340549
10319046,1019764
9655424,1471143
7781571,6054005
1529910,9260648
1199610,6237311
1032462,2593688
299173,765134
1137379,14011733
13110646,16188636
2227220,7243152
5378048,5817547
208080,11275363
13127988,3248584
3335973,7769546
2328867,7197554
13749614,6029156
10472928,2718754
2941106,2541838
14177352,3844126
1648290,2323474
1889866,5107066
15825493,10797529
3931157,11903755
8150265,12400712
6292594,379801
6993438,1180019
11887199,9199464
6298893,5359382
15698980,15988561
6395510,14183381
2658071,9869408
16770941,14433566
1642958,13099756
14928601,16691356
3918919,3698942
9825887,5529194
14818518,1237974
2400952,4114115
5094153,15869817
15711614,4585530
15802077,15332123
16248199,14278722
102141,5126751
3548362,2095105
8259986,11805778
11207137,3686709
14396382,15983892
15575180,3998979
6388191,625008
7308294,14704196
14089450,10957363
3939144,16563922
4703816,11817704
16471438,15736007
934959,3326854
14697789,4050099
14372394,16058994
9926415,8318030
124870,4314531
4867805,13253568
12317781,6164182
1611506,4337634
13440981,5612439
16641813,2961068
4741110,1366993
15172428,8444308
9606598,9144921
9467554,14136207
16255707,8764809
6147264,5389868
15878226,2977399
1358791,4220831
13148289,4744658
5676065,13875468
1329445,14632008
8084413,12884571
16298494,1969861
392204,9193663
6270596,7589745
11996486,6821294
8817507,3565889
1325530,9114667
6873814,9524817
13505595,4611182
12017912,6115284
8695435,1527559
16576548,5124740
14794754,9977715
15008214,6481883
3146575,4801894
14066785,12962776
9629435,10468553
763492,6543290
12111788,8398605
2151345,11666046
4509366,7376468
15403354,3430740
6837046,15060426
13213087,7308622
1305562,10699819
5070244,10399419
16417577,4353318
12460831,16717756
13921328,14693297
14585887,11596786
15979199,5720330
10087040,13605809
1307388,7153859
2338674,10552262
12548988,3184990
11136528,4384236
16533313,15351239
1101342,12337652
11295737,9631467
13556679,12669106
13302945,2854034
13400870,10552606
13878244,13554393
2859903,6031665
2962679,11718732
5227429,11243739
9273510,5885614
12724750,10621780
788646,12097231
645997,8187151
1706933,1659498
5910393,143724
6783026,6389099
3931718,15101202
3855101,14781695
14903887,12155206
3887479,16686133
5503290,12972332
9210535,837949
6457067,14036523
12362089,2972570
10924700,9375968
14672309,11416379
11285366,480272
12916444,2167057
3655770,8655069
12842221,8901784
12059534,9052877
1345044,5889368
8581661,12065066
7026452,16037559
14194558,2039130
788499,2976965
6165759,3628042
3160152,845343
3181569,2479045
6135564,6714042
4473617,12608642
14404698,16551849
10660916,7359024
9847396,1145190
15136311,12134326
1787671,14904161
9547464,968908
9194263,2317414
15739476,1644892
3791435,731291
1226372,13108518
4683563,8997786
9465345,13301634
2354984,12504035
13698735,1678471
4769541,13965406
6478705,9703587
8011748,14287569
8548713,10576751
10328060,1430057
3029933,9964270
15853709,7901982
7873238,3282968
4355319,1283362
7191427,8711356
10882848,7135329
1489333,4244090
8457830,1229268
989505,11223937
16481828,7908199
4130169,1948761
12459114,226590
11928160,15237900
9051526,6985771
3849638,4643050
11215988,2781347
15664793,8575782
3134651,2367652
8275659,8076273
10206800,12131643
9855995,4934595
5982200,7005842
12179398,4734632
10215991,12916305
8200752,10024230
15642187,15868354
11411135,2207980
7038820,14305417
5468075,1581954
2516242,1211370
11546706,1783541
5857851,2489058
6249561,4429745
14814407,125914
10459482,3310936
13189293,10866466
1941998,4637270
8876691,986823
10940210,16241563
5933348,1235104
3862075,8760519
9492786,2676564
6992725,2815669
13221426,2895929
424556,1062470
4292728,16506530
13439544,14006795
110109,4845435
11132032,8771312
13841394,2102204
13057079,7256348
13421233,7144195
2112773,8588966
3320456,12560968
3985960,7547422
1252909,571343
1236533,8698028
11797195,13525208
6532680,4953117
14516133,4732648
8235911,672999
3503325,2643419
8516977,15386220
4899404,5256737
10195739,11019750
14419322,2588123
962391,13130290
1605772,13037856
2989297,6967604
11782628,5265534
10382348,7915438
16352663,12952309
3272906,10763656
246862,3104675
4981863,8176447
10680315,1053606
11083104,1256490
11867711,6777589
16716199,16750688
13932296,6834226
11912952,14162203
7117702,3754576
1794611,11164665
12670677,15149081
13394109,5792052
3404136,2027477
9558598,12400332
13581134,8655452
4338741,7140752
8492089,1123235
12229434,5609410
13243369,6415369
1197558,16705614
1237052,3796084
114596,11875423
14227936,4884222
476386,5007686
5379726,869006
11901797,11720767
3846910,16303218
2909020,202239
50149,13276157
15549254,3699165
8257845,11451683
15150629,11799802
3813761,12832104
8373667,7039408
8718233,2434802
14738391,13130368
7839536,1638981
10318255,4522833
1131584,2102383
16791025,7290386
8501478,6598097
11444907,8593651
2118024,15424450
10649708,15088914
7888142,3646986
1561877,7876372
629989,7415138
13161585,7277317
3602233,16125607
1908746,10630238
15039148,8134838
11196787,10757774
5099560,8308752
6781236,7891280
1130559,3810002
5956599,11850639
11038456,13168398
2492261,16235316
886443,12030438
12454354,16553797
13752094,6939405
12768159,12261097
5720939,2360513
8731989,6862597
12277557,4044123
479978,10583639
8099414,12222574
2080742,2061311
14213553,12445155
1143830,15933576
16758501,171387
13336832,16787208
6432920,8157381
16380417,7999661
5650150,15744530
1490640,11320328
13776931,9951048
7316120,11037532
16625602,7501714
6309101,16452075
9490194,8257532
4023716,8620038
15650893,9874468
4518402,16231864
3697293,573253
7150920,7330600
2256611,7199608
5091387,4735363
12919493,11923083
5864381,77459
6946144,11601838
9228795,2460920
10693322,16414370
3427448,11566826
11972561,7171883
5237249,7559067
2665238,15051160
15960476,5653135
16047067,8271636
4560307,15493035
5113137,11452037
203575,9679931
8388823,16767368
15139415,13803560
14486965,2097632
6921994,2504055
13724716,8520082
15799812,564559
8500599,11979230
8942823,12552588
9640347,10356720
4273810,14371916
1491986,9585838
13727343,6016809
5399565,13826448
15631510,11798620
7722360,12519211
14776154,1489859
6688149,4485246
16225452,10072335
1999925,11996268
2954494,16193637
5545626,10808970
11401837,15542075
6644812,16004622
13224296,14849798
8904378,3471819
5415063,5547474
7539183,2136451
3170015,11926321
8457020,10649223
1017096,11692961
6058554,12230680
15579269,11072337
4900908,8992114
4978419,4201003
5725735,13682544
3879209,11436800
14097657,12827264
5411995,5190041
16692325,2100172
4504416,288997
15393375,8908048
7170976,7019264
7902297,12799268
11635274,10270077
905492,73501
6607138,7376964
2825262,14343188
9740498,5669030
10304519,15268708
13832198,7846576
1429207,4111785
487346,835453
15132926,12134804
15281680,12600006
15307739,10450930
15687767,6052616
12158150,13737026
1185639,689444
5340628,2730429
9163843,13871745
6923220,7074654
4043731,8707320
4278154,3899937
9806323,15816991
9009581,14205436
14546956,3751044
2666001,2917837
650291,681351
11718176,1989803
8356863,10136278
15747538,4835802
5322489,10906042
6130854,8196169
5707390,7096493
16118596,5530378
3505298,12909321
4722938,1875026
5418979,6738819
15049678,8319241
4729697,5368987
7214770,11074709
16182156,4173110
4451596,12503486
5433113,2022598
6895218,9001221
5403675,11708426
2464309,14655785
6938988,2123612
12147988,1399809
594620,5129813
8952316,970841
14464240,4956103
10574915,14047554
5256055,15676481
1608035,6367497
14315223,6401328
75143,9931538
4391676,5596691
4949264,10079112
8701573,7087268
9127567,14857157
10370781,13834438
2305482,6191647
2493416,7146707
7054231,4944121
7075683,13993728
4187440,2982997
10148562,7357579
3046135,7934137
1122946,10137671
11454240,14444991
8131765,4158911
6141389,4573391
13203018,16547729
7672896,12596297
8490571,15639044
10058692,10556061
11606020,12661112
16741050,7831427
11091964,8023544
4021176,7649520
555164,11273977
1285868,2938289
862133,9850117
10004804,6441245
8552977,14389326
14487318,15636395
6772150,2205330
5622489,11024045
16607164,177585
2570645,285916
6717668,10582221
9817526,5222303
15988022,4097121
7795621,1011996
7955299,9489022
3054823,7860305
14059669,3187850
5903069,6524698
8629402,9219070
10898577,12537583
861171,4228311
7614442,1001284
10824562,3422651
4000440,16388373
10328601,16320589
8809352,7402470
8955251,12248154
15748209,4712629
15027184,136251
10294080,15822512
1878377,128689
5451379,1998367
13144158,15993361
10358007,144120
10610167,12988211
14541690,457396
13957774,7638186
13653751,9622351
15492437,12893535
16409496,5991928
5016692,9734938
16248139,8361667
8264731,4160556
7849488,4590139
2879820,14101553
7682722,3270848
1457483,11027415
7216786,15229401
13435188,3851235
3228773,7537822
3285139,4148477
15924499,8249983
829654,7543626
3656232,15793490
9614382,7693472
15312241,15892916
312519,3271276
15075219,16557852
10334434,4389818
4188857,11574421
7176788,11600773
12552570,6111643
11841444,16754133
4993084,5510247
6422604,12596373
10477420,5126491
10986751,11948459
13373513,10888257
3010164,12190181
3747076,14451776
4011285,15669126
3832224,3226789
9694999,15881090
6357368,11576794
11302976,15590261
4298033,1837659
5200569,16560148
1696886,10397544
6309047,15315863
12535911,13000331
9827642,591458
2376196,11602588
14245128,965629
6076895,4461871
6576250,12719070
651379,7755296
14163837,13365380
13492219,8050701
7125451,6034015
12370125,12658829
9492898,13398426
728212,11577749
15538168,13735033
1579681,16795251
2318861,16752679
6682470,14497282
6054411,6990072
6531769,15810628
1501806,15132390
3398787,10054540
10111540,12266245
8429753,12190536
15896693,14250250
6080387,13381156
14625048,13027627
16314888,8302830
11087415,12999319
6584640,12441163
15660176,15994386
745511,2457493
13480648,6719825
1262223,8853829
1325032,9381318
9390507,11732741
2267182,14603623
5706616,1730016
11201446,3345855
12948420,3153614
1498078,11204221
8362687,13494264
2592138,9147338
273188,13134721
10429929,8971267
13530806,15835908
4872857,4438231
9517399,394678
3091591,3696764
11325492,6233200
5050596,10128657
10978690,15446623
8531779,2378597
14893738,14596526
15061298,4201609
44850,3724132
6365849,11697436
12108027,3972953
5550764,806004
3339448,10034800
6848804,7533474
9027784,1898177
15540140,3861437
8590576,8007107
13908834,14425947
5356688,4978956
4238261,14656224
10826955,5028748
15615220,2652685
6338789,6078289
12180132,7851853
7740977,8885817
6399815,9295574
6535453,7506576
3413338,4919520
9622941,12579282
7159835,461351
7263475,13200315
15938004,5835506
1980269,10999261
3399235,416875
15260395,10852760
8380914,3580011
246222,15501313
6556514,6073545
9295484,14505694
16033112,6501901
4148346,9471036
6309224,7016808
1136510,14965489
13656410,4517589
7688273,12246191
4912372,1124231
5520414,10998481
10137638,5502212
10938723,4077079
10853574,12403502
5362574,11340569
2485615,10057135
549264,3164241
8507516,8057715
2146019,9977048
15579212,8133715
8674641,5522246
9879195,6443922
4057397,13941910
5195406,9703249
4260392,8300154
1129342,715835
117544,8802755
5224601,12803587
4305903,6259669
1219599,1773745
7755296,13415714
799875,1282263
11841904,15901314
13854081,1517083
575671,13125931
4596319,868954
14351524,7839355
9673323,16504490
11039680,2604438
4586290,16253006
11576760,6734103
10156428,7608097
10763113,1033298
14158507,9459983
16733986,1773922
6025796,13028280
15957982,15237705
14232526,1066611
12210406,12714916
1969070,2106196
12299511,15480535
9874256,1556581
2162364,11376294
3777978,13364621
9658348,11757431
12975318,15778094
6082753,6381257
4615013,10858334
6575686,674450
1238051,16317316
4886689,7593503
6615775,2364946
8246722,4529907
3863310,6342022
8577910,13130683
1494180,13076770
13890754,15565784
6931131,4757796
7908934,8439073
13771221,8767892
5681633,2210107
10909022,8740259
5572737,15454298
4678757,14186975
7795161,9519876
1849145,7725155
15255203,10042382
14919370,13484266
8813595,9465507
15238733,3077910
10115826,16134016
4437928,3917291
9349704,4353153
13546638,631972
2325529,16404198
3129914,7179823
877464,4629856
4920155,15304860
15466963,1500379
5695905,10481344
13959742,5675027
11979914,13454366
8915918,2847802
13082091,14641652
15682634,10320012
2270975,4290915
4469948,8417329
6094115,4497161
8386468,4512801
16623275,10258667
12247415,456050
4992407,5347366
7605578,5916638
16179863,13631146
12688374,1940134
8503936,15657340
2958918,8837800
14420761,5753487
12611302,7183003
6717870,13099901
7131346,16172639
1085347,3054930
7119277,4714229
3601029,6874779
12254204,11256063
123939,4794
11723241,1093266
5647837,9503072
5407511,12522880
769624,15352556
4663028,5888517
15597354,9051379
7050403,4016300
9956916,6851796
8387885,4152979
10850423,6396048
4790883,2958477
5862423,6230160
16493820,8858771
7572064,9449654
11666441,6377934
8838813,3266244
4972955,11963
6631186,13748466
595622,12600396
13195761,9426025
16098934,8692657
15193028,9673429
16219525,6731025
11986508,10743633
11808078,13492611
16204389,12817141
16500219,2439920
5792608,5590935
9521859,7929614
2876084,2305092
2296613,2691598
11130145,16729044
6822787,2011762
2357509,410391
7354356,16218808
8397008,15380998
5868409,8721886
3803501,45123
12856612,2796453
9347547,7750150
13996970,2628680
14831548,14441584
15116020,12085605
9772676,9749518
4680919,3572509
2306035,15684103
14995340,7554172
4788244,822823
6265154,7919937
9466119,8764598
5347012,10685243
13172132,6036907
15371099,11093975
1083392,4944154
15177559,14039219
3360011,27861
16055313,13018606
16600308,3124314
15875068,16244359
9624286,13235984
1050212,9333303
12754164,711399
756903,15324144
11821772,5567489
4432494,12510396
3661612,377075
9125238,11441001
11862173,8060818
6379356,3583238
2102522,7343762
10572360,3052007
16536600,6235181
1744078,459608
13289385,762046
16756383,7020506
3610102,3837405
13633762,14811381
5150048,12941506
1926800,2757095
15973620,4749416
10151662,78898
2918709,5058066
5980170,4727412
12462218,1311615
4811112,4742569
623255,16428635
3414099,1383197
2019162,9486512
3364297,14088904
1777654,5318746
10242338,13271081
9602456,12442246
6868950,1864056
6937876,16465664
2839540,62886
15398383,16614538
10903225,5310410
11503384,3605751
13790563,13979832
8911259,9566223
11014072,15357967
12184137,8783623
7212388,2291614
5555873,15733042
2566003,4406988
2172850,15322150
5119918,535424
16536825,7474954
12788849,9983237
5555217,7454045
9516469,15647331
13932060,16214168
9422623,13694101
10716708,3213500
5319831,3905428
63058,13067732
12763912,1766517
12790558,4276667
13111890,10489851
11244111,12973196
7994370,12993658
6639603,12205860
11278723,10162400
5945426,8149757
456208,7889698
5112146,11347996
15695195,4856294
5880834,4901017
12984063,8080147
12086949,15552739
12516290,12302722
5975773,12246614
13523638,6171063
2416135,11261004
8579592,13390634
8163905,5365755
2878238,16142367
7096805,5260268
2247403,11158252
7860511,10469400
4604382,6133565
6330173,13314891
16083235,1213790
11237561,645084
16448846,1493711
2182180,11489829
1459700,12358641
6772877,7178356
2934473,16684640
9283036,16773089
6747790,6146752
4638255,15926978
12286793,12027954
13834527,5676024
1817969,6202134
14223078,5472050
2092750,6739807
10745708,2485987
2688787,9754887
16112924,9126288
13371793,7197808
16324710,5058155
15461953,3326338
2170235,8332540
12852210,6678913
14907394,5461364
7829094,9635947
4466241,9178853
13502942,16252569
15848414,5531622
5936823,230532
1725326,3022074
12707490,2761088
15553639,10813474
3843172,16392547
15241392,4341065
5034917,8145800
8069825,9672739
16441366,14164375
14687471,12517272
11359028,10008633
16383340,3641963
13674034,2514012
15801812,13103515
5695512,11384413
1544952,7820482
13277587,10653082
13676719,4362068
6463294,15214952
8611013,13985488
16618270,1453818
12224278,10350765
11290212,1715532
5548016,8400792
3199602,14040541
4843619,2130702
9542782,13020367
13852070,177944
3778845,13194024
6363407,328264
5440022,16534605
15559118,8682367
1180531,6505814
9415506,1079652
1120827,2828441
15115332,3075886
5592585,14008430
1608269,11635465
7639204,14465297
10969229,10063837
14843185,771677
1040188,5639118
1262503,6325380
2182590,12552612
11337261,12707791
14132764,15877345
10148157,787850
11236278,2540514
2617525,1232435
8567796,5724306
16008795,3008703
15877770,11136493
3686297,1074661
16606685,15174211
6491532,7501421
7092939,189574
707679,730245
8455096,14848334
11771289,3375278
13065440,5846405
3665612,2670854
4590218,15873778
1560463,15259569
9488479,5336768
9006435,3112090
3227533,15556170
1248082,12133927
95974,12223965
16510847,15273509
10370469,957137
14027294,10821441
14594641,8762273
5072063,5385673
6575405,8902356
1193704,9890526
14582414,6611186
448494,1562193
8910088,11616998
12586155,1670450
2279140,14693275
11289377,1712882
4398616,11309384
14795969,14327195
10103630,13766856
5209833,15899457
3608541,331915
5113427,13689047
12559945,12062287
703493,13596276
6395688,602930
12170930,11913040
13720214,6478065
8488089,6236869
6506960,10103384
4518460,584055
6859567,10957066
15823479,12513714
7717647,4055901
13888257,1105177
7989217,11142464
7345829,2273024
14022261,7442666
16491020,14294334
1386050,13056195
16365529,12813947
2246553,13903638
15605293,3354695
7503781,8390819
4699999,11822278
5746787,16733553
12869398,3413780
11691804,10285250
14098020,16719062
7515063,8126116
8428206,2192262
3245143,12196414
15192231,13202417
10951420,16599366
3642510,13168305
14385164,9920509
1873682,13039809
5280347,14550438
11250708,16496725
7580782,12027351
6921229,3946910
2613231,8897391
15048317,75889
4146593,1736244
15828853,8153204
5061796,8962966
9516042,4447057
14996388,6429504
15080740,8490524
14907404,577199
16393675,545078
6897873,4574729
9268453,4018867
9430118,1579013
6062745,8530764
6950262,1394831
14245805,11464599
13889660,10592698
9890829,9609005
9588615,864449
5222547,15512230
14597395,5978978
1591450,8705982
3435967,15215031
1787579,11561391
15820908,12775602
9406682,15274404
5526881,15083875
1706626,7963200
3279994,5905189
15269556,13813492
10612418,16329375
11314381,7771960
4710536,9889762
202159,1043909
4351051,11889340
6125131,8058113
1548326,11367857
11192759,14821103
8781267,6133088
9831821,8511018
7029940,15608145
16087888,9469023
16123843,3319724
9489084,9868109
10853060,12368078
5574492,7572019
1072776,4055132
14658415,12932545
7786857,15841485
6196110,13480511
12471220,2463411
7356397,15035964
1666371,4306563
15779979,16026941
5030162,6252566
3212581,6275377
4066398,6484316
13207337,13372209
11659947,6549380
2782473,13219375
16528841,1931818
9664500,13843308
8209921,6540935
12975919,11725393
9235374,8863056
1034136,3602110
9801350,5942214
11460260,3413746
2693256,11241475
11719153,7665147
12579114,16434978
13257196,13052889
3663007,5404524
4740642,3149972
3650200,10867160
10103779,4013805
472659,10584226
10566438,7513796
3243913,7932870
20625,2421514
9729933,1216154
14583556,11621522
991441,7435547
15505108,5316632
14158604,3251362
2189246,12888191
6106758,8445687
137299,12231377
1007936,8193916
10718868,5297465
6402671,983940
13088539,15214936
4285563,5264047
6390811,12866336
9256279,9599215
11229592,14422482
5337640,12486222
11771278,13806779
15461940,15965072
12901720,16268740
16646538,9673893
3895886,13395725
16081299,12968126
12421402,12350605
1282115,4804113
10897004,7007197
899875,9384160
15419052,15434151
4888547,16271956
6722012,12230048
1938305,7546033
5956788,10489753
8155125,15768221
14189883,463379
8753290,7279319
5440779,16339818
16482145,7162994
8623828,3043968
12957800,2816878
2300639,8272944
7232752,3209565
2797237,1435208
14879442,5849020
3006813,3165995
5842549,10751349
7117410,14441550
8306834,2158794
8128400,4640507
6338149,10068731
11859897,6866533
11180171,12732212
8124461,6437686
15555194,14807746
4828617,10953104
13144749,10085182
623314,3995043
216540,13627417
8433430,15636647
1224973,2218630
3427401,16237277
12525340,400857
3351312,6307860
3086867,15244106
8278868,5989000
4696872,4209931
6698704,3300306
11291724,3633161
9519534,13897487
2644238,11524705
7496527,14641396
6761575,11052992
2500681,7209626
2433070,14044979
13604735,630521
13694664,866605
11000326,14850414
14064945,14249511
16426330,1616969
4005656,238053
7640732,6586448
10354987,4859796
14218986,9874436
10260177,3731246
1328269,15953342
13037232,15533359
2431825,7287045
13340592,258462
10519698,3631330
7344634,9391544
2138268,8574745
234204,10140770
9176375,7850584
5981719,6359372
7974339,7593276
3555285,11211347
4891580,13651658
14754377,1041123
4620543,14391150
8813542,7718533
5886347,2062821
5996623,7065391
9009694,15789764
15599074,11410815
1601655,1551963
12231431,10336100
53922,12680515
2922824,3236822
7645096,3084817
6645247,14235741
1750562,7252338
4465289,5317879
629789,6888443
14798343,5656423
228652,3218417
9461142,4427203
3104102,8741486
7295573,4723112
14951584,13374638
7459836,8735093
14301813,15573108
7811228,8770996
7998757,2133482
11850449,9595787
6663971,5996910
8045644,15734135
3784717,10921520
4309000,6416775
13129152,16032497
4016268,11983802
4964795,16298872
7379366,2345743
7592612,11528852
8962560,11854502
3904784,16795215
681891,9534073
14508997,3330475
6608172,11384676
13515040,13219086
4318741,2820517
1761333,8453075
12192674,6125093
14676106,13561741
8762394,2699697
13985035,7313331
10944666,1146382
10348268,5046916
12044334,15566774
9722960,8356269
13348967,1518217
15976120,11159498
9336525,5736247
4214623,6175003
1916520,10580173
13146829,16154684
8157880,5678856
14145074,14425328
11476504,10743118
16215061,6425601
12354047,15605781
14222978,12151910
4249489,7825345
5745135,11216355
11533979,5499939
716579,1664173
5645896,9093756
11643608,2598213
10593905,5034485
546057,9209651
15549077,10570899
12709153,7475365
10839809,12531941
3120582,6711994
12440737,9261525
5757394,15473099
10001577,12413473
6266009,15808555
12860178,15652189
6989959,11003872
14862193,1556477
413236,7372586
16651938,4060359
13728275,14448841
5580999,11961140
14347246,1175458
7567258,6561796
5054759,12669707
6993603,5421318
3716261,5227591
16053015,13425635
15501624,10248792
7858119,9709530
7265145,9960365
5806281,3980898
12003831,5326189
3857258,487503
8507287,1211194
1622342,14758288
6683425,4209475
4112505,15325190
15301100,2502065
8373423,14852677
11809191,5449080
8454931,3554000
2180356,1556046
9490907,1464549
584301,12025944
16449151,1535339
2511469,1219761
4041909,1950770
286378,3281244
1122090,7592791
2572859,884590
1715300,3376664
746936,6455600
9576799,10494018
15752424,8141214
15660047,2262736
5352379,12215148
11977277,11529013
7034454,15247936
10953745,1436693
12794753,14002793
2452510,6281690
1961003,11828056
1741478,9949010
2172935,11904831
1105236,279823
3924170,14538337
1414104,10362757
9865376,6211340
3252915,1907330
15252735,12438928
9245861,8920945
11615429,11859771
14194780,14682724
571097,9536898
11965399,3782249
9492275,9913748
9505025,11873824
12843575,7021880
917819,11891208
10757449,11910664
344277,1520323
1725884,3016344
2687785,2825286
4151152,5233846
8296055,8246901
425035,6492942
4987962,9896511
5709697,11125449
15650323,8229818
5376126,10393030
13735587,374956
7632682,16317277
1284005,5925227
10186631,5381114
1281753,5035043
6395627,3777711
16450921,9491161
8352824,12028253
2638824,12046665
15533279,13608498
6617062,9329134
16412388,13502992
14097894,6887631
8515852,10174470
9329338,8397640
1808036,9536008
6469194,4953180
10190459,14972093
3455947,5644108
13720089,11298766
174596,6342220
2907580,14523804
3063228,9651352
8670245,3822142
10566043,15141300
7246172,7382241
1843292,5973057
8530775,14632330
3206937,16490058
13306515,7358122
4152967,10508066
15515389,2577829
7692852,8155959
14695025,8498390
5537316,15428078
2866340,4149347
10856156,2294080
15231535,12740868
16609473,13599530
12510628,4853742
11876352,12806055
15469201,2869456
12999578,2693849
7098777,1494988
15014934,4935781
12632811,4603962
12038653,7951416
8787370,7558389
7334764,14369248
2655988,1203283
12926982,7090234
14363764,11073340
11610991,9078151
3818765,903061
3976891,3132811
3731095,12679301
7831685,1358683
2450697,14774859
8628754,1631313
3125192,3079023
303783,3816175
4403792,12524345
5212240,579834
15230066,158193
9207382,14909337
5845173,11500629
14727159,5998981
8937188,15018098
7424802,13729347
14833167,11801169
11682593,1946456
13700472,10656807
13470318,2139432
16442480,11055066
11954270,14162928
16516222,3534326
3168551,9105401
12640625,9222917
11428779,651280
6280941,8102289
5347690,13476304
7284224,12731848
6992028,1030825
11143244,16145412
11934456,3609139
5278524,3462712
9042670,10848129
9446241,15214174
3257578,14659623
2957389,1728343
4812197,11583390
11939105,8177687
4494014,12628394
7055015,9214943
12456017,16051974
576473,8477567
4379476,11688724
12842416,3911767
15469151,5283145
12880956,11795290
13556327,12541371
3640827,233785
1614783,15825741
10708721,8885415
7053061,13740491
2401353,16209621
8383550,15736402
2639801,3715362
9981985,10331586
1977356,12430106
11678501,6118366
7135581,1325292
6479605,726604
4396388,1900246
3580692,6892785
3468399,13578656
6097333,4054613
5039259,15929601
4335355,13935239
10417296,2713485
2413979,165700
3701075,7675056
6011062,1381876
15226537,2765421
6561507,4025267
7197774,14936768
11691659,7903850
7048208,11332547
11772883,13043405
309561,181111
11942052,2973771
11913873,5126164
8893020,4272316
13836540,16652368
2861911,3274320
5060529,592240
16742565,423092
1261873,8066305
10019386,7287400
15108829,9241888
1015763,12709286
11419415,3208499
11230189,1061640
1698286,1351387
2637198,14978537
14270090,10961414
1694219,10231113
13923236,6632901
13202957,14122856
13692131,15635788
14050710,11649453
9892985,1476400
7335844,8442214
10544142,4535902
6873392,15338245
4080284,7480182
6122677,836121
6337240,12193033
11421879,12581456
16432055,6644511
9429392,14689737
6373345,5097171
1794547,774389
13891500,8857088
11233400,8097390
11627567,8038944
12737636,5682773
1020359,7818996
7045154,13588090
9349946,5698476
9467356,1104442
10566908,9337497
4266125,6292371
9894576,16687405
1484307,15075976
5661313,12930316
16076535,16179947
3956528,13843558
873206,12321228
15328568,16125367
13484863,1181093
3758340,3427728
9190215,3529331
16518548,13558191
15198002,15558400
10889668,14972994
8889489,13389205
1714389,9126909
5861072,80174
4249870,16148066
16765017,7164297
2728568,10469479
14188280,15755332
4598874,14455182
1747358,16482101
1761169,12546655
14146252,6924910
13886830,12953074
13574012,12740295
1706279,7414589
13901515,466928
15684652,114582
15676461,12912900
7223066,3692918
13555625,4608673
14455589,3795297
12935520,1161318
815533,2612784
9067652,1998811
9638417,13184579
3857243,11533006
4416788,6182684
3088512,1722344
8736729,11232743
6414699,4895483
8320458,2232962
416051,12536601
3862972,9201000
11403977,13659520
6916226,8856529
15087269,4074626
3797242,4156267
485784,9917663
3211934,12036526
4321137,7198587
15379332,13639788
12036424,1584286
12347927,10465817
1822741,6461345
16750130,5805714
5053226,1013438
7429228,8010443
3885636,5615506
11350541,4038802
7134975,8936124
10365553,7782244
13978374,14591365
12665614,14352719
3323930,10006048
4161909,641266
15091369,7768396
6988805,2695345
2623229,5783922
6112951,984568
239371,5614622
13574904,13824682
1195440,1251266
3190491,16535961
16793656,6693151
15459470,591652
15796632,7832794
9642129,2097482
7195176,12962001
13769173,194696
9937178,6646974
7495684,6950738
8305815,10257669
9399685,9716016
2251709,6427047
3714913,4709023
4665180,11228716
10426993,9369834
4839188,583493
1374187,6809193
13033688,7850219
15314257,4738768
5685722,10776260
12679467,8367838
3760962,11548358
7958423,14411882
1912027,15048006
11731235,707137
14337682,3856906
5979682,16445602
11295146,14166194
7838116,14503154
1531893,5653772
16710139,6351972
9145422,93072
10571960,9470357
15827531,5525393
8595241,13449290
8563970,4859650
3920310,12798335
4281315,51028
8430082,14264328
9670892,14730724
9282439,13390999
5112017,14004392
9656042,16614267
3632045,9850028
5867247,6876543
15984529,10346932
6281101,3524031
11819506,5039643
6843185,6455612
15698478,8497887
5189130,7388206
4803689,13692268
2877434,2385155
2220056,9477408
8055682,2405071
16543933,2250103
15449028,14205658
3431943,9896595
9531587,11844550
14080201,5988012
15490670,14219768
11009610,16227778
13005401,7312386
14050011,7548632
133618,16600480
15814467,926090
9931144,14421412
10155717,7904767
13330458,12962731
8938900,16579744
730112,7689046
6856067,11774535
11917609,7763937
6438034,1189937
14439995,14338191
8534903,11809692
1718072,885806
1734694,12211449
569394,6674696
3713800,3798832
13395117,14330079
825368,5515268
7060380,14262703
12020603,12492453
299716,9809381
8262800,13677633
13285615,6991451
12945484,14801159
303979,3470765
16782075,12129572
5412154,8967957
169139,4874177
12503602,15264104
7888144,13098583
2784030,14754811
10221622,12004648
9413892,8671326
16756112,5394130
7053273,5922203
1605757,4299200
12496727,11500849
3194035,13230207
14445380,5261724
157478,15207726
14244927,6448874
4026518,15537767
9108189,2244871
6603319,15434813
11497473,3983543
13878986,15133958
5524962,7021703
2845179,13115569
6387303,10620196
625407,3747413
8544124,8730129
7193173,15301518
3467428,10342613
3700084,14523337
7970186,10219366
12282897,6013045
10708932,8374278
8070019,16044827
10125973,13165615
2725701,8281595
7668680,12398615
15650771,4784547
4207463,3701917
13275084,2413129
10568233,15915297
11864190,6276816
12312329,12944648
15955563,12787429
16517335,6251970
10237668,15101015
5382208,2983650
5094332,13106173
1959792,14449061
2735273,10342358
13442198,3204530
2197294,3267647
13742161,16062771
14748088,14357575
4230094,11194814
5406936,13143567
4191791,16018041
4193647,16357806
13312041,15306747
13275454,16078721
86522,8714423
10831205,8608859
2651304,16746517
13747261,5642710
11572124,220041
6771589,4563882
12352231,14251663
6332830,14797717
11623389,10665936
6866468,3088943
3816297,7596118
12492544,13584330
5900906,440521
11429977,15095798
2102564,9200820
10988356,13765139
5768077,8134016
2306196,15686525
14292288,140308
4999645,13699575
8904182,6084905
10601809,14839093
14092506,5681835
6499779,4446849
13058474,8027835
3188646,3559410
9935975,11556480
4450756,2898191
9615522,12444751
13781975,15235309
7878983,15837014
10530244,13959015
9560936,1427063
13442480,10253360
12986627,15607986
1874347,1076794
10228429,12997435
14418052,1245444
16036574,8021931
11599190,10539510
11948210,16424438
4213148,9603479
9606663,368960
7833414,12138924
929850,12311042
662549,10774359
1081315,11492906
7475663,5795767
10177177,366747
2590806,5753721
11082416,12763214
11181383,11014499
12901526,10317097
12327635,11107735
619682,637356
2822245,4095779
604428,11114578
9717282,779130
10466643,6070649
8608646,1716057
12336069,4711635
4536220,12546685
5831777,11606412
10907222,4655601
1927026,6923266
11556532,15455098
9383343,7562738
1883677,8769695
1616215,14565640
14998728,3696658
8015927,6356723
15316890,16188428
11234931,2949875
11305672,9527385
2110273,13475816
3362627,13039547
6569140,2410479
10410516,4233849
15186285,16700912
14242388,1710672
14987217,3180647
3037873,7145258
11942703,6600765
10154751,8522743
1104434,7230681
693209,11052637
3214576,3892630
10216698,6648654
8729569,4918811
5710026,9121981
15157965,6617211
16769216,6761163
2091861,5948804
15460034,3281064
412890,5810418
493813,11254243
4081387,8125265
9753917,12398879
10242852,8208241
16278102,6956108
16258026,14673429
1112654,791705
4553438,5194094
15387798,13517476
16063371,1177042
598862,12699882
6578035,11775858
9059470,6259220
9071805,5603986
229195,13177598
6439423,4027710
5088026,13317784
1666533,11418191
4125317,14369702
8336027,6259824
3805759,961334
3998937,15730851
477039,10954601
9440447,12548956
14860710,3752429
11407874,12498290
7289400,8011739
762826,9171122
13696287,12021421
10210704,6658223
956036,15066770
6105840,8381178
2380545,177075
15165028,11917139
9228300,5866713
9641678,8236106
4502652,11725081
5595237,12505512
4143926,2613259
6613870,11721182
3441501,6864860
15925035,13242635
4483206,4131256
2827340,16618643
13668343,4568061
4908061,11421938
810769,1653984
12851235,3653915
4611415,14231357
2785817,5407048
10769287,1855460
14989752,10962389
3836956,3136991
10427638,5575397
3345986,15124661
13641739,8463426
2300581,16407751
7362465,8390006
9922906,631635
11140953,4520517
9817279,3141169
15293066,7310120
11712292,12049957
7853540,9203656
634652,12132930
1389570,5467669
6019945,15602508
15447866,104567
4426373,2621133
15071016,11793081
13470884,864056
2915360,14145290
10189597,3327084
12297957,12446705
1634596,15655289
9921521,12172371
16789613,3250740
534610,5218859
202535,14570515
13419293,5737871
15076084,5285534
14098715,10781421
6744767,1220780
853149,9362960
5057169,12901140
4686058,3102231
14253500,2718909
11022917,14767114
1988935,15550962
2537420,1827428
14382973,15510189
10217343,8945515
13090333,11635063
5400086,8977378
15185361,12007473
7877864,743338
4743343,11820024
13954997,6047075
13694659,3301946
3237969,12524058
3286784,7318571
11027680,9471894
7521859,7173581
4155703,3072322
5736593,14209858
679858,14496067
9214734,14403119
9738665,3656628
10302636,2049929
10292448,4019395
16787020,14912193
11564320,12707866
13932446,5160575
6119749,8838832
8605742,5682393
8692213,9540147
11958361,10555012
12920047,8430543
12440429,12449715
574059,15575556
13467226,7936380
8718841,8632193
735398,9179373
16706132,1298437
8985304,12968668
111095,16094677
1249966,7353829
9709260,9140272
3925958,8807467
8618637,1051007
10879156,2175343
1951467,14152180
15442965,5723416
841655,3208972
11503980,12648134
9536350,7700132
15151115,2863021
8304541,1679157
7041688,10105484
10105631,9265520
7479141,5439818
5986863,5552962
14168018,2870659
14321112,15520821
8333810,2899695
1893778,5960996
16701679,5899415
12423801,4019852
5676574,8033690
7351421,2548469
1708947,11299795
7834975,1437246
5348109,283645
4307921,8486604
6912117,959071
8965826,16481616
3165836,11371941
12807244,2471219
7924661,11272323
5715035,13594096
354229,1369463
14510666,13402690
4101471,16477746
1849246,9303311
6594081,10824579
8969713,13165000
3075370,3553312
12049992,1854870
10461526,238152
12577042,7507554
4400229,2161056
11876447,9174091
16470718,13265455
10972148,5613771
6149279,15939006
12286938,9833217
5344331,1402225
7860428,4651707
13345370,10467741
9594874,10159374
1568205,6889014
1817744,14735651
14371928,12701822
16765465,10602969
16243423,2556723
15472364,10044458
11332171,1359210
1239430,10736728
12829883,7477919
9615424,7850648
1129844,12873566
7239499,10505354
14675167,14944055
7666699,12695365
12143855,1704716
8296085,6131415
15722115,4394932
1755316,1088396
3202724,7281310
13199169,3997679
12809456,3105152
12622392,1306430
11392189,5184863
1681960,4772114
14983034,2036349
6985064,13308487
8574263,5916391
14544008,15698964
3723584,10149310
3728418,10595284
9893243,15682179
13155727,6421081
13141599,16265945
2964911,806488
13624075,624915
3117235,13506176
12591302,11404358
14213874,2310904
5810688,12737256
9081877,9803675
8155898,15652578
8248268,3592275
14530927,13909013
4227438,12246031
9965975,15163153
1678101,1078325
13129586,1417685
13991285,13089210
15225288,6067593
4704158,11247131
6395995,14325719
15761636,8729202
16765212,3578378
6321622,15872049
481090,5444472
16537644,8436659
4878039,5245803
16074909,9353043
11995021,2339171
10718118,9402513
14494929,10629906
5267699,11702238
11206664,3978990
4661364,8502660
4406073,11204374
13121638,7604318
5983398,16586052
15122113,6134880
506556,4206094
4851016,2133254
7965628,8773115
9398623,7680821
2638547,13951466
11048840,8436633
16356412,5673475
16611652,8056881
13636410,7782002
4485025,15898882
7494244,16534446
16772587,6175995
725147,4269900
13705197,12694281
3163479,9426918
6114359,4511590
4452561,6429788
1625998,14111938
4623670,4544155
5766173,11711776
632875,13103524
15233224,13383493
14181713,7611124
511580,5779752
7579799,16287410
166176,2906646
4492376,1743591
12861613,10975380
16339704,8151997
12096157,14180186
8889995,13017436
2374183,6566896
2774624,13504682
13470187,14222208
10665475,11142017
9933633,2103867
2995830,14921796
10063138,13013075
8673975,15416292
13295331,15685669
4928846,16147682
10767907,3879643
8384119,13199453
11295373,5028540
11124051,8464900
7841121,13873811
8488013,1444742
15584239,2083760
13981595,4445135
5743317,16512531
6731852,14707502
3612058,1451175
12027562,10255396
9010359,475120
14167215,8439426
9934052,5291604
7303021,4441830
10725752,11195503
7759975,5703648
7457892,7398755
14869222,2093660
1869279,5822126
10216645,4007883
6801456,14413598
3736976,5026422
12326297,10660269
6163464,11923908
15944585,16376559
1066338,8811277
8387240,4208961
15671075,14931501
11636345,3709310
11057011,7868177
4298131,14151589
3368679,6671923
7052270,12089426
10317955,14462129
12052348,3419574
16284165,12708517
6020284,3392250
451059,11443675
15817278,3085667
12462136,11932952
15242805,4502471
4847214,10840396
1067401,15432388
9032065,12017342
3317664,4509791
4320183,15590016
2211580,13075435
13633093,15212248
7303861,1950681
645780,15173204
6933996,10744754
9755595,14434159
7382174,3921345
8163304,9240470
9778521,5258761
5707909,12960798
3456839,8058738
11573011,7265466
308509,11909286
10898554,8625453
5465629,8564628
10980308,602865
2333436,6362939
6214992,13627875
4002073,15610948
9273436,14560820
2433023,11788344
2852479,1337479
11760351,10769253
3484075,11943875
9593602,1258333
8487570,16341369
4677036,5178120
11200522,14971927
10801517,6479280
9636592,619803
12782294,12056409
11672116,3918642
3397933,9388113
15143669,13512948
8957224,14496877
6370340,14187677
8011148,11338630
4800430,12612045
9978638,10231879
15550359,13799353
15499816,8189847
8891801,8146243
10044190,1979799
9900710,1390430
7507592,8827666
8392026,14640939
4414919,3163050
16144298,7969230
3966350,1855916
7211336,5043605
16127104,15686476
7884355,3521259
2009710,16334311
14621365,14874872
13929948,2505687
16532743,5401646
1602643,7220185
15361114,11473626
9949410,14851347
7843443,10495836
11222799,6496524
4005978,6683508
10445931,254824
13522291,11381604
1981557,15719055
1934538,5742112
13360206,13870860
16546151,4665335
16476448,5917868
1283530,9154805
5206815,12432486
2390788,1785657
10356598,14171281
13517139,4550225
16476814,2568951
9957144,8400179
12064794,9462596
13612892,13052861
8162177,12931139
7291266,3901163
8650803,11200010
14050446,7842572
14691766,5634708
15990662,3465112
3113385,15242085
4297220,4026981
1515997,12306917
7146903,9990038
10847232,12239307
11330017,3502583
15166067,15725535
14615262,8656680
4670864,9767049
2964199,9418464
9871574,12804096
10346109,8895285
4137828,15983353
2337142,12866850
3640402,9450569
13698652,11876403
14406477,896362
14328077,15017889
1908569,6284521
5656798,4680584
12231098,14058983
10152556,15801738
13480228,6943754
5156741,6452709
15435638,1419334
6685337,10708653
12221678,16370811
10293429,6198586
7522175,9838687
5597154,12632292
1689952,5310316
2286586,13947302
6547563,4429402
11987780,12148074
11364785,3601773
13765386,2698342
12160367,16695019
13391294,14506738
4644098,6055589
7553782,15255680
5334903,14603698
10921339,11603869
13107256,5672767
15072351,14063423
6529308,10565664
1215936,10416543
1169685,9314349
9828298,1992635
10576499,7979879
13429802,8429619
2148489,15629374
13412064,14433882
13100806,12031936
3158112,6225512
1770665,7488817
5609523,8568799
1426014,2142987
10246936,10830981
8582826,12737023
15399411,3174012
5917995,1068241
12279430,6687853
4498241,6746296
2505855,13650903
7080508,254989
16310420,723046
12808317,8003675
13513356,13032318
2072993,4343465
244078,8778185
5949978,14461126
3159448,11367207
8577972,7920886
2333175,16196919
8930168,13365984
9422897,8067272
7498929,3935214
16280538,10935514
6360591,15416641
2035188,10071819
2568774,7774247
14614348,6835091
4018703,190379
7781439,2970348
16265861,3532315
7802666,7061406
10567302,15757068
6666163,12079449
5203343,5426183
561608,186117
7164247,13732044
486866,8912406
8520351,6461589
14898692,14643366
11428342,3082330
16324888,15120509
15921132,5954000
16257036,15550688
12085859,11415081
10926536,8979452
10594885,1840653
15111616,6786035
4690477,1947416
13052770,5609989
10995040,14495643
7718644,631898
13786931,16470955
9088472,10247252
618973,189424
5762319,12517966
389380,12329055
9758932,1789787
14173047,635350
8895452,8689774
4291582,12326654
8075830,14740643
9738599,5444313
6765718,9747527
5090539,444260
14327041,1239004
13551055,10033961
1602573,10935088
1732086,5888803
6654880,10248864
852784,6939647
5996091,11466261
835551,15024527
6555148,1136545
5228204,9354494
15516168,15844196
15087328,7429656
3002734,7001981
14747944,10669195
14303040,11673989
10751097,6738767
572599,15513942
1332297,12809346
8555060,7875654
9920339,1049792
14437312,16096446
11962533,3708164
10383627,9282979
9848271,5866553
11071150,3286163
12322336,5990877
10849099,5111795
8353706,8634243
16192463,16649517
447150,16267148
2611027,16611986
4026392,8781886
14918127,11405879
6041636,874329
8100757,8218711
14606758,12641576
11443030,8343195
11395933,5459309
6839173,14992040
890069,4667847
2992702,232820
10740723,15677424
16517612,9360935
5164251,12944853
9375303,9162903
10089087,11471458
1832707,5786792
4612395,13465750
8966922,11391834
2753816,15888516
8040864,8096585
16607347,10564126
13835334,14582245
3620695,15960833
6894120,7679349
14190781,1171826
2698517,1007147
7395837,4701553
16457563,8019844
5563724,11972026
11532085,10918727
8265160,11873617
11717915,9471124
5591590,12665726
7642186,3594830
6136358,15689114
3259404,4381569
3736069,5719393
11239252,15307479
7206795,3770291
5158110,1694278
12056715,12477528
13242160,14063763
200709,3674512
14354110,9722793
16535662,12208246
2968667,11297204
3272660,3877483
4253359,7693785
16490827,11072938
1361435,15252871
16730628,7727871
10648077,4530625
13629851,5637462
10267084,707491
2692118,8491916
249602,8339949
10720708,6686521
10837522,7085314
16352647,309890
5020924,2584839
92402,15210149
558208,16451253
7613418,9663727
7245554,6417068
4314317,8914533
5424445,8400895
952682,5791004
13334145,13904971
7097337,7745175
7357017,9078956
9393203,15839344
15536635,9271019
10477531,9024752
14303218,6522160
7368238,5159380
362520,14853938
7813521,2623411
9593036,3931948
16369957,10489089
13805588,9702537
16007502,8756745
7808499,3643410
1819118,8851612
13300298,6015117
16484442,317049
4625117,14946562
7848266,4268123
7879250,72297
8506414,1928427
1971894,10372876
1992397,6812318
10145604,192803
10998662,13803044
3398891,78237
8432068,15913506
12421405,11278903
5520797,4448736
1738959,14572598
1136053,6946401
4148645,14913744
882728,9152658
2661689,3377891
16237103,11997705
5882152,1226236
13098436,99338
4476793,905890
4277168,7169334
6566312,11744756
5898047,14942603
6503739,9567736
13117944,9896398
7693091,10002156
12180548,2600414
9806382,4158239
7531410,1319222
4788103,13020185
7106576,10424424
5559882,2639360
674375,1523552
448723,11113299
2698851,639597
13988746,15111666
10254696,10369261
3777170,3158131
5915275,14479210
1461778,3789555
3118122,8104080
12556860,13527111
16075526,9700999
1961696,573737
7691831,12892931
7716165,7213183
8172496,4392603
12584403,8796803
6341322,834334
11469579,6501197
16730462,8571445
9775687,5524626
9011253,14421967
14930422,1757512
4828179,2783463
13269997,6116468
13561792,3133106
13555391,3136505
8314829,9208569
12781887,10718657
11822168,11162873
7351392,10872717
674280,9012920
10403000,1196117
14720088,11745165
6711919,313314
16774925,9882054
1153115,9833595
1310996,9678856
15485903,11679935
196221,4917652
7182712,3984774
4289278,1281125
6918191,4109237
7868377,15809184
16795716,16175583
2287969,6931008
14165450,4361305
2132871,9487720
8189729,10320277
16194208,6750453
6901194,16680078
2408558,14861223
10537738,12547239
15040252,14482985
15471310,9529675
1533868,2856354
10429888,4641346
8703017,11546372
15651789,12784996
16450781,12814188
666517,7173205
10497970,1263215
11301384,16154284
2139849,10441743
4567619,3864970
1857878,4356959
4413328,9675297
830279,7981885
2256040,10784110
14061782,355173
14333434,1925285
3335482,15326101
1642854,11192974
7253067,7531888
2973075,14849373
13102337,2498712
11597995,13149640
145144,15461430
766312,2942726
11046613,4759760
13215334,11878133
13637410,2740083
14845128,1767777
10690357,8387862
15444215,738572
16421990,3505414
8717889,3092859
4483101,292203
12609743,2337187
14375787,1306859
1698918,14844910
3962751,15001384
4722775,13270674
11129350,727794
15334266,13382101
16361645,15455965
14420464,901239
2624838,14403498
15231941,14376868
14177836,10275547
16723292,9420165
11513538,14585550
16271175,14956101
5439337,7550820
14650005,8780896
13705452,1889610
6906527,6826076
639234,4808133
10496121,14164561
617842,1026836
2210505,5882068
13472442,14452663
4700910,2836412
14692629,10617391
6515813,16758178
10486202,6625219
1061346,10728268
15144276,9989387
16225656,10721754
9166315,5766856
8209635,8211888
12462432,15070757
3412536,8955195
3946572,14815658
2691770,15604198
9785452,8916325
4908574,12512629
12028087,11217218
9209728,7258405
15606143,16781933
9022785,13044537
523746,7053006
6264869,5168530
15541412,10038109
6490447,2747706
15688412,9366088
4873672,8266382
8018835,7311264
2334681,16386818
4936163,15301105
3066779,915999
16584074,13231454
11259505,5503211
15853291,12233218
16768871,14172176
13344770,270144
1024050,6876791
2219550,1430720
14603167,40610
11766712,10343186
1695037,11605731
14950596,3214880
6959147,12562456
8172092,14099142
7536010,13837966
11806483,6016441
12429962,1257452
10156564,11718222
13999254,2314115
6843159,264131
9048894,14495815
6881879,491222
2349666,3359403
8434500,1379391
12740214,10131434
12913262,5900553
9856666,14785282
78068,16144558
4894820,16474509
1933874,793345
16373226,7760432
4283718,11266922
14643859,1147844
7977195,2585920
462895,15025169
4826487,4964405
6327008,4190644
4181838,220181
13279502,987076
4525567,15645493
1789138,7322190
4919992,4694207
5124505,7289923
1451084,12992184
2297880,8534017
4029475,14306469
5878321,12220397
6917748,5316720
8665,4112203
6468060,1022259
4062994,4818592
11860589,11733419
11733243,11369228
4907876,16471792
11393703,14698365
7931197,3483575
3130537,13014831
6673655,11043099
16680078,8944069
14227890,5107243
13907888,8562901
10195026,15213636
13370969,8313771
11276648,3295012
4090668,1023621
1548657,4378346
14919301,14563983
1271224,1751284
5825039,6477851
9438806,5148246
6656871,1953723
6013333,2375956
9585667,14757541
7073425,1442633
759056,1850625
15905429,2809608
10827002,14694836
14419326,11265276
11871223,11749875
5482529,2553795
4459213,10270435
8487556,11589703
981113,14756101
4587611,12563630
9240231,8889324
8650062,7135955
2682842,1057003
4549206,6186228
16116928,1712141
9216473,11415069
12835625,11481960
944664,2879201
836706,4461411
4082810,7988154
12245815,10052578
3753449,8621037
10958586,11237742
5758173,7819948
3231890,4941639
5189143,16750642
6047373,2672035
7906427,5337816
12003691,8834317
5046821,13027261
3365986,8960772
7373030,8047293
6115894,6194577
3436592,4748797
13188240,4315787
9914249,5070525
11361855,14231650
5044808,13684899
2612087,16763377
10418082,11560813
6507188,1259064
8360146,13080815
1578048,12212562
13916189,12189718
13394003,3586503
15804544,14039474
11113088,12849745
14151775,9536063
4637989,12765540
2026783,13406130
15062117,11765318
11753265,16725618
14845694,1772379
609033,15142827
15764,9159136
1353484,13130474
2230846,3042990
10305630,16481429
15096447,11223362
2468043,6572759
7689762,1431522
16708483,2491128
8641223,16423924
5277778,16363509
6943754,12182425
16097187,6040911
6713487,13586432
10995165,16666719
4894452,5278751
2723395,712335
13832196,4272053
6573757,15349806
10151982,4909509
10891195,6876697
10659047,2396472
13702339,12959312
6549844,2050504
3856784,265474
16283444,3223804
1713020,13664098
3346746,3429678
12725257,14932572
16516301,8789025
11666572,8716983
15094241,2429887
5438653,8450166
16749607,10184852
8238857,760103
10456270,251512
11005697,1455632
15354332,16164089
15868836,8109118
6459241,3644548
15847690,16456360
11833171,11888687
13735288,7679440
13651719,11867441
1682293,3128574
5860862,13947390
15082278,14571446
14594629,11908258
8774952,9209457
10059842,8797441
1434876,7428010
13473628,8712664
10939475,16336404
2663867,10854809
2444714,4377663
12386330,166119
4929508,15030398
3705192,1957648
7582180,11436877
11362332,8654539
14413238,6268913
14656703,16137660
4998699,1967180
7396150,1347276
2814372,5971253
9908672,6598611
10596721,15590861
7850535,14824362
9573216,12222208
2574130,12733893
12196093,8187519
10103006,16053130
582202,9823087
5195569,8535466
2608504,12453020
4460721,6273709
7030325,7207568
8454747,1601069
2974912,6293167
2747675,4596711
8975517,9793689
13309498,16300853
2859368,7595668
5477432,3865269
12976122,8809403
4433087,9888567
4893197,5489114
16158735,2333899
4667718,10267619
8071777,7558253
10839778,963197
14315164,572976
6916415,15958472
8305720,11302843
12484019,8695416
7745046,13584482
1102037,13364176
11483766,6013180
4110949,9459661
8426583,9469261
3440543,6457863
10876766,6202821
1680262,11898383
12624966,938801
2802898,625965
10180494,10857685
5716738,8419048
2292905,6710500
14994516,8094541
13882197,12928343
2723633,2874193
7498366,9112583
16135976,3584238
11418601,729162
14583590,4711469
6193932,16470487
7042515,13942829
4869050,16369039
10642278,6455020
11722390,499122
7111314,3523186
3859673,1502725
14844650,14681200
2259049,7408436
9876898,11041435
5491322,7035435
6957854,8989265
3818006,1374228
2679342,5381299
13914172,201760
10793352,15448694
7344916,8162215
2425474,4235384
2859243,979699
5217823,1295575
8956395,519031
4028367,16202673
15884607,9578223
5272555,14153041
1601944,12309453
6605715,15981312
6515812,4181268
8301835,11995106
8537744,2698678
4789924,8082425
6436754,5847481
14505321,955196
5997245,3075784
6394011,310515
5857655,1419865
2918905,10669991
10118310,5602910
14354872,14224656
2987261,5180161
14980673,7205186
332110,13314682
15006459,5058245
7037514,2294226
16280366,11801825
1732296,8333529
10956681,16409367
3468384,8204198
14939666,6218768
8053175,3048941
14461940,12512552
7087521,14578975
4392656,3146216
11771128,11676783
8339772,5230277
10142202,1400522
6532454,968907
1477795,459322
3437495,4768957
9235430,1307715
1729108,13660485
2187879,5170613
6288256,10908549
10541367,6912957
869248,13492662
7386947,15404886
6166189,10843528
13155659,5308160
445659,1864229
10727604,4507768
1524464,10950868
12617770,1066636
16004878,11365844
8700546,6963931
9019402,13023953
6679398,14551009
16319089,14415935
16123462,2252253
8639936,29445
12494305,9713699
888973,2266642
58347,7996861
2644826,3608895
4877885,8958658
7094640,9064883
16507749,7058304
14033729,6123380
10558210,14640855
1164596,6701628
5759275,8624915
5158349,11180518
4562993,13815102
9820059,289402
15366798,12048680
5997088,7919652
6695854,13230155
14658470,6859265
544165,41120
5101960,11405663
12623151,14238355
6798572,5500059
4962897,9237740
10255615,9305026
3394429,16376157
6132078,3656518
15534625,1638478
16166359,15043474
13006026,2188101
683149,8120077
9985416,12992088
321308,5738034
4702684,6600292
3574583,4048893
4887399,7086928
14477328,5514565
15548228,3171314
10065974,7192360
9996680,8451169
4117766,10185640
219596,11259873
7994396,8927844
11142860,11904342
9930398,10147642
10855099,11908011
2411580,15139896
3125142,8817640
14071853,1152279
8837753,6829222
818800,106273
14079619,11116426
4674389,15335633
7943764,9890887
9287724,8770836
6076542,8306251
10267621,6129861
13939694,5751059
16621835,4506680
10096300,1532927
13714226,10920641
9771553,5841629
7804200,2862008
7708472,7806506
1659478,5326737
5964977,9966854
342156,1044180
13476467,11583433
5434202,4642680
8490924,6703566
1607841,11356742
13766562,8754738
1242561,5597109
14522134,1794968
1666635,822659
15392182,3166704
8170815,12573446
382680,939
7292713,13820070
15452235,13482393
867269,8972615
2902255,7758371
2909913,8816572
3554435,9003075
6587201,8691332
4428269,3993267
15597964,13927141
6438818,7590709
14956267,13414348
15889734,6807025
12677000,849224
2922283,15632507
16012657,14935018
14291396,10340995
1896804,14835560
14245677,12380292
15465983,11814871
12249416,6401699
8994781,6244451
2018185,3139108
4350993,14183206
6092030,595434
6327158,1595130
11212486,3477183
639608,4781982
14798502,3653872
9163719,6143520
7979842,11451333
13169362,2100189
15686431,12480782
12794659,14796760
4781044,6508420
10696873,15054698
7665620,13734197
9509313,5466088
3890817,2960868
13300992,12927501
2272239,9205296
9111259,8215296
11346846,7828160
8440769,5411627
13760750,10767250
12670885,716051
15855463,1295313
5613680,10379703
11486950,11477216
3030477,5909543
9549695,580255
3680754,5825698
4175035,11437027
15719659,12616489
1171418,5144514
5972275,16188495
1334166,14086065
2059287,1320114
4508499,10790753
4379655,9990317
919598,8290891
14790628,11053499
15206287,5589144
12826930,10820073
2659961,10377670
14258014,2189594
11641277,6052878
3313076,9430151
5447482,14393919
11787796,8573523
2531690,15785970
11610446,15096053
1687809,2257239
12107698,6881650
9040164,14288647
16052289,16026836
13686728,9033467
3006796,11817932
12460871,6830189
13555054,8554226
3018009,1082658
10452227,2318440
4315179,9696956
935819,1746826
5098793,8306294
11195062,15412846
10604873,1849617
4987187,14996523
1412023,8733474
10453735,8925021
4353413,15675099
11738497,8194605
7645711,13784001
14206717,10311710
16114807,4430404
4583240,3927727
9477794,13175982
13291618,11526416
6900735,3717402
7639298,8856695
935377,16377056
12446493,15513116
10145790,11499947
968134,220142
8953773,12449738
2049997,12366055
5811337,11947196
16059347,7815163
12597658,10843116
8378595,4789068
15391702,4135930
2397543,11381084
1294082,10596225
16778466,13162163
1664268,1397682
5038712,1123936
15047085,16060353
16413823,3837835
15515419,2017183
11384106,13328537
13173648,2034334
15363301,15055960
14729317,9710258
7007148,16603643
15902313,747232
11000689,15065974
12762237,11585955
6841767,5991348
12995952,5499169
221170,2547855
15140712,11266292
6896949,16399805
10053266,6680365
5787392,14159354
15620632,3582509
6906365,15664851
6022463,13825263
16021865,10660938
515334,16617555
11684662,14989894
4386775,9890280
11457934,5539612
8333064,11024724
9268665,14515179
12939814,874920
15814422,4662118
10349267,6781084
5398179,15495870
9507507,2415427
14228095,5257
11511888,16540222
10813585,14426582
9311561,1419426
8463217,647802
6236077,12205108
922939,4940179
1267777,12120885
9438963,15551267
327361,7371836
16157941,15741027
1252707,11864308
8462483,9463756
16332656,9046495
5207860,9489040
2100703,5879408
10382285,8054463
5434313,4367877
13962745,10237428
3636585,229955
2184055,7585760
15471756,11349468
9307730,5982882
14117185,6619146
9765295,1172411
3788913,3240845
8287066,2030266
11969089,6403032
11220658,7072277
2245847,3654854
9309944,12213609
6576577,13582804
6410505,4456340
13937960,3971757
15683275,4601304
5493504,11272069
8267591,5890425
11637058,16716237
8590681,14560200
13466619,3781164
3708596,2947827
1786517,4824681
7430521,14688019
4352600,14313480
2465648,6284933
5682651,659976
12765870,9360233
13101468,12795215
1292692,7520722
15375523,4029438
855559,9747064
7335370,16082473
2825016,1166722
7524524,12413392
10775036,344042
8861549,9790452
6219062,1907897
14448286,8425157
5087686,1538058
2027911,13622986
8998352,10979176
9346565,397580
13031218,45197
13583435,9786124
16448630,4431111
14208311,4028378
943876,15813185
12811949,64391
1670450,3480830
7075412,75810
15383935,1106308
3217035,8364531
9872203,16494869
2999860,10067459
5895958,286342
1655044,10413229
3238976,9972335
285050,9659253
13134627,9175196
4828920,9314649
16358223,9415000
3033697,10818824
14485114,8361747
10714455,6923586
2858419,12154159
8528628,2380158
16234929,6742556
6346294,7738602
10528724,12983213
1214820,16027796
2794720,16314705
12323534,3749151
8849115,7462916
5870192,9897658
11640638,5292982
2335802,7603783
4110040,3544649
4883655,2769463
1883043,4003136
6554986,16383859
13530872,9764450
2875779,16726150
10744319,12731788
13093303,12484653
11323802,3628676
5049636,1476149
4170574,10452289
12660126,9810917
3836791,9462188
6996879,10253992
15736290,343534
9021594,1944024
13460633,5538431
2999635,14567814
10705255,8562742
5768164,3028899
9408099,7811865
2272793,14701384
990915,11482638
245392,13949878
1766948,16104998
14857984,5515021
14063686,17649
2058165,8919081
4655337,13930637
4797216,16346479
9849045,3793145
358512,12537050
15990416,82129
4152856,1381735
16367701,8334386
351432,16626334
10597849,2380202
13627103,16049736
3787871,10652649
7843844,10542826
4492426,15350611
16637176,3942862
10648706,11793649
12694954,4132212
7445860,5906811
7796009,2240325
10214621,11675554
2565600,7832601
3637541,9234477
15330126,10875369
6157015,10183868
3320601,3668436
4646151,8593167
509095,16498984
7243419,15795155
5400622,4852346
316346,12242143
6341352,963201
9492182,3767911
11770522,4859665
8537234,14312160
13281806,9552848
1375787,16277712
2876015,15641083
12245671,1819587
11517133,3975394
8125815,763007
15734559,1279933
9970346,4575807
11279802,2554712
13971877,16722016
15189548,7260101
5736606,8988089
3730795,12695751
5633775,712192
2865885,6280641
3139929,558116
1255812,5813741
15127823,10340707
5350562,4005340
4565599,14486356
612760,2208612
15795133,13044298
3861847,10904564
8464511,11935315
9847698,8305533
6194482,2762246
14071137,11732395
9992403,15872858
3388742,7095548
9974090,3634913
7460952,6729412
10874136,5076626
446232,8711402
15681531,13060488
1610780,18480
1032149,12500114
131985,13727009
9881203,3758665
13978830,12985496
15479798,13495608
12189222,7302926
13191325,10471044
15227357,6111362
4659665,12795634
10111652,12219078
13714971,16097294
16596560,4797167
16127757,6397130
2925887,14522974
15407717,1543934
9641986,2897584
1934230,13566806
5854666,10229546
13164726,4320463
5292161,4208027
2181012,3629930
11682245,3444416
13209053,12600610
7485657,7371819
14200897,1868357
11381755,3920117
9121743,1594707
14525404,15608195
3081068,6488605
12821830,11729717
15066495,13009773
10080684,10187975
1420528,7550007
12711819,2245569
15880008,2339328
7702608,5186734
12245706,16135706
8331356,7746239
9320285,11951038
4710330,12247173
10038293,5883936
954185,7323724
2465920,6457467
16550374,10599210
2435196,7956853
16457305,7962612
16200875,14108849
5675244,1253499
11328885,16045909
3056158,9764205
7860745,12956909
9598741,4080971
7696941,4085395
8059525,763549
12829441,12822775
6697923,9797811
13578285,5198714
2964843,3874209
12069363,6644306
5813082,10044701
7449129,8592301
4917663,3108852
15025093,804406
13576082,11671193
4041532,10783295
1230324,12342986
5340111,3891011
9313773,10545152
2507388,4617427
12543938,5764690
14718182,990577
2214470,13974969
13962525,5197143
16141404,3261266
12136679,14173125
8948518,12813548
4051303,6371826
14711163,14643988
16570630,12885730
4237229,3356023
7110364,13964077
3276640,14190396
3067933,6550298
2803665,2683328
11926784,12430303
9084026,14165742
9757658,7633328
3039363,16483246
10442317,9700827
15442341,8106551
6150944,15169625
5284435,1380644
2616898,4902736
10936021,74401
2017885,7777425
16668847,10385864
2230648,7462160
1692644,14797610
8631807,3655906
9725813,13415663
1621730,11860806
3871849,6266001
8803835,643235
6072457,9464467
5892969,14084116
1448324,8349812
13952442,4117192
10262781,2738406
7823058,16715678
294534,5045214
14060360,3811455
12300989,14567369
16637584,7283826
9553950,2228133
14403499,8709206
11641286,13276401
9388154,15220230
3682803,3492269
15788941,16309396
5565129,13748158
1726893,2126761
8284110,5647071
2164195,13269769
1412474,13181495
13531390,8478506
16361864,15745873
14990604,10700011
11187780,7818667
9594235,10631537
2607420,9338850
2650220,2048889
13729024,2419601
6913274,8623142
16772718,5661025
11528633,9987979
3798498,3921303
8975138,5489742
1127077,11113733
11257406,643079
7089939,13743419
2887335,8401230
15882703,11924726
2662531,2317091
969086,4189064
6558888,13015198
1263108,5025881
2046170,10372136
1943262,1251729
3764621,530120
1840843,8690898
2459163,15153153
10497962,1245604
16141982,10355932
4897808,2532044
3834069,11089577
5883148,13685190
15360772,12208421
9646256,11533012
8623560,15799669
15100124,11275429
7771116,1361631
10919135,12082053
10085519,728523
2647652,11151137
4702924,4097102
9980940,2160519
6550847,3463109
1355664,10533065
13801679,5111506
2624344,147933
10612285,16301354
306314,9377944
5702148,16510740
6077346,7919196
6533049,15796450
8688715,16676867
9100428,5166081
15529361,2918557
13765089,2839127
10243908,5564765
14562213,14489845
7739162,4159402
9023082,11369636
9856379,5063645
10584875,15268162
3965613,702221
1100683,841360
13132479,7183894
13801008,15829439
14963592,14653442
16035096,6945506
13407686,11307664
13535432,10391244
5685822,11550280
6232797,2363880
5253417,9041707
11681077,7556886
9600160,15646270
13713149,13930969
8275358,12420930
8414687,13720984
8020409,7423917
13993455,8957660
10579802,9336659
16441398,7336863
11081302,16153614
4556980,9642024
4420978,9998791
10106128,5870144
11558730,12347385
16416145,7514892
2178795,16629476
8130753,3157098
11493051,8867842
9589407,14655048
3176392,11646961
10854129,14817203
6440645,1371660
13897349,13513837
9447978,13000542
11847712,5193516
7902082,10128114
8596553,5281434
6707319,717037
5061643,7026690
15135651,7874072
7475720,2554113
10799956,6467020
4698035,15302575
13484255,13650981
13630403,3782190
10605066,6513125
16490687,11736674
5220263,11139454
6578419,108272
15327499,1282842
9090580,3187263
1612461,13573354
4342829,15046260
10009045,661191
14698419,5158400
1410648,279542
14586709,8142185
15190427,15469415
6942716,9824953
4498016,13178784
9485807,11265858
9602029,7543808
14278932,5128679
15911094,13192039
14395620,16031016
12175058,11535036
3540121,332037
7552947,2720720
9511897,13379344
1970805,12685087
9346788,5294350
16655384,14426742
8785657,12539891
11776621,8560908
237815,12013707
16495421,8496017
14412523,4861155
16571318,15714822
8468270,3235590
10755860,6809167
5111958,961348
7010738,12831912
13542989,14862142
8239006,3002532
8804913,15509401
10977646,8167056
9510143,11707855
3984350,10881252
1145737,12690083
6343446,1954008
1566006,13021532
13819668,7388970
12901470,11881324
8804861,1261798
9503764,10165256
4541263,406271
11529904,2604523
2683087,8074908
2782412,2229602
2730618,15821559
15541360,9958523
10611742,5133131
4176828,11867212
1717090,16325892
15484684,5908603
11684072,7940489
9957439,10535845
13305688,6601257
9124720,16416771
2581304,390558
3434303,3788263
8557797,8470689
16248008,14982752
7952168,2144537
5191527,8148326
16439772,8071837
13669151,10109657
5504497,262692
11603388,11118083
8693454,578813
1945247,7997275
2810932,10297434
2747330,9333845
1574023,9905798
3622301,15935828
7855208,8672573
12349027,5040936
16189313,1199084
2147293,6206025
5849657,3659961
8560941,12026867
340786,15675485
15682322,10072185
2821306,10547011
10645547,1690329
14266833,11183261
15727382,15796268
12229760,9353608
10965435,15173547
7788563,9413986
14147561,14812212
14077306,11407151
12996099,7748087
15282920,6106754
8429300,4580820
8416573,15974681
2464665,12962094
5634102,14873367
14431855,7551615
3278906,1815748
3325851,11634217
6216241,12979704
8768037,6717163
12008701,1098824
13785210,3374566
10978547,16638729
6251082,4697755
12837120,1548415
12515650,7025292
5135898,11322858
15882001,12669148
6651580,12737433
1927683,13727284
10268896,2910546
12982036,3091273
15064342,14084105
7053637,12904098
2484154,7754835
5371081,11138799
8387353,3410829
5278916,2278847
5383072,12258068
10092362,9984978
13153648,9913938
5760036,15925569
6124095,12220826
13974220,906437
8746517,4622027
10014811,5057784
2349370,7966481
1764915,1907268
7360409,3616333
2921260,890228
2597481,3159705
8025219,14063605
1083472,1200452
6112571,5557544
1419221,8433251
15876854,15448732
8521165,8120964
6306824,432448
15666059,13040869
9376554,7178722
5262329,5197303
15538182,12477573
15244442,5671348
6264526,9253706
6595925,5374209
5528643,5737923
8426961,13566873
7085338,15538582
6022264,13621076
12918877,8016798
1191406,2736921
12962794,16573341
10915820,2601134
16541871,6423266
16081603,3432465
255911,2614141
609064,13753932
3920915,4163606
8171493,4384255
826722,4681649
8941981,6394254
12222819,16256400
9576501,3923135
15427512,14586447
5819509,5880576
6943444,3812374
9671391,7882674
6533277,299497
7722862,6471528
3101322,2344717
7309484,920133
3485726,14391092
8746173,14146347
5122427,3839579
3312435,3445334
13145498,12619851
5001250,9212720
5187204,4794664
4256189,3485980
8901507,15680352
9614537,12664651
15709572,13214272
12008210,15596270
3704085,5589307
7156781,3446311
15220049,5847082
11643194,2386642
3375726,9709664
13311842,16106360
10846039,9723215
5200999,16183119
593820,4168430
14208562,7848928
15279939,12175079
8394568,6588751
1227467,11608491
11097177,10063262
14554941,3732238
1056870,3680703
11089292,7921859
15858355,5272381
9231948,13414746
16480250,419371
9272884,12451556
14292277,6521130
7496207,7781406
7979905,16217890
4633099,2016719
10467101,16390320
4739718,10602907
6908021,8161839
2231926,6693958
10523236,217888
16101765,627416
16742057,11856039
2181164,12993731
7107870,7729923
16154672,6849480
15991089,7958518
6889258,13888204
12143244,1242902
12152159,8398881
4636782,9983617
8479162,5783
15881794,16780513
2192531,6272259
9028301,3290140
7906578,15347534
16543014,12648389
3171977,11002222
7264724,3977989
10542609,14567205
1436244,15002473
8684368,2518476
3748500,10673277
6976512,11005107
7858177,5302165
12560522,922680
6127105,15662112
11062975,7696234
8686161,5141208
8301649,11750949
172721,7278987
3483974,4425929
1076561,12094828
2416856,597162
10810118,15042008
8729417,3103623
15621490,9778103
5025053,12416374
6978198,6180588
13481524,4679338
14771956,14268629
14716282,9726133
15565629,10976795
8912666,5328801
13640119,13160953
95129,10259180
1008505,11572477
15243006,2656359
15232688,14890359
11716820,2467465
12866596,5970899
7217388,2446885
13044990,16637891
5953049,356432
2610799,8544286
2032350,10858572
14449197,978589
7318715,5524739
2190318,9528056
12536705,8202388
3148363,14232004
3854930,3938451
12617084,2403344
6742843,4816189
14128255,10488198
7290098,16359960
6642227,7126825
11131169,14651185
5493718,6304417
337176,2866684
6686895,12636559
16097851,1968935
12075000,11163677
2748079,10594140
5379580,4689603
4606982,2700426
5236803,8133916
13156009,7717539
10825031,7688568
1959878,11743001
536603,14402272
2992900,16093860
6371315,12310324
9184324,5258077
6110313,5392504
11986118,5962259
8522040,11588896
6098117,10847791
4232823,15670659
350931,10813916
505588,12424938
3607957,13131101
10861061,16269662
5504597,405085
3141602,968689
6999690,13697532
9861162,16103887
13762989,5166292
5338778,652912
1402635,12247314
1667624,11552904
6017323,11514492
7798048,9857518
11965857,7293245
16125574,7672053
10714688,5184279
6065944,14207185
5539528,12649053
7403473,11822891
15035672,1689054
12094859,7294668
868606,1826166
10781967,3792212
14823896,4201761
7589806,596798
3990872,7931166
388220,7570434
5248873,2142154
11237623,9342641
6566414,2410703
11364490,5374253
12898364,8274003
7746754,3490731
68349,1279774
16705294,3148723
12271756,15469511
4580727,13253633
6898929,15292406
76250,3031678
9445947,9418720
6488678,2804932
16499855,5869893
11049217,4688978
10599367,13054618
741421,12643310
13881216,4695937
14461392,13355628
7636739,16160058
12437135,12270514
5949997,10614921
14323159,15882419
7352331,15855498
15312149,8235634
13599480,12470627
4154500,16487184
13131218,16216991
1951956,12146712
14087972,9759264
8231170,16748142
4698050,902238
16522715,16222860
4812426,5944466
6786187,2894418
2616847,9745588
14518496,3643733
10133650,10759619
6452653,13676618
2670341,7477357
3477314,14982669
5957935,13053304
1635566,14964133
9283840,6179481
8859008,10725523
7193391,4970638
16407839,1884123
2141211,10012539
7595667,16089959
16037776,10327502
15583587,15594101
9629805,377252
4952654,5894302
2046176,13439485
7521031,3835328
2566332,6392317
3050734,549046
14621085,490034
54706,7079832
7725975,14766073
16285817,4579816
12462968,4342723
11636950,13286978
10451659,162614
2367586,9444271
10496686,7294302
16562050,7107292
16141681,4416096
13103612,9308187
12017042,2460942
6983863,7519410
7730200,16399544
10347991,14634655
12011717,15399519
7471174,11291396
13972543,11857451
15101955,13827638
16297925,3948191
9326280,9642024
12708513,1338754
13763304,12325828
13446,795259
474736,2054694
4245444,8829585
10585625,14505269
4502540,3147455
7490234,2169095
15691448,10080620
11301223,5823212
16226031,15685249
9720405,13662388
3487738,3696830
15620398,16531308
11867239,9803450
6667414,2491499
4935065,4884574
2306619,245004
5483735,8947056
10273410,7095048
4375201,10791668
3357311,4583633
2213117,13874034
14660128,10159226
13722030,250741
5491792,4558069
1631093,15440885
13848609,4827820
14293579,2559502
5480156,6856403
390859,6555707
1834722,5875432
5841505,14153579
7912652,7260432
7034586,821684
6054004,16679703
9322562,11027096
2925486,6622481
11022303,1022937
9221845,1942644
11974409,2804236
2527067,12925635
6921428,12901003
8891055,14803621
716481,14384840
6010714,4097847
5361176,15660541
10751902,14160118
13769046,1158834
1204415,8560661
37693,10123600
3210690,8311580
6352494,4257479
11331143,7411611
7697071,13850926
11483553,11888105
13769692,6809415
15497831,3239140
3439661,5953149
6715421,9597616
1030904,9268794
10793726,16261490
9931000,13858949
7410152,1605806
11898389,5793611
8808092,6322678
5740751,10052660
12055249,10178292
1281834,11163607
10575664,4031749
3367096,10924051
13110513,6704175
15088492,13818370
8148809,851992
5460877,2000744
2833698,4589397
4759316,1609701
784383,7255736
15353432,8913876
13892856,10844895
8243240,2180657
6832934,10530790
6254494,2106383
15396176,13740806
2383135,11100515
15518036,6804414
13401512,10009796
4604606,1140003
13680122,13488123
15254314,10034675
11632085,16439342
7052354,13800200
5484755,14124390
8002949,6867300
13659478,10238538
15443969,2472899
13008318,16309109
15769845,1514539
11871731,14707686
9411408,8753036
10741102,13436372
8852813,62252
13333232,16073441
11836510,2284759
7124715,4403986
12376364,6876959
14564125,11549555
1310881,10846621
514348,15835176
7281546,4671091
7228099,10916906
10085673,3480958
3269949,3978840
2927610,10093014
12798779,7281370
7722506,12368123
411235,16650002
10311421,2703754
6247056,12345781
12470048,4648101
6356338,15384389
2149625,5100197
8794877,13198048
1042253,15957522
9235873,2611884
16696443,15188116
6004216,14430628
4815079,15779054
9157872,10929237
251302,14292059
3003337,16152712
3083941,1112431
4461534,11535186
492592,13927995
12614512,9703228
15369227,1827896
6489480,10175703
1976114,3974449
14373272,12088796
8837443,4063590
5294575,2185399
3299836,15136212
7463513,9949768
15105048,12326159
2084759,8536131
15707999,10649123
11923481,7910043
16488832,10098531
11942755,11227551
89481,5268426
961863,15621023
15890923,5901227
1950627,7150623
2143706,7951777
2601116,8845578
7864450,5363433
7301111,15962766
6449426,11100691
8219090,2984614
1843592,4072223
14753856,6831444
6851104,9194875
3187923,8499820
16382876,15742501
8619597,15921658
943000,73378
10915888,12584366
15031942,15014019
10422264,13727487
15249116,6956901
9718496,7689090
14304015,14738146
323659,7586123
201472,592284
7290765,8574150
14190649,11235846
4658400,3321529
835937,6063804
12344150,1132300
11676380,667480
2538258,5439133
2808900,2773771
5707715,2020148
9789325,4438357
4376935,16663339
5158846,14408927
2139389,553121
848867,2200567
10821390,324624
11604061,10354629
7981651,13412814
13058157,8024503
11014185,9608731
7128416,14014249
9366631,14354501
4812073,16547275
6844749,11605888
14648053,7688254
10597461,11995998
2784300,15237254
3759430,3288504
6184044,15624459
1338392,46785
5382339,9640063
14005305,6184289
2796384,10786503
2712074,9349408
15373934,10641312
6538397,2338801
9217837,15660276
9548294,14576686
11067575,16066993
9758182,13150166
13691632,5007619
9126534,11514456
5457362,10348153
10609690,14188780
9350681,11341804
13862668,10127260
8390961,479052
3501281,11338003
14080429,5877541
15917453,12421653
12873832,1506936
2155436,8270747
25323,14020531
1816682,11893851
10841562,5358395
13540255,2469288
13069693,5100917
2179471,10535960
11715632,3102253
8508049,9148830
5935680,953383
2587702,16463051
12126812,12113120
5123439,10369749
14735223,15164680
1797969,14658955
14266275,8904361
9077745,9396398
5653226,6102833
10472378,11371934
1353500,15505647
12875967,11330588
3395052,13849259
16137356,569723
1384263,6905423
1089279,12913050
15480201,9131334
13247683,11601650
2780601,998594
7040998,3112063
4953668,1443691
6510558,3886803
2879211,3910217
7307418,13304479
5549308,11962969
8919383,10559134
12600651,10403873
9605898,665890
13941898,15042715
8279821,656841
12402447,10581612
9713108,5897202
5212524,5340025
14937529,4941915
15033152,13495271
6553456,11954941
7770175,1180031
11293048,15589942
6678694,13184975
14354393,9337463
13503805,5525124
3346469,3412499
2629128,7126719
2858883,8662876
14931876,3521804
6891501,9107248
647923,14908012
5884417,14432634
16654078,13814869
5922922,1404710
10044801,3435406
4884850,14490938
5513407,14217915
2785090,4327181
13908339,1596415
14470900,7724316
15800869,3309935
14374991,9852957
16671369,2288209
2852069,16289624
8422410,7394591
11021339,10131644
12075985,12588297
16484761,8439047
11277834,15414699
12673238,2944110
12378587,2251802
6113389,3142675
15318114,7121843
15122534,5416886
11306031,5980882
12945771,16566985
13116544,2254104
8105801,9854988
6149920,1623544
10873885,2661080
16760531,2739476
4761425,9878647
10114057,16053158
5198572,9001204
15260413,5372498
10323803,19160
9400183,11396551
4572106,6972770
127606,46513
7596892,11929021
14138046,15548865
15571733,3819179
11247527,9726719
16714644,8970508
7966622,15470893
4448222,15272546
15108886,11108305
16167529,14225636
11822899,12216349
5197523,4648860
4749067,13831318
11085249,6011008
10915047,4387837
5048605,3219536
176250,8820066
14326605,14299900
2000303,14315353
14482602,13523436
9580754,1540379
5715878,10909059
10689080,4080007
11399437,5663728
15726649,7939493
500137,16652228
3522187,14915654
7862697,5979741
15061196,123923
10273880,6007331
8597441,4192769
14564367,4943837
8236700,5774194
9164318,13617103
15844945,8586472
5730697,12581950
7173870,15105311
4626875,14536755
2783305,10642844
6633872,7176344
16228878,5338797
10148279,6191955
1375765,3545061
1133896,13562437
10828789,8235460
13225367,1181212
1711546,2285707
16713474,3343100
13142154,9735835
8388902,9026206
444228,5304018
6413052,13940009
9783978,16450966
13179945,13490133
3810185,5210980
16078059,6648228
5956541,14966803
11094008,16757880
7515678,13866107
5913705,7207248
11792421,15366659
7357004,4638051
11357375,14098695
12583992,1834772
1729946,9584756
1253950,13449061
9966788,6265657
1544042,14869197
4688410,9727841
12927285,14478968
7781505,7656646
2834783,14286811
15046384,1349678
2562109,5692015
6796115,5406695
11576521,16535441
11892533,2202910
13660173,1097975
1695802,13299571
17534,15776348
9651663,5372105
15852756,5270590
15332541,11933843
1603629,467640
9392886,7633311
4196524,8543355
4837911,14107928
6756939,6066411
1853005,15776953
185254,15426518
10810306,4980742
16653495,3432462
12289742,7263898
10029404,1655
10103997,15255534
9525491,3043991
11349194,16159729
4630852,139707
1810306,5609786
16570706,4396389
16373432,13498952
9317004,1171271
15423539,14553983
9349549,16220000
13642388,5441532
10924442,9334743
13673665,1896516
13670207,5237904
4925760,5749952
14185053,9655175
10036709,5079798
10594758,7788917
937833,11754649
15567505,15078347
140949,7835248
14932380,14793926
1250957,2759443
15327577,3361715
7515522,1086154
13985698,16553638
16541621,12726466
7627953,13179821
6684580,15024284
9845148,14554584
11854562,13050559
8637531,4070513
3605910,1127143
12468187,4085305
6971724,9555769
11182789,7601850
1336287,11495926
9295143,11014982
1020751,9613698
441873,4591078
8148349,16226864
15932430,16348371
14220908,6606603
3136715,15938799
15461571,786648
12240278,3851359
14137497,4112213
8757045,6571642
10426853,9343055
13214697,5507056
16594424,10807176
6610611,976868
12465181,2901676
14715382,14411468
14350730,5775067
11109700,9752908
9270996,14452228
9308382,13251452
15311184,3243040
7002081,14518483
10296275,829494
4922136,5945522
855846,5261761
14131920,14811976
72822,11079618
11475663,11849012
13911211,7020517
6273900,14059376
4767225,8578490
10868353,6734622
3288829,217155
4330626,2532865
16703943,3329990
11528706,1602112
4077960,12945128
2208975,5109441
12238924,10282826
12578825,1009212
4767769,3924846
3892324,5947818
7154914,3325154
1792657,6734593
8901286,2772696
9016330,16410696
14803093,11371931
8999853,3149154
8219024,8244382
9196217,10555006
10958066,3339558
10910151,3899147
6378107,16644065
111360,12677654
1627789,5277976
344552,12722549
5979503,3158509
7654637,12148519
3810984,13563997
12706867,11197939
14497991,11678329
14801803,12357698
13227471,9186115
13807728,471628
3387041,727185
10586366,6023614
16152933,9206843
11779118,12702612
11995691,2846254
13268689,116577
16317359,11852220
4003379,4469640
14254406,2843562
15540131,11470134
9542156,1934399
16508139,3835052
6874194,1033135
13124028,12553433
11488967,632619
11697354,14231433
11019537,11859137
424217,13041096
2071115,11506021
16369809,5986955
478199,15446644
2193781,13856942
6898574,5722949
4854528,5314019
3016351,12441135
16659070,652496
3533361,9229399
3490193,4403726
7077737,14237098
4452785,10620607
6909117,13948358
3354592,12698695
1138842,12842265
13370791,13511940
10867764,6106293
13514989,11017794
15884837,5901750
11576916,3774625
6494294,3616386
4912244,14685878
6248365,4407153
13376472,1901971
1362624,2583357
7932773,5435530
1504438,2212300
15901710,1520336
13205455,15419972
13580863,16647644
15477828,6782998
16553195,15270415
11550717,13834085
13556240,10689819
16017820,11022900
2778774,15912346
13818027,8086443
7881095,2049072
13401227,5499445
4424067,1764356
9350497,4804991
10410686,12699837
1862990,9501563
16042001,13709563
14677345,4692234
9998080,6874025
11166391,11913909
4355769,538669
15951332,15103033
5186666,3047857
477570,10590620
550675,7642745
899216,11216146
2286299,8886789
1530892,7176112
14765683,1300647
10538348,11315051
12713562,4237233
613075,14485967
6680518,10347379
4032446,7386645
9864635,10911711
10849603,14466500
11832224,955536
11708951,7557019
8439028,6068600
5589039,10887798
8293427,7532069
13119064,7809328
4338638,10262886
6468367,14423931
3962603,12111736
4294010,5662896
15158282,12340419
6501613,2745606
8231816,9978563
13366481,11753874
14539741,7000903
11049044,15159133
5171465,10479530
16048210,8604611
2683777,7466396
14779598,3464423
135345,5436243
3718154,6716449
5110782,8945765
6139831,3405142
6586984,9279760
5014030,11472074
9273792,5700909
3588496,9829727
8718941,2864220
12182449,2524152
11944702,184463
153767,6859163
8758455,793887
2944521,11300958
4287230,16170392
11007309,12754038
7180472,8041638
1345699,731697
3046482,4817083
3479000,4075652
5502385,11032232
11707595,3654996
16388904,3407440
2502834,3999066
10344777,3645677
13898818,12070281
3211144,5744391
1899307,7188872
10153952,1288252
12098065,4840925
11421331,6651239
6660992,9151753
13624560,6044939
8646566,7965260
6171372,8810718
1726713,15350759
650586,14121849
1073747,623293
2763740,3005316
15763239,5076147
7359968,5481108
16766923,15964336
15543683,5190630
10399945,8271006
4977010,16544798
1693995,7532029
6323565,12008923
9447707,15387868
6928788,2870239
2982168,10427359
8563632,9106225
14242484,4908335
15201273,10228854
16221597,14398196
11297977,7578578
6479092,3688297
4247034,87477
654034,3573660
11985756,10321224
8955247,3620089
11972894,15419737
14692695,14858627
6013633,2596275
191331,7034655
5883626,3202265
16013253,3479039
4615648,13121341
3838269,11068578
15390339,3372546
10250376,11986441
1049531,196559
7854621,15398196
10326785,6252590
15873997,12370268
2343838,13655113
14183341,11987962
5622115,6669223
2728675,1748424
14712720,14248351
16380218,11082011
1264220,3657978
7479124,6708445
5663152,10708546
13003906,13086393
11473442,15889204
15015393,3089044
6092202,7999836
11413174,13479722
2839686,1073284
13565188,14481955
9082787,1117014
12996734,15307605
14140661,3305219
6417506,7595236
1500333,7309381
4409794,8591472
11623070,12127571
325257,11690214
12291324,4237906
9173415,14042200
1760166,4793210
10663304,14253323
4382085,11312766
8659961,12752132
321968,2429624
1415793,8186795
15371123,529732
7619,595213
7847201,12232348
13152712,10186118
15813558,14833471
1506094,10076531
10099192,10170282
7361364,4032856
4810227,14618740
9104914,3854461
8015028,11844252
3773053,13606123
5414085,2289264
12676017,15040673
12726337,7954657
9955181,11352055
15973770,5851670
15567058,6157912
699997,8950246
12518888,15371603
902794,14260981
3582323,997179
7826546,13743984
15560452,5286799
10852305,14979309
6628886,16141535
8255792,2935372
9385612,10350294
8491025,9614770
535433,4336670
14877586,8167974
10653919,3679119
15820465,11488524
7405222,13881842
15076537,15310471
3193419,4916756
5401897,9729772
1567576,15905635
3769448,7515969
11439874,11463412
6696772,15475285
3417767,6407131
3164253,6890549
6477879,7969046
16786065,3624060
12251059,15981367
12088278,9623298
6810891,14098546
6471044,9302278
11962138,1203697
1050878,3331766
896409,13018188
2076732,6644372
14768471,9916502
14222489,2195873
10278434,11934233
11381368,12949649
16681231,883000
8587485,12364114
14101273,1518510
2904263,5108109
3591427,11664426
618492,7676013
15913064,3638657
10315395,15967927
3472139,10892016
9481949,13114170
9269995,4917371
16032605,14677249
15228305,13831416
6831406,12946877
14576603,381360
1755252,9669768
202835,11202064
16482445,3289247
877332,14266203
11643499,5048758
5055193,14175060
4884386,16087801
351704,10869606
16753913,11911246
13491743,5991601
8299585,4169650
9694960,113905
15718752,11903195
15864669,1418384
14123931,4571369
4120187,5174795
3380010,4050577
10778882,7205479
1003541,2702686
6059082,9896434
813818,9468585
10107386,3078450
606605,16082287
5028112,11660514
5665591,1499110
3252554,16459086
7558715,14668857
15257431,537643
2401638,9760995
13845822,4029840
10845807,6129712
897673,4404401
3318173,6685388
8866754,16260278
12030458,3887000
4628430,6905070
3161289,12908929
6745618,365654
142113,3181170
7424235,11492759
14390882,8074673
1054061,10806978
5925669,7714796
15667495,15835074
15664943,3776444
14104059,16259813
697629,15915161
3117559,15267349
6673527,3698191
8196674,1419416
1616738,455421
6584228,5606555
15562751,2295351
9226046,12384538
5093922,72908
12314922,7956277
15142146,8402221
7281810,15749693
13900831,6676409
6298396,13366528
12225461,2214208
2324807,16783502
1645213,11109702
9848650,15399693
2396415,4300956
3602313,12454370
14574140,13891888
8170058,16096164
16768928,3303776
1760405,7020853
13061482,10978076
8262682,10213556
14661037,80205
14464675,2779633
6107674,15264438
10773384,7904484
5271029,12029189
11546154,16685156
1352620,3278423
9277870,8451927
15232700,16030244
11799439,16508656
14196394,6597056
3870703,12707863
16164458,1952634
2977745,5123696
3845621,1651784
5716091,2962514
2439241,12712716
15756515,13937841
12809935,10322475
559977,2849085
11985514,4368856
11742594,10831411
3749172,10127870
9048189,9981353
16608433,13172020
8498986,3238648
13960077,16053929
7400046,1005173
16103930,14258405
14534332,11443014
4661526,3033086
9957222,15544557
9250062,10237890
3196521,2572082
12134689,8625074
6851177,14594757
12417555,3659753
979710,10879136
14202637,7384698
13958895,2091906
10681456,15752185
495168,5950537
165634,8328456
1604551,7317595
5068601,15990295
15791471,15597149
15101850,10865684
14764750,14901437
4210905,8129009
5223947,13524670
8898376,2947374
1475345,14491108
7707908,14463500
1787957,4588603
9006595,760726
2973040,6545968
6997667,9836499
14649534,13808108
414567,3275901
9747014,1861315
14376741,9690205
3213730,13855844
4191700,10588752
7841825,10181584
13581222,16451359
14476362,15549440
12320592,8783892
7977875,14878048
7545592,6638051
9306953,7913430
3149640,2023513
11753159,8445688
14109777,3740071
8602734,7615955
2190148,7868562
15591567,11977644
5668654,11897405
11816086,15492957
10490035,12618498
10024410,10036162
14289334,10359734
12647928,9131547
4602232,14940856
16489814,2117096
15389728,15193717
6654048,16702750
9144108,15235761
1124617,2966214
6841113,7078202
1212215,13658809
3365324,2494884
2745000,6869527
13083622,6736568
11736930,16399039
8718676,11781907
13005632,3953503
10601227,10647403
12603756,4515249
16286636,15924929
14465362,14892258
13317681,5038817
13670501,15219410
8517749,8991237
5461475,8068136
11107029,2831110
10859946,9936673
3310384,244873
827585,9292360
5120886,12371257
14637214,224997
5279088,9891579
3337564,9293138
7836179,5389681
13901780,16714343
6750078,4822546
13502393,2280371
11191917,848986
15463998,13986068
9721375,12880964
14922436,1587357
4840417,11666619
752362,11669341
12980519,13356509
13879831,11988852
5282587,12319431
14040537,13226451
2234435,15653261
8011011,6949891
10921221,3473475
386144,13965478
3661329,422392
10591087,2400110
9643053,10551502
5263573,80747
12661679,10435311
132420,1629338
15391586,14780852
14123936,15850430
9645248,12677002
4817361,15886183
12661774,13510736
2992304,3375398
1211735,15586626
9806694,6525197
10053572,4881745
5358512,15500286
10221337,16099671
6645516,11497013
9661701,4440489
1207438,9176009
6006140,6462565
2207452,7022300
13976425,10320934
12334181,2444625
7347398,12516482
10288309,3384352
4123517,8987588
10935404,16418461
3147147,518632
2771117,6406990
1057879,4008506
9862218,16403414
2557273,11180365
853991,2172752
959046,13060731
11103878,12103222
11364351,9969787
8117660,14755899
13444812,12260617
5118066,12396905
12540880,9476171
6097832,14657120
2290269,647439
2122530,337924
483922,16229694
9902790,12365580
2487005,9723256
5930843,2243554
3775323,12576803
12316263,1200017
5353810,9980952
11893690,11934521
7051996,6686662
14934535,14906361
7825780,2104294
3217542,3131859
1702169,13267408
14759109,8950869
2352590,11377748
1595719,7841921
13251465,4741016
15224107,6868765
15904420,467757
12799553,2486321
16683793,4212078
9902462,5264467
8979419,14916811
6982722,8335106
1696444,16440679
12292171,4951848
5659332,10380649
4026837,9728557
16451495,8902816
10371514,8293939
11819599,7284781
7010740,14678645
13563354,3656197
6177850,7490951
15455141,16627153
2461593,2710390
12546862,11612194
7090500,9953954
7854329,423889
9545097,4578163
1998902,16492860
12814573,16635253
15464195,6276589
903558,6094547
11416848,16396816
12651523,7592984
10343255,404548
1056373,1184269
2472461,11534692
6210984,2374553
3478548,15056853
4331031,9479259
5822261,4584193
3531694,7253980
15277011,4701830
1264625,477147
13075266,81936
2538599,16649694
6864805,4862415
15438909,11831564
2936061,3287811
11332445,5272019
10739679,12681392
1991104,7277579
13006295,10553244
14984952,2248808
3128103,11862999
5406133,8838784
3320168,6884484
14580610,8060735
4236950,14482774
6330584,11764483
9424855,318503
10586112,227267
10996441,14507092
336895,14570087
9067917,6270157
2690466,1325111
1232124,12228001
1740455,10841341
16542593,11928579
14020723,3748698
16669025,8193669
16055933,2814062
1695642,10267242
6734046,11850372
13101191,3667486
15849438,67446
12288017,739800
3502229,3436815
7965230,4595133
14500035,7112700
6219249,13732434
6024900,1132770
7984245,2633516
6722356,12559575
987339,754563
13124922,3140051
7212178,11092048
149737,2270696
13887063,13718982
11923284,6774621
9985512,13549224
7932933,16475594
7419466,14592973
4148750,13455294
1954440,8622098
2661543,1427912
8081301,6682403
10504602,7878314
15776840,7980579
4694708,8346342
14485376,11641341
4053399,10940594
1807015,8693319
975678,8305425
9756053,8292585
12172764,6815367
5651782,11060386
4326935,787603
10177991,2532484
12769680,16187895
3640901,6449436
616801,3954354
540376,13286621
3075747,2157661
3578579,7908503
15978645,8989893
15015454,12635669
10447151,3606826
6864036,13228171
13586702,1165831
13135240,15381146
6083815,4150538
4795255,6173821
8309546,4609427
5077172,14766192
4691097,1335816
11500684,13298314
13682835,1754162
2464724,13496318
12750870,8536201
2058259,7211021
8260608,15222212
7511962,471775
9009106,11036393
3870674,186209
4695723,8365317
2383116,1234295
4040100,1905033
13308119,15666580
7932111,11234860
13822115,12235363
4907786,2319246
12575971,7662807
12180963,10893384
12887516,13903184
5421096,8396620
61255,15826865
2440930,14031933
11002681,16203257
3131968,10471187
6476129,16514474
2654531,8659330
3433725,15025352
15925625,14411793
11025998,11285904
13359938,7344078
4939909,4391185
1401534,9578354
12166898,9947583
16745515,6409006
11150029,1763397
12264556,467540
767672,16620844
6093452,1630157
5346227,12238620
16716237,7207904
9911791,1856717
2296201,12972999
15025513,9599701
49575,3616186
4782542,9064415
4697844,15360136
14029909,13462790
6206917,6876460
12067526,2161537
12369603,14472115
8309687,11515993
6702443,2085039
610418,6328006
11666651,461472
2093854,358655
7530036,1486214
6375403,2230772
995215,8061747
7525198,15179294
2370629,2585582
11814343,11595560
1191966,8409874
9194046,13299815
9926257,4997255
15017756,1171810
2945316,14895673
14907245,13752128
1237599,10767616
8040660,14980619
10798992,3817503
4730628,14136703
14935590,42112
2200124,2283233
5772823,13149549
7615420,15612686
9414171,2892051
13688948,7874489
7070787,15058184
7555225,2723621
9906900,14905384
5624226,4564219
2397640,13106144
7403296,7790426
10052464,11190587
8564663,3877293
5462442,1015344
14422015,1369277
13019610,15098696
7149693,9731722
9592229,14600530
8537593,3426306
11953550,6479265
13338169,1434168
8060644,9942002
11714797,3729727
15858140,2840203
1491127,13142322
5865718,3822565
12543253,9249172
2349499,7349626
13597434,11058208
2270164,4650794
15890751,9752685
10492700,2358290
573614,6606639
4757361,5888191
9931909,12121800
6544924,10227154
849209,533069
13679233,5560324
11530728,10494498
15722925,12256035
1459162,9483481
7387930,9010043
2856688,9318192
2466266,11843275
13989350,13662613
5402009,1672194
5033840,15251415
10595647,1401661
6270478,13270358
16777902,1144938
1670720,14824946
15134378,3940291
9886685,4006824
4472568,5712660
4489244,3402250
13787933,10430951
364846,6941546
5094610,9683447
3304346,12396669
5387741,3852169
8609272,12367172
2570962,4495786
10725622,3633764
11852058,15976199
9162620,10093449
5997656,8053764
10721438,6284412
11244419,7870280
963048,4179664
12963747,9435779
558405,13213480
6124031,6693430
5790480,16215446
7890022,3718084
5612084,13320072
6803039,437539
2422547,1422190
14546945,1857290
8626552,11463576
8192280,6849964
12941803,5481791
1170523,11356872
14896620,379728
13335877,8558554
9666297,3894726
3042396,12517016
12806559,8503648
14283329,15850481
11151055,5887666
15056530,5890396
9159643,609229
11259574,2593325
13674921,2509750
16562114,15621167
14973954,3764281
9779375,5142717
4446213,4229129
12757666,6442161
8756308,684288
12506058,14700352
3259406,14621787
4337572,4847572
2294019,4071247
3285431,10236388
3825852,15112948
2854912,803617
6457955,6581809
7175754,12191281
16094160,4512314
13192632,3087427
15536740,12001048
11615539,5624982
5151137,2260002
10207205,3755403
2277845,10021887
9202218,7741231
8299850,975377
13040515,6759829
16769687,15854466
12322115,2969002
10483853,672672
540573,14986059
7411385,9854284
899718,6094979
1996720,16500251
13307795,3631972
3430151,6932617
14340284,13686106
10133786,6129491
7716816,4243389
13270748,12449474
8741488,4958849
13144416,10582227
4598944,4401057
7616635,13981213
7097217,13359858
1194625,2882887
2932508,5490528
9436809,10888249
6924334,9046194
4385004,10875495
11490570,4904702
12141989,1892325
1114479,4413972
13342626,15596582
14885522,4172709
4737883,14131372
3623957,3646279
2303437,9980842
7799541,10560335
7906326,16157088
7059497,10019642
5684548,9376174
13938878,584230
8139467,12573129
4726817,12570548
8089787,9557360
14274625,3944554
326199,7991845
16784742,8720597
4257366,3024634
13943480,3625511
15544076,3937918
10608600,6754366
13665264,847394
4045587,1906376
14723284,8007540
10737236,5061321
2997446,12501933
15331638,13445069
2114955,5669791
7665181,1765842
11181750,13518312
5943408,14672761
7442283,2824307
13932113,13987509
6554546,495339
6113844,3500166
1096533,14155341
15906976,12178501
9549320,8920207
9614794,1916938
15303757,12506861
15531891,15499592
2191970,13558152
3666482,11353869
10677960,10518884
8047068,13148765
11068950,5324916
3443805,8507525
8830163,4630400
13298689,3161012
3811419,1478667
15131512,8373357
5699955,8672530
13175577,1910620
13647396,10785004
14324828,2852743
15339254,12284806
11824995,8477179
13393651,3838583
3903428,7243140
7459593,13021362
7186825,5756508
9728344,4076641
5699031,11151609
6072269,15098844
10755001,9846033
13146736,5433458
8313785,13367593
3528112,2544606
10501044,10905462
16760064,6581330
7583020,7779559
15607981,11228817
4752629,14254000
13353090,5599159
11823756,12461769
4625721,16177663
15381351,13753388
2190771,6408019
1736546,3259105
7288883,8260866
1066349,6006135
13195243,8679255
16637025,4065645
14121482,6190390
90516,14301235
13042599,8469915
5555015,13551763
15321041,7107987
13820729,7346960
2533121,13014961
3008870,12086536
5357734,5930945
412730,14190981
3754304,6538705
8736270,10949342
8901043,10590654
3847152,11104803
15022471,10951323
15949646,14092682
12465417,2241950
10137111,2889843
4134229,12446197
12983397,2975538
15604901,9992749
84081,13157554
5677615,14918440
10690671,6728077
16318490,2000085
8992726,12164488
16283418,16727794
9004898,13548622
10447331,15210023
5632079,314098
4465349,13953041
1433635,5624516
15982883,10487009
636980,15709835
3507893,9495741
3432747,1810522
4084773,2070427
13630998,10159596
2192636,9005049
10729370,6527508
1454515,15802519
15477116,13769756
296549,7755818
7087988,6690986
2182173,12018070
3041281,11653076
4733270,15036356
4061510,9092150
1941491,16008498
10993891,14937004
57343,14949780
13245669,2695688
8487576,971902
11004173,34938
2616515,12924370
1085859,2209922
8836170,9576483
10226637,10965939
15379722,10006981
5211495,6912437
14065506,14914440
5986585,15683901
1319655,8312326
4958850,13259531
634838,16712140
4719047,11101500
658379,15619654
623789,12880573
7751946,5989846
15629811,8946851
7166894,14614947
14094617,2092224
7536366,13461498
4006861,11044278
2183551,7015347
16610113,9749077
1281154,16686494
3618681,4595426
6898480,4812584
16114070,2910626
15325361,10523519
942776,16229626
5037086,11973950
14585488,7957319
5205938,2149969
13822538,7249741
1491132,863442
9211937,13625897
7928582,2667543
9283654,15561880
13293682,6571849
9782042,11900258
6404766,4228231
1319220,16560137
4300056,1780929
8753521,9143820
9304659,284072
7142013,15096983
1473900,4756749
13701981,12542046
8633559,518718
1711046,8454107
10650261,6477531
10711230,6310133
13084824,8936081
3652914,122194
8593712,16316991
2674827,7266955
14401344,14996236
15571702,7611499
9316206,14418601
3952421,10714039
10554869,4480491
565604,13509442
3872272,15805571
11975890,11328431
7384663,12520593
1325986,3501361
2537667,3354196
12298705,1095931
10898636,1836436
6550515,13239196
16707181,6607528
11922532,528228
53827,10411110
11319371,15919642
7781166,8216105
7471466,3521455
11632431,11503803
11692423,1176917
14352478,1046647
6144820,359238
15507561,8847257
5349134,15121698
10508304,15598922
14750361,14007210
6207759,1790948
5114888,11436561
5972419,5118757
7996612,6816922
8646082,9629531
6145650,2045773
7644002,8436215
12454508,9712301
1580542,5205038
16413221,16118763
13033806,9129638
4039835,4416370
9666020,1472907
2308686,5299421
16316732,14334650
2358916,1426324
15192390,8846761
618498,2224476
12389878,514255
15151133,4760984
2779796,9979774
3906375,12935319
460877,15641119
1164865,5751894
9034476,3984353
3770402,16193209
842348,7836088
10767635,6117960
11028388,6886887
13013505,2638397
13522221,2591367
8784148,5869920
5296972,3996733
6554645,6802869
16143655,4458704
12552918,16555699
4356213,11285643
6047566,10499690
13940115,9567001
9176914,6104470
11977949,12506787
1388161,3129785
16554613,6962635
8760708,2357557
1654622,8354259
11449064,13948974
16645063,11472384
15476022,1282727
9006140,936502
9541422,4274923
6539597,3555322
13375635,1916724
2527818,15037106
15897312,7885991
16655533,9949867
12238875,6262366
1117767,4128176
5795839,13487645
15167667,15481787
16423133,2400172
60086,3569354
9163703,14912032
2505683,15967678
10726272,13226703
10129334,13951109
13145565,1639804
13269157,5344149
3699479,14668578
9764526,4775662
10057477,5273334
10650398,11840848
8392097,4250834
14378486,12664598
10634430,14295124
3594052,14030972
14259527,15751848
1325008,7016138
7882486,10904851
1904497,3460209
3196518,8467493
15558480,894580
1096948,3325783
2292552,233011
13244764,15064015
15096248,10010665
12828192,766462
12168157,9583532
15987035,15450406
15991648,16566577
5989307,1471766
13658801,12938860
1393119,14778317
2622891,6021679
7219719,4343209
9723412,4688205
7077529,1146067
15736306,2449085
67049,15006993
10711651,14496690
14214782,12485479
11583159,12338315
8854488,929529
9966112,13415344
11865715,15069552
8930983,15340799
10625780,11520145
12097574,3653329
7521596,9596063
13667722,10066390
9942421,8661662
11395922,292298
12350633,2394265
13489115,5598250
10801073,10778781
14810282,3124001
6640345,14747961
2552786,2595945
13825674,10084074
3280539,14341060
3574215,15982249
8199289,13552668
12236389,5299001
1121302,4547709
16492405,12937881
16169924,1067947
3273161,12612430
1536460,6429133
16687418,10971731
8238046,4028226
264040,8002225
5683183,16781123
1303741,7893683
14738302,4828997
5066921,14378077
1959309,5938395
10312721,1140322
5552870,4575417
13087221,6011562
15233666,6242290
2519779,16329378
16009411,6416741
11504429,14256193
8071815,1263868
11881782,5521829
6719698,11752027
8835390,16129004
1144506,2503363
15366690,10591478
1716231,1624867
8975061,2899176
3813258,14834641
527026,10476773
10306237,5413552
16450418,15666060
10129705,2891970
2979543,5979553
7646452,6862269
4316901,12676365
3876229,16597600
15606454,3121505
2650418,16182900
59074,15010702
11471426,8558565
3617516,6405872
14255315,1604393
13461907,8891575
4207809,14763536
5472385,14039708
9740737,4605058
5277627,16376522
13826340,6063379
12579677,15793240
15892150,384612
11893203,11145495
10526566,14290289
14845679,2059432
11840882,6060967
7441622,15420828
11064144,15653240
4957030,6939129
13428121,4512607
6425637,5747970
7622894,11025541
10344840,2185113
11926308,15358913
15043191,14851910
16098784,10635663
6116382,5927877
8512807,14652600
12918704,3140172
16577282,11041293
367902,4993477
8219219,14212700
3794842,9145521
8048583,5423184
4603618,6640928
10660389,9780964
6749792,15240902
9154147,9730481
3015666,8143477
1222533,16599247
7107492,15954046
4387808,14553252
354908,11764719
2090002,7526248
12883989,934066
7383497,5821383
15605532,14714851
6364490,13531484
10167462,3439276
12708887,16596298
6867521,13591889
3524190,9931928
12786714,13161972
549854,10561948
12467855,2211847
1781100,14829273
4683479,9186792
1417318,13559453
4722346,1775910
12219345,9308230
5676182,10050373
3710660,4410426
4244928,11599918
8781347,12985855
16388384,3799503
10076468,14872316
8867724,8461769
3720451,14589861
5594116,9016820
7953576,6542483
213199,15715575
985590,13429278
3469503,9360296
11212367,2688512
11029852,11124461
519990,7698161
1745706,15414839
4641006,7193630
13087086,1961549
4986879,4707305
4730320,1158910
1147304,2495134
1214560,11832409
3649710,14291084
8084749,6304090
12642306,14037735
2724421,13700377
1384613,2194906
12351650,12069392
8021870,10862927
1524466,3950864
8070189,6236581
9317092,2220381
7663104,10165634
15815037,6641443
16713750,9142329
16559181,9534975
16746066,1583584
8489293,4177715
3758508,11224333
11985090,15381446
6957015,5048416
2190530,4019137
15067868,6895116
5761251,13197361
14674808,9845643
14632585,15172744
3931892,13570446
13603973,13147947
10339024,8933113
893017,7477773
1736059,5780792
4667356,19307
13787902,7655021
1154290,7671335
7216902,2687214
9786599,1315937
13850720,4654900
16172350,1299243
7729265,15978537
1117271,6429140
1700082,12336941
16661929,13280293
4719882,5459986
4248216,11186847
9943296,6135643
8367567,16183384
16112849,10446800
10169271,16761835
13607748,12038047
1523411,2797208
6650486,2831347
9397863,4115239
5241669,11660521
5459438,5072509
15920471,5494023
7973660,7051904
14947928,5773524
16292145,14425009
12718071,6053525
6346036,11710380
12166362,12302899
5729219,9718431
6023762,5239671
16066852,15168768
15462191,10035472
7887937,14957742
2099071,5598257
11929322,3233384
1626460,16088119
11919742,5718148
8150726,8706992
15626533,13567474
7902109,2224592
14634968,1542022
7836229,3998967
5793318,7270112
151066,7485395
16538284,1746844
711352,14696023
7427185,11945692
9704135,12616998
11853840,6003691
16467500,5823918
1016239,15774436
7570877,2223846
9807387,5165516
9338274,16218791
121920,14377749
4443608,8731503
2165038,6101347
8215741,6218971
2698670,7329040
13068486,3231810
13440368,5907861
15625064,11988116
5943953,13079443
7849569,15983657
3371641,4637286
4186303,16364348
3371473,6695776
16050386,13399611
11202959,7365102
14237492,5448876
6063082,3212922
15152803,8534305
7880910,2051499
15370738,15193993
13089288,14217806
630886,12588083
8757345,5287942
13763703,10505971
10478821,9689247
12164479,8437936
11247076,13491645
2662399,12722726
14663341,13494952
7398005,12392406
12832303,12834879
9093617,12442658
14428176,4258731
6833478,5716676
11855050,11565234
5847516,11145381
14414654,19998
10708653,10440831
9162892,16580518
8946977,4400972
4460750,10283628
13597254,10211184
15855384,13736525
1214690,2621502
10023088,14509774
13680055,7276906
10978494,111891
8209027,16749672
10162989,2768912
4965024,2942871
47547,3311158
7649152,2021076
15966764,13449302
1461015,12976319
16421638,7052747
2209241,5489403
13576450,6863704
13635251,6477320
1709183,16120051
5445356,11589926
10829284,1342983
11368319,11411438
4033753,12004469
3493301,8954847
1778800,15224121
8353010,3930493
11183753,15923898
8983832,11806706
3774067,992966
1452830,15573364
9444409,7067942
15563526,7509744
8349704,6739340
1560538,6334325
52658,6632750
13523349,4373377
14695297,8602148
4991375,16660073
14093052,10491495
3253886,15524710
7331554,6079531
13863746,2745917
4416773,11162899
13870970,1021649
7488954,9901694
12079378,4721976
13779085,14673281
12010715,15669145
511891,2928159
5355118,7234657
3366889,6362320
3909298,1977814
15841880,11023347
11003811,16637580
14017931,6071480
13009399,10472167
8678085,15951811
1136780,10781327
9255816,14495239
7395101,13116238
16606846,10915023
2256991,1864181
15695114,756646
15100472,11159273
913779,10680556
1312572,8275925
5700235,8937989
9216219,6724789
2940658,11921647
15310699,9149878
14604505,8658199
4164049,8550310
3335682,1769476
2023323,2109727
13006933,11326936
7842782,13760204
7594577,1573987
11580537,11706753
12465649,7920661
2334484,13967153
6266916,14257481
13349990,14149771
951397,13699564
15178532,230291
11972431,9725233
899440,10793040
12244785,16049985
7810837,10731113
14217710,16792616
10835796,6812443
1101786,3953033
5599371,11356778
14957633,15847554
9289556,5216902
7438969,9453266
9727062,13441152
555727,12448820
8250506,14026820
14866527,14678704
8027780,1139466
7143738,12084607
9361775,9409803
10374606,3022604
15826806,4365971
13266683,10926540
6125017,2069700
16332667,1426241
10862864,7137249
5978259,14659085
1895442,8293867
15329182,1259067
700193,6380825
1402453,9382287
8852965,2894784
15373285,16657291
16583728,5587649
1959231,328238
10850211,9836317
1278382,489477
4552264,117857
4266215,1876954
6130993,1365480
15134460,14000996
3572463,8960311
10509675,9147193
13816142,15620161
10158190,7040225
1026467,6445891
6236147,16747758
12613441,10401983
3652410,12965788
9589937,11549759
16339670,6560510
1046437,3225986
3307834,2059268
14639979,6086993
9398950,11372645
9089614,5282964
11393738,15482195
11362958,11972837
13889491,6515387
11108176,6693430
10239053,13967211
9273150,11941623
13910965,8633378
8801565,10115286
10757390,725378
3597401,5414356
13281574,2284352
7657808,7190366
13977130,11738731
10438768,5141720
3278856,16029675
7181902,9254689
1284355,16077519
16271572,13706302
12777701,1741659
9870030,4621874
4875598,6156845
7277399,14365470
2060893,16372889
3975522,2086736
3724553,10119060
1770911,14815271
3005066,3410788
15098090,59756
15806782,13946787
6586519,12505804
10721435,86468
13520414,8568947
16593409,2644603
8566713,14770522
13711606,15447456
15071652,9896205
14934609,14844171
14486386,210012
15815362,13002733
8797000,5241184
2312340,7333891
15568145,2057936
10664370,6026965
1915880,3088810
9882003,14735392
15426018,3424431
8885092,826832
5832214,12888146
12358763,15822256
14807297,15319424
5119820,2780985
3966843,12423725
5093852,4949176
13604190,3098614
2635774,9127974
6784654,14027728
2396359,6393314
16133852,8984847
9309368,9692712
6379966,6511632
13804493,15843111
620207,6835748
11711731,5936438
14349095,8059771
1027481,13068090
1778205,8832737
7836672,541240
2473405,1643632
4470815,10694103
13907940,7991065
14671752,12933374
16177971,1221974
7726523,2728329
3935558,15412484
5482216,11042963
12159949,5738164
6401646,15587811
15648262,6138831
2314304,16199179
15367241,3655758
10806953,3692471
2697543,16223641
9635960,327230
3223410,16690351
3316420,3050906
2728705,7652093
3039264,5923849
14405509,5260079
8668240,16314066
788226,6146948
6623173,4003339
5352551,11927290
9875135,7757841
5522669,16789360
1801980,6162156
4883105,16666919
10999339,2263198
16640113,3661199
10042829,9035836
11491546,466340
6766100,11067515
8402172,12999686
8170083,1262207
8579080,16490325
12389744,4711612
16007788,13612436
8996207,11632543
9748181,8355096
1184318,15375386
15308209,2096817
2979910,15182498
3472080,15276853
3024691,3569815
1987422,9547122
11326388,1329075
10323850,5353582
1496845,9113507
594085,12258827
1889156,6311644
3072112,577515
3602969,10322183
1072793,8475471
8705309,10047719
857467,1810156
15060042,9766479
2274635,14080347
10210139,3732960
16661330,3280974
12711861,7320630
16588046,12658813
2719924,16169269
423959,9110196
7349970,15427401
11021333,9511168
1644844,11956752
13239623,12404501
1955197,4878401
5322823,14626937
13248356,9801938
10326065,8037396
8381525,10388867
8905813,2783363
2436724,5293328
10424319,8956059
7140249,8270529
9886301,5459893
11047467,5784697
12321588,8706651
5821974,4429790
7360316,12226032
6349467,6107830
5566896,13582056
1932480,2948152
3431220,10868403
8606454,10653225
4971855,16234471
4462724,4012968
11537037,12657363
3721743,6421437
14281211,8235138
1083641,9090719
14108559,5356347
12029264,15610169
15698501,9987104
153671,13420729
15727014,774405
2428219,5962121
1495947,8071110
14265873,2499815
6109677,9313874
7069735,8364873
9761848,6183401
10933543,11385030
14654597,9546628
11884859,5391840
7323087,790663
1471570,13405300
2030712,13597139
592974,7000897
8781389,10158633
11248416,3014505
13585296,2713312
3705976,5275362
6030769,671723
9249361,14968842
991654,15116893
10162262,10771316
11778589,9872376
13558049,7018812
8617303,6089939
6790668,12560496
11084934,15684028
15491079,9258680
15173710,3595956
12727471,12169650
3763961,13429739
6888038,15164153
10197631,11964131
6846028,2004566
12122125,14478174
10197005,16093984
15653786,8125568
12836159,4151613
1042914,2691759
4683402,3339257
1033731,15173562
8669350,13884237
10630584,15773052
14284137,7910639
9309208,7049449
3032152,9749189
16443514,2626335
5666126,731186
13371078,11815015
4987819,8824069
9516328,132231
15143505,9354919
4970372,7083934
4626178,16385035
10474834,8585769
12774016,1011241
15521332,3625871
11770772,11151170
593241,10110737
36306,11668784
2057469,6362891
8202724,1567191
5909021,4879951
16457098,5375550
13290035,6470200
12463577,3999686
7309934,774819
1383187,8209078
4501614,7559490
2660372,13341831
12589027,8798691
428427,3217631
675516,12962732
15179198,9083825
1149586,3506054
13316763,15835367
10427716,3933484
12522594,7831220
12021537,1558751
1285273,11066857
4843728,11669346
4156215,9794735
13573165,8548327
7333666,1208482
16323975,4162973
11067124,1938111
13446152,5420053
11194817,10104154
11988693,5650003
572720,5119349
13080551,12239996
14743058,11033636
13901253,7676051
5431928,8317308
4766929,2174876
16266620,9608517
8254751,4073806
7053223,13828667
9960467,9020106
13000364,412324
8121893,896059
6437782,13675650
6354986,14279660
3695609,16437147
531535,5032101
14747247,7453384
11034671,14042575
11370677,15800636
10454714,4902116
9081482,11573481
7215080,9775405
11198710,4706479
12298935,713630
9200079,13016482
6898085,14549891
16636320,9862518
767784,3590972
1475961,6439286
769169,8409754
1433453,3829977
1864009,10016880
1680536,6291869
16499907,7363008
8844747,15410240
8151917,6463038
7845296,8795440
16562043,189990
16706165,8023770
11848107,16379772
13109959,7835558
10742756,4304309
6976801,15583114
7116410,14695318
4132099,6186406
13438512,3539863
15314572,9056202
9340286,13044972
2741470,15001855
14141798,11615208
16497507,10400952
8838244,15443421
11971486,7058141
14291377,13429804
9690524,8949838
7636646,11263772
5853408,10883618
13953645,7106769
289982,10641806
10167155,7933823
12484434,6975381
16385751,15209568
8075625,5324637
14171702,12237139
11067166,10045340
10492327,1689364
3575805,16429001
3117029,9305664
10712594,1200158
2746414,13184369
15358076,5809475
14697263,11182281
9130326,2913152
14925978,14933515
11618988,15158036
6162931,10971816
7802380,6976100
15983351,2950797
14656529,3429567
13120264,7147125
6905069,7513223
12567893,1334618
4759900,8432142
4474208,2357263
13375806,10241680
10746270,2245504
3314205,13226189
11400875,12931837
1986546,15407456
7433422,10397589
75303,4112620
13888339,16203190
16735886,2733729
3321224,6960724
12173169,2350574
1997940,5264247
7216796,7644762
3612546,15379707
3453229,13510340
8344669,8875845
3540694,12331972
2271477,5776061
1279771,927897
12678266,3294839
8590954,7142981
8010245,7912803
9958095,8749424
7803657,6016488
8937361,5765675
1492748,1627544
16130167,4141194
13391450,7670652
7095988,13677356
5569022,5725462
16097366,12208157
9758014,5155624
6712025,10198388
5471400,8957830
13351919,9783973
2808478,9784397
27164,6878870
1361495,6307001
15437413,2348998
14604687,6212031
16794060,12118497
8360054,5461604
1652466,9291399
3562989,13016146
15065087,10874222
2124206,7447231
9616315,15888159
3593608,13151576
4151138,1651725
4027835,7914392
13697618,7003497
16564296,6087039
5773963,6362127
2116951,3570524
14620465,7818891
5334278,12185099
15889730,16655248
12377539,9904939
11984528,12021754
8008321,2945588
13587916,8582865
2992663,1350277
1373855,7183721
14244728,15290734
15487969,10881152
310943,4462350
465895,981668
8120972,4164484
8009415,4190215
4006346,8531827
15416480,6349865
6515905,3724513
11318882,12060659
7776074,4516700
4882732,898531
5749580,3496634
13025714,8138239
12186811,7197202
572006,5355283
13141015,9236409
12429736,15525927
12162634,10696829
15417026,7948336
13178742,661714
7706513,6656952
1957124,15570414
15393448,4444435
5338125,4071390
2918561,7778529
7352767,2060688
4664518,15788840
15439964,8039622
13017269,2135882
15427964,5932562
5386841,5649441
4819040,8392064
5824665,7408619
15890522,7929391
15956211,3113793
3219474,6088635
14351202,1104348
5412785,6961402
11532064,7647004
9675463,10496473
1373914,951736
15254065,2664375
14377984,2615682
11030235,6569801
5490313,8117882
4365076,4148429
4089577,8859725
1751526,9758852
14103088,10311303
2771822,9859325
15842664,3626413
10618860,16169386
15596675,10655725
14071825,10879876
2329168,4281455
8127842,823973
7678702,9411321
1457272,8486404
9045211,8091192
5263555,13922466
13476474,16566919
1253908,2552329
15948103,12679968
7582436,5447171
9772370,13987494
15324329,9672025
6973159,3838666
14049170,5942601
10826624,14095295
9087350,5257506
15008958,16707751
12894760,16743337
16577639,16210500
4431080,12385580
14330916,13884193
9299627,774314
5182547,11856941
2928740,7688924
11246864,9364499
11819180,1948969
9748677,11142629
8433984,8494714
5659825,1334810
10839759,11410274
11270298,12709253
12540116,15929933
1393372,5326449
3673179,4456633
367909,6303297
12748231,2758736
15724747,3214030
3040496,6415283
12443412,7567569
9792814,7470857
13170619,16555715
548087,199595
8467947,2277830
7298844,4189216
469397,15720695
3515389,1502923
16784672,8889569
2062652,4876042
7119426,2262950
1953247,11563682
3231587,7976764
228389,15295882
9231950,11082367
10139219,3737473
6195103,3129011
2097902,11797491
5565100,7264670
7031315,1983092
15062578,5214954
5636883,11718072
16731068,11538886
11090841,3092239
16281087,12403461
9481892,3283981
10576378,15448463
14761650,183329
575222,8708172
15005942,3990625
259937,8081117
15142674,9296147
16188006,10382323
13733050,12820822
395592,5036190
1248913,5770692
12519501,3034643
2520138,5368189
4527458,7013491
14907720,9241948
2759971,9538412
15102324,6560093
2650164,3168827
10837684,8960258
8942000,4120704
14515181,2365552
6153498,12289094
7146793,752027
8210460,3301967
14189782,15340339
10620255,13762037
11587440,10688421
8902281,4836559
3075914,6668707
11713260,9696241
11301927,1438050
10250795,842950
16300817,8552387
11140159,13381349
7034963,2765112
14850687,12498467
11036654,5511109
11750247,11663498
12065829,3076032
4021196,5127691
10449520,16511395
5482698,2847269
5980582,7149641
2284051,130279
641477,10541398
15410305,5121268
7625458,12113620
8176282,150885
1354422,12662812
10091919,7582644
4376288,15898178
4825972,9721268
16138079,6767715
14343742,12703085
13891103,4210042
14633276,14652731
7950400,7779515
4399048,5503739
16116440,8177917
10900437,13863494
7863785,7584513
4707967,6847671
4365460,8286772
7823613,7629245
8636249,439756
378486,12738231
13229499,9498542
1152121,11716658
4265171,7696814
14551126,1796358
4783722,12382679
9685573,15455769
6743430,2593976
12111467,13836774
8663832,4612541
1187315,13465918
5196785,1848172
7760265,945635
11851231,1973392
2016122,492546
5618805,6507942
16551787,7374362
16485080,8800819
5527931,4073672
5989325,10894069
16279318,8506832
6464721,833281
15041429,15492857
1189651,13250575
1546749,14046628
13598505,8957516
1507112,2329519
8393352,10196166
7234925,9172947
13439877,5704076
3131255,5759931
11941388,1583683
14457384,16460821
5598089,14523066
7592471,362094
7855506,369909
4467961,8339060
8113019,11554561
512512,4057985
8157291,5012364
12283820,2245526
1653791,12105366
13317100,16277995
16592176,727178
10703348,13488358
315985,7824813
11326142,6163193
2711236,9646680
5470255,4051445
2582702,7344609
926368,15095285
13457358,15561928
1948833,2900925
9610494,5419477
6102731,13441381
13903392,8742870
2189897,5558056
7539378,13460966
3074225,16655266
10752875,9005847
5225241,15872091
6917331,10556332
12086521,2932596
16450347,2861083
3290594,10265912
16362944,14097696
1409545,15334340
2278228,2215130
7125793,8749695
8076191,11345251
12139911,1905007
7155575,2270647
11878296,13885696
15652624,10389476
6194546,2574322
2768894,10816588
8712178,7891735
15908664,7522463
12729342,61651
1237948,13626069
8485787,15947744
12932930,7320424
12724348,5546089
14216903,5432448
11667170,12884789
7918107,2139379
3698397,10257292
15947528,6933168
14802631,8370350
666918,10095035
12726194,16335343
3538864,14390086
2786956,5003231
15169032,9967457
8071240,8327962
3525158,283035
2371752,13262154
6268205,12592729
8036262,14929124
3177168,6197076
1932763,6034145
6170692,6814151
9799523,2798799
50641,16123561
4119286,8486426
10601270,8085976
13604117,12564315
1186611,4594317
4660986,12323279
1748843,3496748
11328337,14897645
13121486,11849161
1655508,16117513
5176590,9263658
15515911,10347416
11225719,725702
3373833,14753718
13620193,16259232
1113077,281845
5527867,8299048
3523274,631107
1626892,7557339
631166,12667285
1056633,2477967
1367695,8003544
3766635,7894156
2187549,12691653
11556579,1652880
11823251,7827150
7547807,14151052
3698201,12380974
3404068,1229526
7026180,12351741
16242529,1414785
14156214,12833029
7580043,4882892
5092420,11363486
4619528,10960609
5761609,11821950
7082955,10994938
8941584,9096281
14956186,5418804
1621876,6748942
1106188,990959
13276442,14204079
12733355,5617020
3056505,7149002
5536830,5669483
251718,4820431
16060727,3588239
14604677,13621793
13737130,6512015
8277724,14033445
7680999,16252675
5390434,8668887
7695382,2446357
10577814,10408243
14464708,14281633
3791190,11386841
8644205,12096695
8733656,7940879
9477462,13070684
860139,6176312
8849087,4569467
6416108,2709041
6034129,12420252
10065478,13572837
10504058,10669070
10215697,15454125
5322376,12678645
12404402,14795277
902836,797446
1370034,14978000
14231235,13866474
15677654,9982259
2246145,8375176
7412503,16583404
1085828,11178731
12382126,9949064
10407945,12878957
11092385,9274856
14156055,5107385
12026289,11416288
1931740,831246
3403511,2777392
3044288,12870013
3729387,2146936
9349470,7915128
188156,13485885
6190772,13671509
10801925,2264202
8120020,12517552
15132569,13956453
15080251,5675192
5523435,9908142
4241726,14592310
2448547,13168505
13638696,705056
2640872,380016
9553087,10233520
8229850,2915561
7790998,4497929
877164,12432420
5178603,3497241
3029126,79720
8500552,6894082
10010477,3017917
16669912,3840679
10192032,12008645
14699539,2640032
15551603,10142896
9918441,3713315
7306679,14204899
11194377,8855109
11743197,13805312
1177917,11255145
14392634,9172835
13962511,7962662
9374176,6891578
11074233,10205865
12410659,12491087
16698780,5751745
4413390,2333133
9110754,11988732
10854397,15731651
10631156,16002485
9435644,2956590
1999255,1014908
309991,10285859
5658914,13309610
737971,6953621
13944712,3520384
8920231,16510204
6984973,5710678
1524280,7917970
2569806,8015252
6526064,5742673
1246909,9068029
9403895,4522401
2994368,3851585
13597646,7737159
13115535,11195331
8474338,10627573
6488556,5109330
5271766,3514947
14290905,8216366
219536,6285522
4413468,15118772
7898475,3659255
2832989,14939621
5989658,10148474
5909948,713287
14036072,1485676
8161403,13579474
13254115,2861745
3290995,16171437
16333480,2748928
4085496,3627433
14964693,5940759
4461763,7738856
13753054,2478813
3553956,7611819
8783248,8300376
15159421,15259487
6512105,4866128
2079302,3358893
11748237,2804523
1298483,5744534
11975432,2141624
3785184,1380274
7398424,10291465
13675607,15569792
5277422,14990698
5851016,14352668
13351903,13948315
6780158,13542287
12282448,16442981
13563001,5672586
9209912,3957042
133169,4134719
11397475,11834914
14125949,690448
16644000,12039622
6477926,5928606
8724393,9772007
15158923,16477230
4138538,10824571
8010589,4666834
6014836,15706942
5947543,8973176
6739553,15446267
1290917,301468
845471,12379268
11894214,10437393
4111123,3976459
14711387,15503135
369999,10674428
16691125,1973030
6906923,5808045
8090386,3012812
8451458,6213780
13275246,14917093
4480816,3353127
3918832,3350138
6371518,16150628
14018639,16131649
14236574,5936420
3203146,13841647
14798098,14936486
2174807,9633688
16677098,8253276
5002244,1729852
8211034,140372
15997217,4260369
2706509,3592016
2681218,15059354
9553343,15500307
13663044,14588278
9460557,5275878
14162955,8397501
10156610,8067538
15076156,13764479
1332893,16077876
12877389,1599191
2453822,12341205
3415743,5963541
12520539,5907083
1144794,16200130
2055587,5970650
9096487,6057732
123500,13689133
7566140,11006083
987399,6887521
16008251,10450152
16196654,12526074
11020661,4714370
7910932,8259179
670008,7482553
8159617,8364984
13029274,12363453
4789560,902203
7741453,8368002
14085267,9205221
13244985,507041
14203207,6362682
3848811,427544
9745898,5649747
2070291,8962335
2445767,7966832
2535876,6471141
6129413,3918011
14639146,12572860
13951166,15083243
11797486,10065694
2196167,2797759
10768851,13902023
16363094,6315280
16662170,9244912
5069119,12595771
12730478,14310189
8064498,4660619
4565857,16717593
4513962,6961335
9175624,15836618
12420313,2969984
10072741,13703584
14396784,3414380
12915609,7067116
14527910,805356
2444381,2733937
7494726,12414702
12190012,3349495
4384281,4704177
14274110,1988849
14177398,15202844
4811786,4218123
16208594,8196696
1322906,746872
2925087,7043746
552638,11341641
1696118,5234771
14862325,1728760
15779092,16197582
7454318,1740025
10315658,12365599
3577184,3608666
8925977,10331785
11741131,9603687
13105212,8805364
2176789,11540285
420011,11511253
12925438,15333427
9403844,3993990
7507797,8983481
7626757,12638588
6349577,1995125
3763726,13704186
7810638,11886920
14350502,1693332
856067,13608062
5319228,7676640
12918915,3896275
95666,6193891
1546869,13366784
825090,11229418
11027374,9302252
11669924,13085036
11186483,10605717
13657194,5406103
11452009,9768721
4898650,14945423
8579714,1297168
1721573,12703940
11827084,767025
1853142,16488091
9299967,15165469
3722343,4547561
10442927,6177054
5090602,12561943
72180,9367945
7835111,4395822
6824960,11976343
16557900,6424301
3684935,6925239
4462170,5954477
2903349,5526977
102380,4986421
7097345,2308445
13620607,13652594
6545205,2084116
10712218,4857863
269023,552014
3704147,14874747
10606060,3789277
16314481,13843778
450834,12689684
8351642,5846232
1034481,7073584
13721560,8053483
242442,7245311
10256064,5184508
15201015,4339223
12405676,1524658
16476466,8706807
11654127,5710779
3769658,4491529
12419911,437791
256819,11693660
10613085,13071992
15458966,4024635
9043539,16215116
12762617,13730432
3615802,7590258
1393353,14053384
783386,6206043
1618620,9282919
12501479,7017947
10050756,13347443
547691,8270012
14577176,1552926
138900,13966889
7775270,8230502
12147734,11479638
11613206,8076102
4015514,8067272
12771647,13567247
7799328,11205343
2236024,4003808
7462864,2160960
10085257,10270047
10377869,13378655
13736102,9978448
3586848,2182666
1294837,2050778
7652970,6256102
15557519,14422078
15583750,13299872
7425088,7782724
5712994,81224
14534981,13466835
8255310,7850628
3859897,1480142
4584801,5224382
7167499,13851012
1897146,461740
5457113,109836
11063923,1216378
13871849,14309262
9310460,13691502
6157740,10722563
4496237,12906150
5991564,14375912
12089441,732139
11570158,2963444
8354002,7425168
9933490,1732590
9064348,11098942
9742501,1358759
9305313,1238140
12640088,11803754
14264226,8838463
16712848,14491128
3628193,13040139
13753923,5602927
12965229,9028878
15582333,16765879
9572719,1487439
7066972,7372764
15038980,6956509
7522606,2133476
4428449,5879787
5091043,3595985
14998956,11250718
15785630,691138
5328648,10882989
856109,2695751
8817304,6352591
1753632,9017075
13733307,4192863
5003973,7656291
8249440,7036744
1278105,10408484
12559357,3961835
8816387,12635399
8414845,10622652
10731267,12249796
3609233,7088172
811233,3205340
13151007,14088234
8239293,6980919
3315223,8515997
7628119,1282483
184992,8129853
5221330,13054876
6019100,7323778
2581625,16451656
462360,15395170
1610679,10127611
3937546,11634141
5797483,16581677
4774905,16082423
6873563,5721310
5535807,1716310
4859819,5591672
5315989,5960927
13446980,3072130
4292476,7094938
9225165,128283
5953617,12097803
6662750,10638668
2878859,16203880
10903281,1051838
10376859,6402198
9935957,10573057
8043791,3991704
16365984,14220744
8945929,7827450
15398485,8041780
15403520,3369794
11284528,5157965
9293617,854663
13136360,5660283
13302506,10358956
3894089,520903
5763358,3236277
11822770,10116974
9969609,9650545
2873590,15481660
14996996,5969948
3523156,2682404
2613951,16012275
4842253,13495383
10754938,10961629
3631470,6245581
8124514,8446735
12789292,13569438
14997753,2460496
4203872,16144267
51963,8806564
3326065,12022893
15662996,9485808
11993690,13188680
9323633,193208
3712299,4187762
923680,9814965
7494988,11409255
1664688,6219625
2112864,9742818
15117637,2644197
13486565,2631374
8309445,16169588
12055159,10972137
11518647,15686437
2428401,3728793
6118528,7179987
7842814,9502068
195402,14327778
14697644,3489872
1799585,6842479
960549,11808039
11952746,2550073
3779465,12277964
1029470,4481782
7360590,3701826
5416905,10147508
8053077,14887430
15050253,3119854
16013067,14276746
6312146,3873029
6265824,2058628
8198079,16523107
8707553,7378148
16365437,10681255
5878781,9031744
15656083,3182070
9134803,7692011
3976942,12482428
2645001,5978520
8815195,15839479
11851928,4400914
16760574,11050852
14954405,8763536
6950826,15179344
2091391,6741011
9134778,13069042
2812520,16527121
4424681,2899382
11256819,3305055
3512106,266251
5697275,10573686
15181763,16729497
3393040,7165881
7774178,15283241
13947254,5547820
8537433,5256891
3666120,2825947
16394618,2732697
7540549,5147312
14729224,10826815
334350,14871729
9805106,1476692
6632514,15180361
10197463,3507980
2612717,9952590
6007497,4538233
11377172,16184287
10857533,12760408
13842713,8679172
12629497,327272
5808400,9598340
11135467,9386038
10710089,11532676
7005295,11281426
13460790,8909934
15291956,12576453
5974130,1625720
11461693,530797
521794,14067171
1436005,4571601
7202543,2845507
15624459,10333951
10913874,9060420
8421012,11719030
259554,4949185
13335744,7232045
11119153,584078
15446196,5965268
3945020,5829485
14928964,6016980
3121069,6222750
6310057,13792691
8943341,4507654
6601203,12614385
13844287,7322870
14164857,15364204
5315757,13070250
5082219,15226446
13242357,8774142
2016735,3747866
10001465,6067399
10262434,11370972
8569385,9404006
5876986,1831569
13367173,5199790
12935404,16621780
3252265,2902432
7983589,14580860
10864155,10079478
14415186,5158952
8794855,9929718
10080355,2513339
6286140,7265079
12781104,10216232
3791438,16436646
11038261,2549613
12315402,664253
11272051,7351335
12730169,8567837
12592224,8858544
15075906,15976776
4791108,10014990
4234992,13108327
238083,16341282
13087275,9103985
8403909,16609752
15175027,93514
13667818,9814694
1423223,7611982
4369057,10718580
14304580,4464869
13026974,12419090
8891484,2993781
2009940,4145439
7226272,8708754
3077571,6404936
1569101,14526662
13895293,7358242
7753195,6003162
14833047,8298833
5564162,6530265
15412533,3521113
16709601,9088351
11258244,6533473
16007097,11201888
16069338,6680181
8651968,14086062
14240375,14998930
5392995,1384699
8620640,1026661
333754,12666652
12762531,6429784
15147314,1978124
9309411,14993517
5520944,10134729
4721690,13856541
4760180,947209
6113779,3966514
16635051,2635664
6776846,11433542
4944966,16470138
8154990,11564212
7508932,9806070
13831215,15006620
11613366,10964801
2708270,11056674
7723912,3668248
14344626,8150156
2044349,3654586
14299840,6282427
14282864,1929392
7171896,13598864
4559215,4496275
6127384,11720357
8744592,14775100
14479403,14619151
7689833,6946992
2131630,11192485
16010685,8018941
3982734,8912617
12477893,12804865
4110051,6516265
5340242,12242005
12212850,8535947
2180353,1392111
10880387,11636262
12736952,1130375
1981951,9753526
1826396,8765811
8787495,4603487
9640061,8246041
12556006,2116400
7441244,9998630
12561464,3776204
1285983,2359180
6098242,6835112
13669630,14148877
11018923,10388796
3702547,9749275
260172,5483073
6735304,15837472
4658660,4607975
6517877,12541253
698626,11732831
2162180,14587214
8209649,7546788
12891352,11135306
658150,12177282
7694188,8118601
11980585,5632626
1040071,2406602
11886223,3091770
3654995,7597714
16257703,3388793
12019641,6736605
9375488,5758482
1013721,1407772
534174,15052076
6315413,8668708
14167711,949879
13853229,11471298
5681760,14646786
3995094,1238450
16111733,12507583
15969029,715225
1016853,9195129
14433708,8756056
10584394,15508961
14897721,1180883
12221704,6949053
10194132,13759239
14735979,8756835
4662287,6268
8226864,10767334
16333577,8147414
6255409,5490304
6680900,16009107
5994589,3725273
10934811,7238815
8658439,7421362
4895614,14299748
11401066,12243062
16644747,14765165
8793980,12093254
13125171,4945806
7860166,7614518
9956898,6037618
15093671,3036146
14855863,3336666
13999638,1676486
11989274,15213645
16675871,11539091
14066868,3051363
418411,2402055
7865472,3763409
6952278,15657665
5517178,3085592
14133879,1410952
7065410,9130265
2591912,15045922
11123393,15857940
10503760,5354605
7367521,13188646
6000641,6495563
1926565,4631088
5252190,4145878
5289328,11069153
4237124,13066424
8616155,2964438
1399542,764300
4378488,4691466
58357,5271699
13666134,12120621
2204849,8787620
2678247,16302175
8623513,16407832
12536895,5181191
13940742,4102775
6297830,13053227
15686850,14323552
7554418,3696681
3136847,9425816
7892648,14488931
4722351,9299500
2771892,12183514
3171858,753295
15958023,3916855
4994956,10218141
12373598,8618979
16559858,16707714
11942951,8263571
14199465,3117376
3351744,8298033
13629362,15853742
12093126,14331937
1823833,8005646
2622065,13142124
8520107,2311312
5720271,16055904
4067956,1905963
9914457,14216823
14193557,5173634
690056,9823851
11426928,249530
16456460,13039072
15465550,15902575
6084862,7365499
1716858,12270855
14567344,11807397
780707,7795173
8053438,14092037
9735125,12276296
7811927,8751909
16145092,1900845
4282014,14265716
981036,10355225
2156938,14803440
8519967,11719926
8795938,11714795
16425728,2784176
4804085,5783357
6172854,11428988
14549166,15507725
6096656,8606586
329021,12287639
5238153,11856077
96852,6024900
996599,9010949
12103588,8462892
16284969,427593
6641108,9938819
2960397,5381045
9960940,11445816
11360947,749405
4259940,902462
4085136,11927148
13870114,48684
8741867,3704026
841816,4352403
13863516,10445353
6739782,8007446
467756,16665285
14862697,8074585
2887341,168949
4556804,4001825
381482,5281664
6594755,3782035
6093142,6127182
10160778,12865432
7266760,7173923
7010515,4173390
9082034,3080196
13548268,10332842
13690141,13046077
12650716,1042906
7387067,15373274
15113610,220369
14293323,7374148
3113383,11585595
10250323,15015104
197569,8118914
12971511,16696581
1820830,1636060
4544438,6543416
10287486,11341593
9411745,5347998
10757828,9077167
175875,7206195
2608657,12149495
16193939,609356
15969459,65472
421826,16468004
9946860,14103627
11378141,12205393
16692859,3473275
12758877,5165635
11763694,2483502
409640,2639500
15651999,14390301
16572292,841255
5445498,4455614
4095442,15419214
3771678,1317579
3849322,7636168
4497851,4895819
223005,9914775
14445718,7890612
8842676,9965702
4153204,920498
12370228,10519186
10638536,16531348
13690751,15631598
9870339,6672499
5324037,11059761
10597385,439565
333650,5271568
16523437,477073
15733254,8027779
5000156,9038357
2831103,1176784
12339016,1930366
4245434,9260171
8512426,14149757
12982043,15727506
9401093,10375352
16099410,7008497
15248887,1997162
14419300,7182786
15902840,8611256
13766415,3741167
1529717,1424906
10409044,3602840
13265145,9145814
10138630,13080469
11841451,4838252
11155384,7081043
8792668,6816692
6545453,7216522
4207828,224660
9879358,15543978
913203,5540823
16477023,12560074
3578563,14310685
658243,13392361
12742253,9416772
1053674,12868953
10124693,3630432
11243114,14794252
2386885,13610927
14440362,13391122
14394213,16398578
7242309,12653395
5119260,5431956
8053339,15622760
13288603,8223292
5349558,16065750
3330357,6156491
7912483,7997692
14130706,10333002
670456,12418477
10767571,11028000
7326159,236173
11723156,125570
15799827,10116725
7862015,15721625
7865106,14796897
7408839,11997057
3490457,10228858
3167752,2989256
7701316,857096
1818268,8292383
2556875,14920968
14341914,11058653
16712326,2790510
16442949,10477764
9657832,8129118
14790602,8693773
1631828,312859
13276936,16408933
16663113,5751628
5265049,7521573
6733377,11631082
474353,10155848
4583207,8243089
7773221,7231181
13455684,6195476
10431828,16716337
12075181,9038926
768510,7504737
9840380,7242291
15627045,11759091
9355313,16183249
1367042,6848221
10995741,3477299
11550919,10485262
13897158,6442392
12399043,520273
5252469,7761094
8007022,1661446
9327804,10177209
14234452,3457309
9539643,3918617
847675,3796150
2748362,3978937
10111941,8539710
8104629,2128250
2397768,13300424
6790550,10355130
10874517,767385
10157493,12586594
14824166,6657513
13822908,1325812
9553576,4907047
5304287,12987879
5664428,6330265
12602093,10572552
8482500,7905750
1862028,148766
13246862,15077231
3904006,14220542
14069225,7409048
12057770,12533572
11050862,5737556
303659,14086797
10466789,392175
695158,3485540
12802325,12854971
355266,11441051
7969134,4158118
3668164,7955234
16441834,3533440
4385283,16139369
2245103,10020084
12116303,12959785
2783227,11510679
14617080,12641815
12911826,699910
6054380,2291493
14255383,16622514
12623626,6661268
1623002,16218640
15264988,11036099
14344865,2849585
3631080,11463318
6174339,9816062
2522407,13528879
12317145,1829964
602228,3188858
4047595,14529749
5524151,12797471
9093738,163759
13941589,16020064
13332681,4171833
556476,1745002
12939589,2785894
12401348,8336826
15498629,13647471
15413820,7657010
15534881,5138302
14066255,154922
16584098,8898336
14464872,5848289
6923634,5538109
516881,6653491
5481973,2421719
1123232,856093
3099400,13506309
5904051,4703215
15460227,2118758
1371366,10170558
5952882,11873734
2631313,11371019
6367939,14625950
4012255,6443226
15777061,6236559
8606538,11386428
10937409,3907287
8882898,13378993
8992677,3461963
13669879,529185
3391779,10803992
12453253,13696432
1113922,3802810
12292237,9597786
13709949,15115831
4889021,7123843
15507740,7294753
7459222,6087207
2853726,12231236
12285266,14398047
15206772,528556
7664885,8997267
10306909,6034701
6906759,8906690
336231,4339226
5307907,2653573
14483420,14161879
7430369,4893949
7286719,16204054
16092750,10342546
10009046,11588156
14825162,8732701
12654486,15744974
12978484,14621573
4201045,14206676
4102335,1943700
3912002,637474
11395257,5838239
7497783,10655422
4649171,11128252
15079046,3829960
13329098,11982283
2318888,8148406
7649258,1643499
8719249,15332285
6483096,8378375
13410158,8224611
16180058,16067370
3875042,5311804
16214835,10230135
16493434,7330398
6274160,1073498
3195827,2610129
10456940,12150457
5609983,11009766
9236792,4878148
3683498,12085580
8541188,16725244
11866808,14336801
11954580,6944839
7377146,7038332
16405742,768606
14844525,7085297
2785120,13475242
2161585,13122696
11980935,3124463
7346996,669793
4436302,4664057
16729661,14742084
10856064,2141791
9381897,8144938
15113482,4281555
16066126,10550928
650671,9788569
9152636,5066603
3003673,3370089
1040597,6265062
11550713,14765617
3619381,583649
8492483,13511303
5714563,14242583
14068944,16532901
8839254,11099880
16458794,2702300
10159507,4512261
552625,2999310
16070934,5757193
4329650,8059464
561785,10022192
9557432,12216541
10280952,9250156
941930,15837647
16143567,12170758
4886373,7169686
786547,6922688
3205556,2611890
11785145,16620388
2733236,9305967
6288149,7784278
10074240,1545296
1092847,58868
5138908,6346345
4553360,14473834
11214764,8920767
16371693,2643123
11626973,3257953
10620653,8256718
15846607,7245993
11112157,11803120
3536745,5483722
8357312,4114923
13829291,5557378
8071941,13468545
2736187,5187866
15594420,7657195
840758,16144323
4419796,11227039
6831436,919777
11082289,3499742
8718410,9548166
11921102,7269484
9360994,7913746
16750720,6689974
15892035,13167198
5337539,11006183
7540238,1541499
918788,13527752
12988805,16482528
15398363,13070403
8059209,9271535
278732,5438939
16700084,7565968
6123960,9001615
16461351,6708593
4152923,12462531
5996233,8080632
4625179,12812611
11681029,9871435
12244697,431046
12386501,14974715
13584590,15929249
10970875,6964110
16386755,5357077
9090199,16652017
7776596,12492389
4224792,5941238
4121920,12011314
5291900,1982723
13943109,984488
418794,7120173
1814477,9628912
6431239,5450256
12222576,2140239
8806457,2539991
2986341,5085791
11961709,1054614
2597712,11334177
197213,6101847
1698071,3520663
15636297,6207773
3713914,5810497
16466845,10831471
6540525,13553956
8354963,16529874
11137309,13090057
2358008,5276905
4666415,1807362
12453293,2949080
12676109,6962556
5631275,14359826
5620326,15078672
10972658,10458777
3850570,13104133
5621958,9308448
10876230,6742671
12509568,13463680
6062151,9058492
13148937,1191024
8516890,4770201
4807499,3460672
7116861,1136692
5091486,11318518
10488921,16311969
6846444,8022775
7673270,3853155
4666776,8113832
13647566,410573
1299617,12197740
6685332,6408481
3783862,11695877
4507564,13339911
608468,12540172
7134827,13264046
6485784,8905835
3108163,11329395
73216,10158633
11804626,122117
13365015,9025443
15190758,7035146
16465718,9051115
10755630,2378303
8270880,8137650
2958130,6789082
6638082,16292358
10316454,1031708
6881068,7808840
1002696,827975
14714956,8054717
1867528,1809946
6243370,15453655
2086200,6239235
14281251,11088591
11439430,3159450
2637905,15627888
13069977,3932089
145548,6166552
12636668,9180656
1168884,6726737
4588983,6324376
579243,12208745
13578343,4563435
10029025,12119123
11887833,6814646
11297908,14746522
77106,7755975
9966591,4889232
3245604,7827480
7363122,11151374
7084067,7817897
16425979,8384006
4516093,8118570
1929865,1093666
9155588,2801952
3955525,10512235
14436148,11616906
4443196,13168788
14529527,16733970
14260919,16788599
6293387,13175380
7923607,13388029
11780861,6185594
11055268,13138780
10367223,4971234
1757597,11272439
3551963,14497146
3667902,8588297
12489733,9690698
16404853,16443032
8304812,14447965
889750,14615550
8905953,15794548
6746495,165915
11816684,13486201
6697176,8678396
10348874,14576164
14131305,12958926
16256920,4877
525522,16390421
14522217,13308014
5392975,14966739
6377376,12059746
15947295,9393384
13878593,10460730
8722602,4750371
12762632,13504411
3057844,16609300
9968442,526483
253239,3823392
4876940,14428361
13809243,16013728
4295701,10968772
11116567,8979610
2806663,6697025
5662463,15301632
11503194,284521
7483983,12374899
2078624,16107394
1602695,6909404
13013826,8003205
15961225,2470483
6357538,11899921
5439662,1137026
1789341,14210731
6284844,2287049
12331398,1790039
7448534,1217002
14338810,6885303
2280056,9970904
13016282,11979777
9548084,12900726
15645446,419128
2046019,13422759
15891390,15589100
6443119,3723016
1274420,4858170
3239192,4944804
11773744,7325867
6725154,10874282
6695846,8712613
15582306,9634189
9249517,3631196
15192772,2976755
14975943,15281257
16248271,8325416
8430620,13808603
11671000,9594611
4031274,6243368
9253319,13567857
10323012,7339822
9455211,7205556
11097676,1461765
6476531,11802651
6382337,4516120
10095776,5413750
315373,7804592
15175360,8722469
6395199,10985095
7732895,13244721
4913327,12606336
10578185,11282375
12768086,10350431
9150833,10000195
14403374,12308099
1967952,6012002
10812951,4258704
15980282,13251765
16408300,407243
6195781,4790538
12657455,7255679
8241190,6069503
9352328,4587501
7689817,6177372
10144271,14495664
3388239,3033827
12674398,8353722
5719507,10938351
1117759,16718277
10481772,8692383
11379677,1336958
13218125,11397579
3471173,5504806
8747988,13029062
14294784,11620993
3049522,3413264
15648226,262745
13057162,16422004
2706341,11260719
11549536,51610
12937905,3888882
15731275,1272918
2023227,11954667
15847345,15042356
12432558,13940430
6180368,10743946
8854555,6066748
10770272,11745235
7304951,6786642
4650560,4739630
2402069,14585827
11691856,3484566
7805166,9770552
2663779,9324249
12162794,1788560
15364515,10708906
10341252,14077215
2493811,1236489
470763,947909
2533058,1012599
7181054,10314218
6447608,4605827
7309118,11794240
2386891,1479403
5933149,1857284
10340046,15422976
5675158,12847832
512023,8599833
7479933,11440348
16064016,14332987
3110255,15530501
7202798,11002409
12926971,13004264
13542625,9347981
1430738,16676170
11507274,15912444
9081785,15513078
5389822,5307612
7393695,6075873
15921640,15800455
13586817,5882573
11790820,14639348
16405532,8429392
8063415,5007929
8256745,3898604
4550152,10261508
11790684,4242001
13361612,14188636
5608352,12203129
13322676,11839564
9764446,951224
8340774,9383141
1927974,11574819
3798358,8673884
2381025,3865977
13771960,14257450
12216505,7402777
6310381,12258463
14849579,8594830
9814472,10797730
2987648,10833636
13113034,7982567
1849910,10190900
5405127,13357657
1938873,2974288
11332464,4774782
9958255,13904793
12165622,5190599
13714704,9606975
4483152,4454283
10798217,7410334
13690268,98719
8547005,5543786
6878708,16134790
13614439,14017551
1053815,15298177
15617541,14199587
7418530,4375849
2818370,10252991
13614933,7146265
13952234,9422976
14134370,5386519
12382595,2819953
14405406,10778897
12362419,14099027
13873500,11503789
14240167,6853418
2844604,14888387
8349377,1335315
6928177,4248027
16039689,9138778
9298911,11220547
16320137,3173914
10645010,7951311
7755656,16199860
13105533,1718389
11969819,9751094
14165264,16238459
15696477,4286140
16650367,6881256
4091342,13741477
4222766,4059545
11169557,11909570
15369521,10608281
7557202,16383220
15097381,1578566
14047374,12932158
1175108,15678787
14186055,8096556
16085926,12280393
4124085,298723
7900048,12757611
3141453,7977414
12529258,2650093
9863416,9666407
11407523,15997199
15965609,14722825
5417564,15772731
4274718,9082461
10199920,9302262
11051241,5772165
12190137,10101709
1667412,7169788
14691908,11959416
16636760,985434
14518913,16511630
5660796,2343720
1080446,16448451
6206362,9853723
7572879,13998415
1442170,8086209
15228601,13571536
14261080,9390687
12769147,4486043
8883191,2582787
14226746,4478668
1657536,6030205
4982070,10652211
12804889,7372569
11704001,10720106
8043973,11820244
7164664,13803435
15258771,3475058
2139394,4199742
8261858,438082
13947675,985986
3754551,14803210
12845049,14839513
14675901,4483051
11369778,3837327
8590587,11601135
14902285,13301259
6320713,4008597
9776751,13160922
12691730,15735995
4499237,9939216
4168731,592616
11925476,11212282
2786990,5314621
4426738,3143322
11749380,16695250
16787092,1143111
4841633,3217985
1386077,7539359
13570580,13832556
14731384,6960320
16789925,232354
14897378,11659
12763692,4373392
15072527,3144072
12164984,12877870
9669306,9485332
5163032,1585328
9160788,7406000
3915196,8497940
13206079,7306213
7961968,12249006
253981,16541201
10506380,13225913
10476536,8588999
5852492,12512994
2454256,7156367
11053702,15089536
4806096,12643791
12366577,5656204
13774650,5720416
8921136,2311883
5890196,2222825
1865720,3166501
16768619,7769327
1922318,13808185
3514401,9517405
14443317,4471626
16624432,9655800
5928433,5457658
13081143,9138841
15542078,889821
6950719,6334909
11890937,9297169
7624560,727326
9588680,15774268
15889946,6489711
4297571,9291677
8074209,5838208
7058386,14209701
8614445,2298758
12600134,8875531
1200978,3545215
1818119,16018805
15552938,14743469
11377855,697114
15861262,15879421
10857691,3997580
13770628,12231451
13010666,13346477
894136,8995744
8800231,4563776
8516702,13109330
849171,13203602
402626,9273491
11964677,16187025
2959921,12162758
2850317,7090209
16129728,6811269
3561196,10948711
5538131,15131831
15620994,10286377
7279224,10854718
7655659,576796
3726747,424553
2508476,1690240
11571069,10633486
5196498,7625439
3409944,4602410
1879123,915370
8464654,1034118
10079350,3287554
3030601,6476582
6602227,10370125
10667152,5596405
15577099,13927648
14671439,12253005
309528,13216345
11908547,676843
11197291,14487866
14481665,14312419
16774447,5468685
15619312,12678371
14239340,5023965
16677645,14819084
9080538,10466554
6365445,5164096
15738019,3172342
585054,1319340
4960774,10495926
1656387,14703904
11993017,6739870
12790997,7512313
14563359,14657377
9700185,11260011
13260555,15332328
11029329,7541230
12799476,11087238
10267465,4850546
16071155,9634021
16786262,13660910
13669584,6637842
2462455,7109132
12497198,5846587
9288921,15879414
5095256,1359035
16344653,7807461
2982283,70497
14610470,16024545
6090580,13390681
7445359,16106590
3843868,2034832
6826661,3076405
2571278,5767086
1360685,9473498
154280,11858086
5328191,10669446
13377360,8723808
12619992,7098318
8466141,12681084
6738754,5864337
5025556,13466450
7669080,14320843
8836165,6500340
6296042,8309672
7255834,8484151
9261447,1474366
10668749,10495537
2562641,6728053
15263222,1937942
15373959,11619566
11768047,11352946
5422603,11906408
12231240,8667528
16545659,2554480
14914071,1143329
9887233,4875795
15391007,10276928
14447843,4127862
2986169,393755
8304661,10894380
540775,3588685
11111503,13986949
4521880,7451368
5834622,16374233
4960645,15965865
13187325,3067196
2186932,16232495
3036448,916058
6886058,2747451
7659509,9607369
1358886,3126632
14623771,2011235
11767740,899168
10251728,1503222
7748974,9263562
11505045,7399837
1186794,14514850
11816838,10919104
16481725,8536313
4138828,13142159
2739367,4545191
11137274,2059459
428929,2468884
9472832,6561625
6367409,15615955
12763609,6414110
11707574,9214744
8373216,12176258
1867426,5413246
12758414,6126798
1962062,2834083
10377167,14716154
13847430,13326007
12016628,4024223
6539747,8996300
3076207,5383959
1080569,8001948
15689539,9928318
3209988,10476508
12992017,5807025
3672739,2772743
12268243,639136
6323382,12491451
8041972,16489515
15809423,14123089
8568574,850786
10073211,7831957
719697,16214000
2367109,14982312
16771125,4217605
3608687,12276895
10564598,2380789
5454530,13765360
14002344,3999150
5203162,3527523
2242191,4861354
5745307,4906485
11051658,10067302
4665340,11074136
10288276,2111580
10431221,2315996
4398401,12483936
9188431,6938035
13218968,8705423
9474169,9215108
14291504,14101144
16025381,9519238
1691177,6803254
633987,4668042
10200647,594602
14963572,3353921
2770443,13824039
4627814,16231426
16265997,1970230
12585309,849238
2002932,13029135
1402768,726434
3374713,7708025
3096979,5618665
3537482,6152976
10202939,1529405
3893269,15663818
11422832,16326182
16311901,5365988
3736162,8357282
10701481,13522471
7300338,1514799
11823219,6562729
10603114,15839616
9570954,6120074
16258171,6491645
7238709,16716150
1740409,7741092
9936669,2345799
3949051,3783867
232341,14578044
4735060,8530973
463455,9037438
12781907,4830572
10741790,16187537
3739538,7811679
9526883,4453906
16476702,6172235
5879163,5878470
16075588,1500486
7514471,10737533
4217199,6881096
14832811,7919973
6544441,2151429
15039130,3835979
6338135,6896998
4022571,29307
4993274,602829
4900730,16701492
14877416,2787754
15942542,15292657
4113859,11797906
15049314,16656554
14369552,2069656
6718412,14808329
5423234,9740080
2800894,12109930
7898122,9274460
564392,6775939
7152647,11999887
15796253,2901129
8577809,16776454
3420497,13796745
13808231,6359468
12195577,14578494
11205083,9715638
82715,2856116
15206275,8300909
1845766,9366961
10031455,3209354
9897101,11176594
1746909,4586709
8865730,9726524
16352039,15194703
9911755,1230090
14788472,9761130
6725917,15351937
11134526,5685364
6998125,883400
11791347,6025355
10786854,11843544
5535487,9612394
13429087,10683802
2305023,3587629
14629440,9425663
11808597,14926005
14059152,3655700
13889055,3203596
5000730,13385766
2062442,1674131
13215410,5777539
11599871,6944329
3255585,1911599
3903110,14866808
10148535,13808057
6493907,7174062
4323053,16350561
11924250,15425241
12717936,12418450
5732572,5543016
14141674,11772223
7649892,4391726
3089952,9919956
14226999,16141559
3119505,12656128
12219567,13189561
1875612,211869
13308347,15427529
14914405,5310625
16445627,4747769
8477579,5217688
2446331,6441695
12215024,16725931
5782889,15287617
5171505,6726196
8897284,11787289
11849579,1967947
13678930,5309748
356656,16390842
8584748,9120737
7638806,14700274
11161371,6021878
11317117,13036880
6815986,2075408
7106558,2706695
10479669,2144040
10406330,9844467
3522183,3866660
8053459,2842267
13093121,4114006
7158862,5839656
11704812,10719041
11951562,16157454
13114833,1788723
5753965,10111151
6792933,10849992
12538537,10872082
15550235,3469701
4985272,5859653
10693608,7682247
6891461,12819832
6349656,9468578
12756366,14236839
5307608,8727646
9583975,15247587
1963611,15703947
8203493,14265493
16580488,10448260
1218734,7822826
14924715,15154375
13924561,9517380
16361845,1132724
2630139,4964265
13407917,5310147
1259447,8695704
9049957,1623412
2949229,12783086
4618039,9399355
4928610,10285690
12198035,16124526
5707043,7628059
7263664,16333104
5264634,4157373
8188222,3534087
5787964,10456999
13910716,15748582
9812291,14074501
4242800,6975705
5576983,3966431
2486985,15072007
16217705,9432480
13254228,3307411
9411541,7224753
12764439,9470074
10144768,9949505
735504,8915267
15359225,658340
10939520,2208134
11222415,7739049
1275371,1566235
7005833,7574673
5258943,6716352
4920316,7024566
9597809,7005201
10503212,10108465
192279,15172145
710273,9938540
1492907,14404798
7462880,7804042
143008,2503003
14690056,7967638
11473853,3694021
55699,7366729
125708,4621661
15193292,9105328
3088099,8797050
8434151,4035359
9476074,9562920
8474309,3730388
5503876,2515717
11597300,15675996
16246247,525488
5657941,12671052
1653304,4806156
1802729,4421890
15803914,15740679
6104838,13687560
4372426,11887467
6752999,15019135
14519502,3656666
14391364,8080979
11227653,7287788
2857350,11778313
10789911,8579614
16058988,10581774
9787460,71579
11168401,11700838
14320318,12569255
9649516,6436086
2674893,2757396
12226851,5253373
9213279,6429222
7098936,3660944
2374844,13569885
9997054,7647438
3694538,1593559
1046118,5090963
4388042,9480982
2684431,2409515
12180383,12267389
1996021,7076943
6909838,1020479
13548890,12874691
16734531,15136512
12407743,13148703
11949193,12756835
12234329,12471587
9510724,2546080
1983831,15065011
503132,6958960
9682683,5038234
2432526,8575561
6606683,13493501
16775518,16372886
654470,15823591
2715976,14692100
9180022,12259421
7967649,7688929
1404717,12540729
7157602,7935748
9974013,6436104
12523381,10359360
12974845,12223810
15539215,9154208
4601049,1002510
10734093,12011535
11363154,13252396
10564333,11233042
4021806,14692096
10931199,9452106
10283886,15336730
257424,15311545
4889039,927572
15178597,16756477
11312895,12982058
13485826,5949573
5239690,2077413
9395208,11015755
7697782,14392433
5944749,1266399
6606828,9839559
8507151,7373093
7153431,6034409
2648143,13433928
10265980,2991002
2689810,1977297
13527013,5628079
503428,484653
1307058,6604292
14676419,6025654
16162132,3511186
3908594,11720819
7097742,5219739
11266810,16618696
14660606,2685709
320505,11009982
3085481,10371902
10179979,2881901
8227567,2701414
14162460,12429195
7278688,747244
6296370,5293768
8263966,8243202
11541366,12751433
12405774,16119215
6679149,3211089
4716317,15827977
4907005,15382361
7716482,11104397
14752247,8486164
3553099,2907359
10879651,522343
8204967,6439164
5052846,3237549
5096957,2131272
8916232,7883482
4988383,15390657
13076075,14959004
4031507,1604378
6198082,10271805
14678307,11916207
4178325,6549282
4218753,11558905
4326774,13800922
15521710,11448856
1789503,10619394
14174186,5783929
15026663,8934961
15427625,10282215
6791950,12795001
16249913,1541111
4871337,11144463
4865315,2493938
7955698,4343192
9085700,3169486
6021013,3318793
15323433,6290741
8446197,15091486
11644069,162614
14014843,803257
2966086,6770040
8690666,5184634
13122862,3373100
15154729,3370230
9802176,9971347
11511748,7852711
4344607,10555231
4641835,16638976
1685178,7430984
4458335,14424431
10960509,10594393
14836098,10401779
2233877,14932476
389516,8406324
1596460,12179961
4139710,350143
2241026,2682733
5971173,26458
1133999,13604945
2206207,11616082
2942812,6974845
16664849,13964530
7639894,15543832
9999355,3302199
7776339,14109036
556526,4064350
2602216,1604809
5826954,14319026
12120483,3903739
16263007,13724383
14006723,10381597
13060125,6550961
3276666,7426349
9530641,16326727
12075385,219476
5656909,6836536
10454512,1929641
58399,548449
9303128,4338569
10152165,16574158
7464659,5173742
5708029,8518800
5875729,3787933
16271669,9579419
11490093,4902639
6378481,16602921
11934801,2667266
15023053,6646383
6548857,11284873
4565177,7769641
4556344,11026936
13460526,16744384
2362832,7397738
10367081,12731372
11234673,8977490
5864798,15059035
9920783,14282493
16768652,4088549
12565400,11742734
2803695,13478337
3175760,7284445
647245,7605327
3921548,11649502
10620162,4953089
1572823,13748522
6641629,6100367
5694589,16212264
5562385,16409493
3831520,6751415
12697170,13055689
15548726,14654669
5145753,2783999
15793993,3319273
9313746,1613288
7312404,1069145
15603065,513219
6317408,3470490
11139227,3906425
2087504,14951038
6023539,732329
5578862,6573997
4672026,13132418
15343854,13850469
13505715,5827077
9106205,16206410
5120244,11220933
2388427,7798861
1428182,2580379
10544157,5218739
6072291,1207841
7301660,12471191
14651933,14243591
7271314,7840784
6463868,7219626
8982011,13323402
15626325,3473352
838628,11362980
4927821,2030128
2378210,11668632
1929375,15966338
11552951,1888668
11973784,14573806
8685335,1275660
7294823,16575655
9776796,8579153
12920385,3769073
7192421,155176
15583438,3143907
11860714,674835
8158379,16699192
528415,11728338
16025351,14164129
2972012,2767143
9496430,12400244
14688988,11595147
14564389,14433873
10273453,13670657
12586071,10625971
15669495,1190465
7156200,16498862
8934801,9018461
3460206,4761185
13291017,10925456
6174512,2573650
11941699,5271075
13546917,3218331
11403642,13979106
15850503,7934568
7104827,12237533
10480124,13392992
4313426,5891667
1779068,9604877
5137550,10918010
2396600,10917834
14344539,9512199
8422620,4142245
9001017,5995557
7845129,1374689
15326038,11966256
15103327,2678938
7276462,15857949
7872556,2039369
9829934,12674864
1454871,10047406
4556484,2608807
13062293,1619385
14820614,9421769
4866295,5900371
9105340,7004473
2477148,3178674
11258332,1937693
6646688,5686692
1657672,5426721
14668817,11965622
641436,9464928
11205390,15696636
14163232,13292007
12919568,14188794
4243734,12546741
6392180,8508117
13211712,4489258
9153165,15109869
11168938,7030978
9474562,3254067
10527499,11985094
12503029,8382252
12963621,14174403
4174223,2767179
5970052,4357866
3315957,5029749
4011054,2512311
13528963,6906497
11773874,4693272
15474719,12516716
15691021,2104708
5660779,4385804
13602849,3189217
9664097,16721297
5170073,12398644
15194,2334788
2447160,6674618
15568119,2436332
5869148,4221816
8100419,4874783
4357240,3910748
2892656,7701203
9883761,8634251
5302147,12243230
6852771,2711108
4634333,9491735
6071290,11646351
2193056,3769148
1797608,9944407
15624741,13289236
712887,12831348
8320619,16217967
7500879,3271012
6427248,10917588
1837388,8984759
1248545,11054949
10861025,2325072
1114950,14528679
344743,8707393
1191047,13953645
8173288,10346895
6802006,2535322
10423445,12143066
7122135,13582356
16314645,469872
9780026,2373160
4213089,12037425
11540041,3215480
16225584,10678578
1094659,1774718
7907679,1326437
683306,13238603
5790260,383878
721643,16410566
16279746,9609486
14455825,11798821
14072415,7848535
1197525,12430093
16030291,11013025
8864020,12983697
9964569,13472418
4707700,13417217
5288660,10673977
8960338,2230896
3584288,7289014
9212004,14084823
1689683,6763270
317152,13152224
10617410,5632347
1689322,12533784
12303872,7621163
6065457,695908
11751498,10821738
15110264,6994787
10072416,14832865
16008565,4329700
12726982,14443523
7715472,3640081
7443331,14718623
9587,4494589
7825196,11960509
11766096,6058897
15286334,16293547
2722515,1022337
1653761,15717049
5529680,2466482
12484261,4456473
14427052,6099374
7570133,2162515
12179955,9528706
12360196,13005001
4875447,2014049
9411007,3201787
10039006,10733548
10601095,12849124
5655674,6705472
5373361,9540956
16011418,15005139
14037574,7478504
11772215,9935551
7977141,8677670
9750386,3973744
15208067,6928921
359532,13272231
5970381,6631263
397292,11487362
5500209,6374665
12160930,2399748
8072027,2078549
3339331,5539772
7236804,2942648
11920109,13708610
710355,1261938
16583518,6470667
4117393,7163830
16672551,9418932
6147111,15623343
9461165,13322222
3166605,1194679
10413524,7705984
563341,11218812
9098629,2606883
16473822,1381497
3632222,2545468
10412822,6024680
610744,7601064
14296068,11206123
5858925,1337173
11123987,11561829
11896478,2593205
8237524,7234900
2044509,4537406
4949888,11990791
15004388,8664267
9868388,1685032
6903600,7795743
12055028,16615400
13602150,7541024
6094804,13673857
15566927,4523676
4580918,10821516
2121259,2944008
13556659,4661484
5193285,13951809
1211245,3554283
14317807,6741753
4568853,7678410
14603698,4740920
12023971,1580448
5350815,664881
6273752,180194
7548325,7205507
6733126,5766903
7272342,16270666
4536037,15908396
8763870,5864892
15731345,10435774
15926166,3744441
1208525,14093768
7996571,14811220
12388156,12928093
6711394,3950695
9144803,13356658
9408034,12133646
2344133,1088930
5179484,9818267
4637420,15604005
13287471,4062842
10471286,4744447
1124523,7221224
11405516,3601641
12827824,8456243
13189087,14602161
8954432,16073636
14911072,1021492
2053206,6359444
12977603,14707164
3836062,4545500
2546093,6859807
12699810,12495014
8698524,2932841
12287402,9944450
6780595,509445
7794555,16003467
5752563,12433832
7760506,10047354
4246276,885825
11891883,4275703
10243631,12309865
4292737,8978815
14954451,4451056
1558520,11745312
16222137,12762698
9016262,9351095
2234278,11954326
12983675,16716467
14392769,5957661
7781147,12534269
1198780,5629899
13128340,6451019
57478,10771089
6390693,1527004
14102239,13585265
7792155,11998306
12543772,2820010
7340424,6117241
16787557,4065642
519366,9907499
10538126,13097465
6682984,15702037
15411753,7526103
15608351,3623719
15638105,5477384
1496414,2907114
11899551,8711592
6658168,13885995
792800,3311002
10888263,5365934
11983490,11332439
6267183,1670319
7496769,14241712
12127756,1018939
12523642,10607135
10125458,2468730
11552416,7823677
2766929,11450162
3597294,15018323
3980916,11518307
4030116,2147589
7391973,9187696
14353829,14799901
1707820,11006441
4385691,10909435
1967568,15004624
8056277,11752835
7233059,850728
15728186,2579153
12631016,11555341
3836497,10662055
16299510,6400866
1451558,11352010
12379329,9212952
8757258,16206856
10987262,9078788
14613035,9101530
13169660,14837942
1714428,5725143
14540969,15922000
12061255,16654926
15241513,11351823
13720589,5246742
12252272,3468374
8422638,15683679
3929667,12349964
6722867,2048647
14471629,9206112
14785701,16229012
7215134,9138948
8624726,15042607
1912190,7679967
8976298,1711551
14370072,8512535
9578542,11154013
854856,9642647
12391052,6000614
321687,7754182
11746098,2149858
9796625,7918243
12894327,13866480
2782492,1768786
7697298,5173248
16300763,15101219
8620622,2151781
8741487,12204749
13397069,10518514
411316,9889735
11262848,12290121
168772,13722990
6377558,6663396
5457933,13486594
9027848,1364066
8870429,2351740
15368756,55425
16680178,2490760
3995925,1961899
14407394,14247453
7148012,14029030
7044682,12020423
4215303,4512968
13856396,1549973
15588630,12708405
363985,11102146
12656804,11864937
8733834,12776033
14227379,15611747
13250546,15343255
14089990,9802792
14684224,2847650
13472220,7883008
2970665,7807534
8907344,9265758
1341013,9021937
9945802,4867352
4804861,11473274
15176308,4288621
14713393,13619270
5889365,13065250
12298593,14195002
12310839,12537463
6149432,5882036
5410015,2857696
11645566,2071581
5153954,12995776
8774526,14177096
6032185,6678215
4729437,16439704
569166,4297894
10565140,13100817
5024338,11960757
15710836,12259636
14043138,3606608
7123219,15004499
6721974,9164726
16080070,6806636
5164913,12658008
9432406,353234
2899286,823999
305009,8350529
11184396,6115532
8977035,9407666
4857779,4949742
2710060,9244234
4091335,5279535
714636,5006459
4704385,13828574
10220014,2598394
13577218,16646780
8439070,7038403
12974255,13681270
4649058,13959554
6107125,1570967
8025774,1427569
10563598,5096475
5307054,1094865
12910582,3282546
10416505,3877344
3590617,1223588
10320055,1846855
9008675,13684491
12324117,2010453
1844752,7885110
2610352,12071728
5614754,14629074
10187449,1987404
3107384,14947858
8731480,12775693
11370714,6984452
12268509,16654437
6080327,12455875
13497046,13380937
5069619,9594189
694523,2518968
14386729,4482329
16754449,16372593
1466133,14022842
548310,814286
10993256,12204713
7999789,1383207
13176896,7456328
10685005,8863424
7147846,15501419
3647624,4672710
12182805,16063044
718789,8877186
7968331,3292380
1684264,8966557
1906942,10606737
14568188,14691136
4322861,6194546
13281039,13698386
15059477,12389650
12739228,4721291
8118610,4209470
9297063,4738079
14376452,12178037
11998870,4080657
9239899,26016
2801326,5152183
2931693,8352635
6223812,12967406
2808104,4301244
4091863,10049874
7066246,16061515
1508586,8652017
6398908,4181441
10898362,14993993
12099684,539750
15773233,9726015
1877107,11109343
11332177,13079990
432305,4551394
15320894,13635748
13844910,870160
3684619,14498133
13840409,2502222
3619420,8731395
804480,10881175
9308608,2099069
14987328,7949517
14828139,8609992
5344517,8137087
2140361,13475274
2831051,13503509
684121,12240855
380067,12799547
5710734,10379544
8703547,2817944
12821367,686719
14284053,11727386
2234965,2189005
323339,6672869
10912711,7683800
8529969,15885888
1343959,1866767
10478663,3304035
1880355,11166409
6372558,14095267
8203723,13235869
5177121,11984243
13288365,13420417
14160183,13465158
5068287,4366262
12067857,2712006
6323728,1470657
3193010,14690670
11966671,3842518
1171137,14397118
16707247,4551421
8365237,12032146
484844,7811260
4731777,11035631
2912330,9906806
16073969,6991092
9105815,15944884
9411257,13377238
6286966,12743533
4795485,4229511
2622604,3120140
4759284,11498352
12739988,1772413
1657958,5263310
234436,14378053
10226532,7749039
8867934,11570766
12808376,15442308
16275829,191987
10683255,13466053
11802688,5983662
4870581,3418281
8324472,15827656
8510901,5492844
15060173,15620710
10695936,13449329
4189581,7592139
102973,6987611
11705481,8294776
15484022,7540944
7699984,1845159
11037795,16130910
12538153,4920623
2231626,8316119
8828378,245281
10286344,5562417
15371830,2588575
11085050,8905829
11526489,11678190
3200747,12825080
12846047,6674433
3545672,715847
10887018,11061947
13307106,9939056
10614295,3867849
15555059,12359833
10773603,5436394
1059366,4537170
11707511,3024766
1155858,3992043
7794807,9927205
7084800,429427
11645611,13778265
9976263,9104808
1419679,13827312
8392260,13328550
8554806,273321
5949235,11852558
15682431,7065205
4272447,3687354
11736232,1562361
4650810,4036495
9975203,2094278
1737550,4816905
7475580,6861369
7676492,15511111
3760769,15055770
7911998,13987110
11966350,8865142
15441975,2038221
5068334,4666489
14835432,9737243
6464690,14795408
10666806,7883448
16550907,14372001
12211623,4849204
11259702,10916828
708644,5056879
6154316,11887114
15118859,9976957
14748050,14032620
3776145,12961731
11114876,6132724
15353136,12423101
98986,13948779
14437057,11453882
6489617,12751847
12065154,14111767
7388216,7322728
8403361,12187233
12752891,14963104
9611308,15468428
3152122,2624746
2035946,11841761
14296078,9376606
7779511,9475398
8749335,9282132
14915757,5540203
3382786,6071993
6016622,14269165
6878563,4730393
7806455,9913770
12388130,1565461
8060759,629512
1379119,10300728
8221303,14838614
1839038,7174121
255216,397277
14945073,15107004
15416796,13617723
6592984,12253676
10138041,7943897
905725,11666370
7135176,1124199
14932226,5739876
3222398,1953773
12022850,3345903
7860143,11754485
13645485,9840116
965962,10791062
6438178,7651262
8431077,3145445
14658386,5083392
3073966,15953443
12340576,10733433
13795671,11504711
9119040,12780779
7589155,12320076
13546596,6180914
181078,13375549
14388099,1393094
15235508,16383165
2725975,11721441
10751729,1022958
9319146,6759402
6856690,14417735
5549351,2781674
13453072,11339135
8489697,4773422
560715,13522427
10699161,8600153
2331711,11046370
7447896,15163044
3184852,1522596
10296018,11270301
1186408,8615883
3915304,1109080
9205037,14390662
16142352,1489095
1507162,10152339
8687922,10439894
10303921,5281280
12033749,4105812
7009634,8407042
12583981,10472088
10233493,16350093
12786531,3367940
9416772,4722420
7554863,4830961
6623655,5772815
4669423,1289143
387601,14093493
10730468,5705650
6643222,10805670
13609177,11423234
1966288,13664859
7807871,7083002
15979118,11977482
2834133,6156475
10886067,10546533
3693770,9537311
5588909,10503029
6290741,8143604
14847337,12403484
8220293,4182497
10440322,6100696
15821322,6592017
13144594,1183150
16270323,10812363
14262519,4541313
6017921,15576101
5236234,825690
1380582,2733349
4083597,16728872
5077035,15274580
263975,15894755
3836600,10700706
7622678,13366533
10244195,7952716
5031405,6608018
16427108,13041170
3659569,2308596
15768386,13851684
12756555,15154539
8885935,5797087
9052895,669606
13278402,12072732
5676682,1849005
16400719,7175498
516079,6056971
9347612,13932407
1087668,12703154
11103766,5407377
9024741,3149778
1295423,14410553
2587099,7382422
8011578,3603547
220368,1530353
3538524,14656812
4667391,4360495
9640660,11385729
3101551,15844180
10817019,4126295
10604675,14031722
5050260,10971676
1504237,11830888
10812994,960449
11100157,9520404
13395663,5061023
6358663,2707370
6814488,6853977
11934312,2796514
15002729,14058550
4635061,11911235
13353888,15299578
5138266,11460626
5736582,2744299
7159061,10354256
2009643,7707466
2285756,5585687
15282813,5813020
31140,14381414
16144218,5678734
596065,3738363
14984558,9923879
16690439,14948138
7103948,6924650
11593523,1349202
1242812,4723633
15927610,2167848
4402642,2546174
7558568,3169048
8453280,11713771
4696453,2801931
5771375,4674561
10551030,1132243
12674750,13115362
6375060,6865474
4643354,2544889
14902863,4442721
2724360,3227448
1445771,8788394
5149537,4964641
2463782,14136442
7269572,10750251
6359559,15692841
1995883,3430175
10517390,15082019
629719,11472288
14666506,3913677
7639169,6460997
3399280,3257435
4104537,11838273
9646826,285072
7881032,1423343
13672478,16620201
8644867,7409437
3027530,13206130
1386886,9426957
16421602,8559246
13867420,3601814
16081334,3940522
3548648,15554505
1380127,15140701
823959,3347954
7143158,16359984
12272772,10589830
2211431,14867640
16071826,13792998
9733715,1995564
10654906,2178949
12972186,2944123
12902191,16653870
1290643,12554819
10859983,7569113
439432,1699599
1411303,603410
15646222,3025240
3782404,485245
10125447,7630399
4810520,4353326
6736423,13557010
12407140,9521663
8153295,657644
3693636,4057100
15903386,9916750
10366869,14443430
7910842,3881782
3147784,2084313
5725777,12150676
47043,7297864
9135361,5590418
539238,14508730
3400319,6655623
13913776,12887105
2065361,10465913
9869532,12377982
10304668,2790309
5342423,16775810
13117492,3034705
13977915,6229341
229336,54389
3236090,2143706
9798345,15605817
7420156,1092683
16179797,7313493
9622465,12855536
8783074,901304
5046050,3545544
5963717,13881268
6339197,7595565
8578160,14704988
7204896,10330979
10884331,11282724
14910897,8941838
14094474,11137680
10013418,1018889
9754380,5232532
16025703,12513463
7843883,8890557
13899933,5965938
12132152,4182994
14129236,4066693
9754035,12400542
13536800,13200913
6812712,1389353
10415354,758141
4608972,3092362
12808709,994546
4514583,14126730
6056031,11993119
5913326,4177162
8809487,8641105
6354665,3939610
10468590,14903223
6651502,11935442
3914682,13729100
10042536,4530735
927627,1155910
1931267,8125507
16129741,9237382
5215846,2582475
5409875,2161060
6151478,14941949
12348323,2593485
4880423,16612263
7457202,14267687
8978993,1710541
3155377,3859811
13948951,14399951
7968744,7408322
9692935,14744131
8586753,11382490
3278567,7964140
16708987,5619988
2572144,3346987
5251610,732050
15678272,9980684
10451478,11945573
3202154,1006736
16739851,2787422
12330697,730525
730873,784073
5853642,14270922
15772079,2032550
14208750,5714641
13857907,12834742
5733910,10242461
6905536,16229772
12202813,2044904
7393775,13110525
15019285,213343
14056975,15652876
3068791,15257916
7132953,11170122
3367034,14033939
11587959,10328399
10001417,744422
9064522,6363247
1903785,15038312
7345499,404730
16701204,6980957
4067333,9060230
13207069,16316060
11907855,3563039
16364885,6302027
10482733,1473703
5241135,8503924
11156308,16374877
13481505,15382249
2314395,11160989
2176921,3838123
10674927,7486452
2817705,214874
663761,8309305
10767619,16073388
4652105,12190420
13465252,10782151
9520735,8373716
10100474,7501576
323130,13429257
1928283,3865952
11195797,11673029
1577834,2071367
14846318,8308618
12274668,15204299
8480586,2081564
8887633,11410032
2549355,9596994
9355927,14585064
6500209,3487630
9687718,5151827
1285566,8649988
14760953,14046832
7093249,16010543
163173,16572125
5202027,4762492
14719454,5738201
6194961,11002962
9701000,10468264
1254036,9968277
7433960,16217901
268076,6592369
1752675,10776879
15354081,7633163
9258201,3855901
15288485,16063838
4679272,14610538
5702075,9794455
14156420,1390975
10791957,13022239
4551904,13473171
2333815,5073610
13525917,6664344
3183147,4458171
13974505,8623196
7398181,8728152
11366696,3538464
6714772,7595688
1170195,5192716
2601131,14269418
5270851,6375951
14354943,5743524
965561,16646606
717244,4479910
12844093,464379
12494506,9742695
9175527,11510073
1025115,14180353
15453887,10761425
8334910,4814021
14774063,10953703
3810794,16077576
16765085,4778958
5332014,1630872
13125311,6427558
11444726,197203
10167115,5185364
14690697,9893954
5667014,12122612
6226615,15869368
10573878,11222818
1005447,1384368
7987551,7444951
16745899,15282009
8834937,10714437
6398270,6029811
2796521,13421892
13636569,5814087
8157281,5305071
12235081,5607962
128003,501837
6537288,10687132
2133503,749883
15681950,11869340
4400022,9079616
15367384,15601561
13070856,3587363
12513151,9607764
10325161,2147410
4622748,16332582
15926159,4585334
365999,15629739
7756013,15269688
499554,196761
534161,2385218
8624118,1557539
9135997,5775904
5333237,1302845
9178984,9659415
15386231,6014456
7815415,13337108
2068477,300820
16402154,3731983
6581613,4908150
1927513,5119364
1253844,5258312
4350712,10194882
8027274,6520916
4362235,11423057
4272421,9295082
2398060,8091972
5594971,6052865
11660431,3389968
13382974,8178048
5824669,2716068
2649931,4443648
16122804,9540642
7052344,1941144
558925,11819574
7258288,2712394
8517286,11670222
6166772,3330677
2361820,11912162
5295563,16116505
4842329,4275586
1898830,16454223
14914544,11048137
4937861,15841849
8045158,8249970
7350787,5922380
16433972,2778293
11581448,14051468
4001869,7243620
3094806,3079406
13325534,7067682
6674690,1652104
5003664,5665652
9041480,8451266
8214438,7832855
9555032,193423
14914789,2166409
4768411,9246196
12008600,13678115
11517324,16137459
16455150,10976010
16087001,13269144
2510303,2529024
3840680,6331070
16450060,1030113
4562354,8178003
6175152,6441250
14357239,16239290
6014017,9706543
16058731,16506570
11698200,5888671
9821226,13049765
1153677,7275519
2868661,15180301
1147984,2875410
4738710,10014465
10699399,7281318
15676583,14816369
12043750,6904214
5604970,3132790
1062133,8129186
10845774,9421655
8282848,673131
5184960,2835315
12903369,1270508
7089441,8911291
3943140,10178004
15422962,2305208
11216861,9554664
8776413,3628197
4460608,498486
12625986,13000136
1233189,198972
3876986,14013279
2928568,11264574
7528067,11860840
7933084,6616110
12796045,9445694
13230507,6035499
4751503,5476494
152937,1158557
5079013,4325611
12404232,15934959
7280118,2010996
3057580,8887106
8905906,7097305
8903261,154267
8349661,15854974
4543595,1737548
12356676,7353310
9915944,2195992
13651623,188643
4484388,6362047
10515249,3798916
6352158,11493785
222043,1753480
6329742,262873
14132959,16508761
7760920,5369047
360976,4984435
12074441,8082396
7339398,8876709
4291967,2497540
13533943,8813594
10713210,9783692
12818033,7430777
14882573,15078275
9492181,2539798
10993308,7268994
16550684,5426109
18887,15819682
3449333,4886891
1616602,6781796
143553,6568213
3482304,6248215
5583311,13486340
8834406,13928063
2540873,13748412
4622864,8422113
14353508,8281422
11214597,13245821
2670706,6291311
6331485,13103585
15598973,11637396
45784,14292135
4882428,2664197
849119,6448601
144669,243138
14333428,15501463
15582702,1456033
631298,10489231
9301131,14257416
14979066,12848537
15691716,4318284
9587523,10605369
10492059,6152529
13496325,7922343
887986,521426
10800183,6532827
3737191,3692954
12749113,14540344
7329776,1040068
1800276,12536483
11228064,1690889
736011,7865457
12345817,4661628
5986301,10485846
16023744,5149426
5955974,4467073
6574192,4507804
12317255,7722672
13647370,6082318
10741039,9866895
12685549,8003731
14924035,7668778
11972400,11576270
3496712,13796191
12138271,13211167
543955,8135190
11399602,12042104
706458,2480611
9264387,8425709
8946876,9093510
15571979,11554656
12993584,8261165
10003145,14139630
6037099,2419315
9882483,11653830
7148246,7855301
7859970,6851561
10153702,6845593
7798924,6960035
8145811,9774297
13689053,12969529
10373861,13770994
9455365,5148975
331265,9537748
13799405,10704322
8152537,10429593
7363183,15101210
7232314,1235623
14416009,5607048
1798587,7660233
2627593,9734240
2195551,8874976
16682501,2222595
5050291,10647079
7770044,312673
11384966,2551647
12451441,7970027
7132204,13301998
2854586,5696712
12203803,3728511
746996,441763
1989620,11813122
5401409,13481183
9925573,12679809
1404385,5225418
14350057,5178225
1929568,10006549
10243321,9636408
14710303,13070949
6067546,15900425
8359263,7347754
10433755,10180734
4099471,7344923
5449101,11513100
15412905,12715815
16355577,13116779
8614024,450773
15513920,2074373
12365918,1533008
9819367,14236777
15499029,11909104
3841937,16682364
8738265,12943295
12146712,2137862
4789842,7379861
174237,1289643
10205049,11289316
6328486,8870699
7905918,208331
4930665,14657755
1727182,579952
9565740,3087523
9541632,15031892
8429746,1315032
5539978,9634229
927743,12856221
8507628,10174732
10989120,14891865
2863017,10021295
2073613,5677195
9574250,3123835
8114646,13951057
11912224,7768637
12291824,1464367
9563192,306072
7784478,2198197
3591841,8031976
1195605,8810588
2038685,1283782
3219906,9064138
4654016,12857511
7717334,9502480
4156702,16533183
7969169,12446608
8793780,12632335
10081193,7266636
6332763,16659479
14978372,12013447
2686668,7329785
1693120,2886732
12302725,3382929
10412857,9198686
4950415,3169667
9680551,16092094
5964365,15584140
6941670,13366980
12591648,3999242
14058648,15009263
3205490,10012003
6382595,15222204
12906994,4929796
7516231,8932325
5185611,12077780
10109319,15863768
3280874,3750973
727346,12727367
7376192,4693441
15933633,12305231
13705898,9000150
12752247,10450027
1772869,466374
12043230,7700367
9857766,8526387
6753846,10783526
7501680,16724549
10417096,7034678
6884104,12586170
16768968,8345068
5169753,11174120
15491547,8251455
14621057,4958077
5011749,12509427
5363018,15712358
8276473,14505432
6950239,8924848
16591356,16037297
9583670,3609297
12222335,9277085
4881596,5669795
4367472,13014
12866252,15084166
14257139,3529905
6487349,11985099
29145,11000864
14445130,2931589
12183993,10189520
1149869,3510847
5048666,14761797
15804495,8530343
10069086,9087729
5452593,835583
1879636,6536828
5434678,4178197
15685400,11966819
9372317,16120631
6561491,1161867
6245515,7371232
2934009,11999645
10642804,15430154
12480818,8546250
926464,9635247
3653026,2068165
4752549,9737356
10806695,11181774
3414601,8178599
14741994,2696369
2209675,16625592
76437,13788400
5752329,16269054
798740,4934838
15955367,13126258
1846331,11331212
13347386,12862822
3318292,4184736
15454696,4264288
13955302,14850668
702456,1040641
6031661,13674834
4283228,6894559
6211840,16520427
9155214,14667368
773033,16711971
13886000,14599579
16196697,15005591
13661908,3395584
13325987,5178623
12332532,14842627
10983840,6130619
11270337,14936986
6809477,2894081
11650718,8998206
7722727,11188643
6726488,5140981
9022800,8240651
14691960,4126527
1168061,2016362
11468368,391652
16028535,11288405
8426534,14400515
12243146,563108
12860608,12535850
2791848,16794558
10271519,3512932
13858428,2965650
2987010,9674509
15773826,13371104
13069133,9630426
15736097,16485082
12027443,7959709
9572170,5022160
4440773,12918281
4598485,10326752
4460802,188788
13847139,12718409
1463149,568464
6116863,5403703
10964409,7852374
3790305,14037641
14502164,12575978
10499708,9358753
2595447,4028961
8552299,13989575
6518305,16199076
14624042,9441965
6248393,15706395
13939312,5198156
13691186,5832906
3482176,5366269
2632419,6618323
8308735,7369609
8217542,5414154
3354855,9441199
10493589,3560667
4530867,10666905
10074013,6354545
5802092,7311385
4217950,12918548
7188373,10940388
15657503,11141733
814972,1185164
15917977,10283669
3942688,2670583
5668868,15667572
4124226,9606007
8332378,11080742
8163091,10257192
2279833,15249541
1197005,15692923
1653760,2917301
4708537,12440041
10576106,11698634
11763150,4904139
1513190,1836896
4080562,12446110
55502,16400440
13040033,4590427
14042632,2733941
8987080,14347570
3567193,3301246
1110891,14113714
5645557,12124955
707521,11957650
3397794,2278898
7883389,4180274
3812302,12658983
5740354,858293
14221678,8825167
3288847,14450186
15391388,3632797
14264286,15785030
14553285,9015079
7914944,14706129
7626336,8982437
10170365,14158914
8642475,16017828
10495019,16757226
1319402,4256624
10093510,9250512
12097413,13647268
10899199,649399
1000581,1099997
10712510,1876949
10447655,4359634
12831936,13533555
5561041,12045273
10392014,12890814
15858866,1946840
13404934,12935453
3707054,14334474
10923040,6478586
9733365,9014663
2663069,15010154
13767540,1962584
14079425,5460014
438084,13156940
5041796,6053733
7529668,5637364
8583041,4129528
8772128,5347910
11018494,13050467
583578,11988595
7869322,10144520
1186789,16560679
13119086,7654473
9317612,7611130
12566390,11678679
1341887,5861999
2901273,11955038
9783656,11715778
13683436,11430782
10784210,11946391
7248379,3029380
12251366,10272780
3516405,1875295
8144710,11531131
9811450,11641356
13315430,16472338
11439655,1339557
6590293,15377114
14562159,12420991
11502495,11288619
7553225,13521883
15928196,1824419
9761485,13949109
15638905,172438
5380497,9805453
11634967,1879394
5773219,12112717
6135755,9031433
6543198,1272604
13901824,3005758
2508876,5270404
12194937,6880099
12362948,14080533
3240644,13814927
1378376,1240328
11584406,13675091
5161877,14718150
6179056,10718863
3369760,9912917
15498502,11638732
5461037,13855250
10664668,4106182
13829872,806051
8264432,13690578
11772498,10578071
10088881,8627805
15296372,8689085
6192791,3229076
16003745,8198315
5470081,9770082
4923248,9641369
15216689,7373644
15038576,12725729
12499853,1296316
10070541,6384334
12213504,12042593
15209126,2882111
14651623,5130716
51525,10670627
7101491,5080756
1603279,2972222
15903975,8566590
13706068,7773671
11925752,5631285
12560065,13731328
9487794,5078172
4801186,15049587
14026866,3393667
16084015,4896459
6146719,6305890
2439316,6706740
12742755,3346557
11892181,4260170
3079052,16418442
12164286,1855736
16435481,11456132
15286540,15481854
15368024,12286646
15708469,2772460
7139256,15480367
14178701,13058743
3057138,5395019
9324714,7775576
14194305,1603342
3950789,4210379
7279820,6462082
12784645,6978924
11299863,16264275
8793112,10377004
11147950,4598000
10036225,3987192
13026101,12800649
4625270,650264
13318835,7385143
7728655,576859
7439987,13781679
3799526,4457579
7721995,4219801
9942977,13162364
3777512,2809788
2062193,15571570
12674386,1475531
12730744,2113818
3179764,2197431
10955912,1517553
13312336,14638903
16029718,3849084
7749185,2243638
3111339,2612202
11349909,4104560
11208275,4902021
4381970,1767480
6366819,6524011
6759731,3993359
12693380,13284912
8477060,8144010
557468,4334600
4675092,1185608
1285220,4716151
3402147,2057535
7146940,126468
7088580,3832391
14209257,9953246
6835600,15764556
16206408,10674157
1888802,8721095
658481,3887279
13129574,11566469
15622462,4634679
6077786,3655837
10792964,3080013
14638522,294641
4040915,6918217
16007038,4372248
4530121,660063
5708535,576943
1741298,9424711
10427348,8299952
15827181,1023028
9977480,3614499
9434225,12397280
16116245,16166855
5443279,6394422
6746549,1181318
4390844,16046554
3152251,1835174
5769621,11988313
7890339,3997037
15767305,14241257
631929,1672829
8828503,10400402
4043120,6659622
16391019,1857426
7935600,11444192
7574321,16335941
6437336,3768461
10458871,8319351
2345913,8101206
5370750,9923317
10724036,5236452
9916861,12195597
14614571,3466019
1530917,6187889
9272441,4690120
10176564,4314541
15216907,16592775
14014316,3765821
5106360,14835022
7496793,8196480
14165344,16731806
5577383,12856476
12738142,6255474
5628151,6026273
4358787,10227362
1572985,3985506
7229114,3677547
925888,13262305
3045689,8754117
10736277,7888384
16375294,5295403
8750443,2231852
3620653,321135
11772647,3759857
1935992,13193476
1872857,7737806
7566346,6959536
10686374,1628962
4048833,12002832
12130560,14679277
4078441,1265504
4134522,4760540
1208522,13142664
15878739,663
3346152,3004779
7069998,12397531
11052223,8091698
3563432,11927859
3040874,7942220
14210403,7480490
14819341,8821843
4753939,8976998
3661580,9155221
4353273,14567488
15900761,14376742
10891336,2238719
8247113,6528640
15674262,13301709
7468161,7160323
4207045,7163551
9902851,16309949
2311018,3957533
4981381,8551108
4105936,13296327
5839869,3407790
14881179,1006575
12961240,6942182
16679225,16727877
16171254,15167271
13164300,3032441
11475147,12106212
15399919,12924171
6425212,4250093
11087725,7785456
12447858,819009
11444408,13000293
9553665,12828871
9899931,99148
9975314,3394705
524419,12265732
2812019,5975269
10834155,13292217
5090249,12275922
5801231,9813785
2349973,8747998
328079,4471685
9257204,14004772
4315793,6660645
5043411,6844125
14295205,12425405
7063687,5976038
591283,6363837
14014650,2965475
6911359,7686018
5516089,13856392
1084885,3324475
11761235,7232632
1996956,11156580
10218492,6159591
16078966,8857515
5749615,6151020
6979831,13086480
1070158,31577
16332396,6899438
7455850,6405704
14983774,2040800
7200923,16342352
5354727,12930949
11233929,3624409
7565973,1976673
4812014,3664252
1524379,940028
7617580,13206801
14864211,5198464
8404126,7633000
5659423,9784535
12555761,12393237
13339139,9031166
4572370,12181836
15614302,1526977
12183229,11621594
499405,12444830
14031556,5093457
10793066,10024910
2816623,7954288
2817621,3892405
11134945,14817603
4680680,4518007
4423246,14372319
6621589,7360349
8605578,13573181
5181083,1441890
8874204,9579733
7005483,8504618
1791757,5505230
12543751,7128935
9581272,12613478
2118509,12759951
10395552,9911818
6256849,3444145
5323970,8452281
8603680,9711622
5549265,15172659
6509866,4586
10120541,7854376
16194368,8015481
9298076,14561377
15494902,4711943
845494,9073582
6402240,2591935
8572209,6229317
8204800,13960452
14641823,15658194
7864766,7806040
12082120,5008007
10319856,3316823
10089926,6749916
3687063,9623977
8910986,12135769
571890,10670259
10803571,7216317
9772849,4862427
1900439,13975531
2431535,13243280
16684979,5584051
13817212,8413117
16007852,6587005
1345227,15530649
5015160,4951211
1342364,14462752
7012427,7047194
6240999,5022176
5677922,15978459
4443941,6295000
994597,16340079
15288014,16758275
10429212,8458290
15956517,13682003
11920027,8273556
1096820,14494402
1692016,1521806
827123,6343222
14634616,6930503
15429051,14977617
14685374,3893187
3977773,2998474
4706374,7069503
2941900,9545296
784073,6707762
5817611,6178335
7070870,9450731
3143567,6899858
9625957,891784
9240544,7968909
6086436,2430415
9681470,9605804
3456114,1654217
1657359,8032174
11990397,3708173
1394354,15619587
6920059,8338185
9085108,5576079
16382498,1799114
14920677,15434560
2296672,15458241
7954557,5234542
9960747,7498373
8906892,13298839
3556607,4407484
15966949,16372329
13419848,10858322
8862663,16190960
2888459,4117619
1727723,3691931
2047373,5447824
2147956,16491923
11566163,3547086
4959555,7392073
3022722,7503323
910728,7798970
4513752,9967149
689060,9494681
858112,2905056
9020903,6186616
2318882,13272862
13013555,11179842
3796657,2311169
14209274,3680766
9428343,2879441
9036157,7328159
3478302,242648
10733583,200143
1141512,6759060
11682205,14996193
14345353,16116112
5370226,14966302
4115356,13916864
10603323,2612646
3737328,10030609
3840534,8807716
8676028,1262979
13656700,3069500
114280,7898282
13327440,10497489
11042151,765100
2187661,12210071
3758171,15098963
743134,15088184
8497684,3428831
5578755,2729238
534828,1110618
5391471,9004466
10234462,11014573
9850964,6545874
11194667,2792114
13778776,9785074
16420257,11575131
11442144,11483150
246869,10631760
5668556,12210427
8817044,15997095
15368055,1289382
4764879,11496880
13882400,6820046
14252884,7600454
6635459,13072234
523988,11768771
5881492,9332309
15186011,4960033
6611260,8312139
10346619,13186126
15333076,16412334
12981277,9046883
5648355,11162651
16156247,11005396
1040689,8438598
9388007,7304203
5902862,1360727
5975799,13706516
200455,11525601
14371379,5948805
16254319,9205190
9449664,16790285
12612375,2807087
1788945,10659278
13181970,11425003
3453709,10151588
9512395,14470759
16746209,9755906
2832408,15248264
4586196,1997506
14575354,14996842
15280326,11734130
15411549,4335851
9491703,6353128
6305892,12595602
3563877,468554
7811893,16316381
2834178,5596520
15512389,2179736
16642660,10242200
11539416,1300653
7527708,10612780
14978432,9101099
10150729,802916
4380805,15660295
11467508,5963554
16221217,16775325
2271395,3871847
10022092,11336995
10599035,14293610
5413001,5495472
8131957,13020807
3819165,13189945
539082,12973132
9390294,3138068
6575578,14070522
8447317,15314412
946600,5954275
10991059,14501013
8657830,7191717
11991971,9661866
6997124,2810436
3043990,7072976
12208450,6378037
8437487,6775264
4731762,7685824
1398044,3200884
7287584,14268618
15781325,5370793
1501079,870998
8355591,4907198
8014232,800384
8124823,11264843
4442679,10210085
5679410,8884959
15283228,10863465
9869096,2774818
12969935,2468868
6140152,15634272
7585475,1236178
9641733,4526842
6184763,1971109
8254652,7322805
9706611,2187100
10960304,604907
2662444,5005242
12876883,859935
11672258,8188612
10886247,9887406
6324178,9165360
5246782,13400856
106649,222649
16388523,6670392
13454856,9443436
6921354,13901542
2094615,875146
11318464,15639829
8712407,15311847
16280842,249461
11915940,7986287
4220711,13487035
10549761,15927154
9275425,3682169
13948556,11952397
3344948,7610789
434334,11270057
15178234,15453649
13285990,14711140
15065956,10973399
13641956,8843046
10150685,10842059
14214253,1431465
14544309,5760550
5854123,3704329
10917710,12357666
13196741,8182053
14326851,5118170
2071286,11602750
11832432,12599818
300184,16458792
2667025,13718141
2246196,15691362
9561643,1236514
9458644,6289608
3255652,13131045
3943364,16760042
11158946,16787976
10824128,6825153
9512567,1515594
1954158,11092910
6019009,10241084
5565272,3656667
9295434,13552230
12597811,7689459
1624291,12823586
2781270,7287027
12053809,13185467
3877876,4737910
82553,15821340
326668,16748268
7909633,2251962
8388420,3456643
9900923,16728768
13762437,7348414
12009282,1258386
14804918,15541605
15284480,4694136
4248848,6897737
12113819,4026700
8366174,1944799
9418397,10713405
3095174,1078170
936936,7286857
10932718,2049848
11192442,13934721
12024022,2488000
13709636,13375738
15171167,8102994
2330718,611442
11721735,3118893
5091291,10517183
12297152,869808
14297716,12489697
15122085,13471323
16693263,4161442
14046101,9614613
13437390,15827946
10293413,10343258
9531295,3015208
6549838,3449964
2545957,1383773
14365455,960971
1462631,6420687
226231,6564499
12446536,6225095
12361200,4217408
1511291,14488953
2505972,2307184
7922930,4183327
5492309,7473646
13904672,5539277
956905,3756900
10503105,1541821
10728264,4662620
14074054,159598
821390,16396813
9850027,358779
16151155,15547258
7657346,2916364
5544228,864046
6720242,14289582
15668933,13127422
16634168,14506933
10102956,6575583
16537615,303868
6147509,10280815
8871907,3898870
1024790,843864
15273210,2399128
8014633,12302653
5830431,6223562
7797993,2688913
8733944,8570408
593321,31594
12889670,4636224
7349887,809884
16003972,1520095
4991551,11020921
913801,9090719
12284600,8591214
15482413,6747109
5981604,267454
4551830,13196749
3997900,13375444
5783986,2127826
4199984,10277893
15167718,8712517
3273432,7416557
2860483,3285803
4318950,14533541
2967179,7339331
7831130,16359567
15817207,9917077
16573049,7649332
795249,4969059
15015203,10658297
10859022,8399413
5656463,44595
9982981,8292814
13448354,12259929
5310774,8706916
11392441,3094285
5004545,9444787
13542374,1917170
9162042,14474002
5009599,13905827
2621439,16594350
13268490,2886127
7338759,6496667
3133,5157458
15004811,16360516
7401380,9105370
5925764,3353044
5987280,10913705
4051937,5038482
561254,11841304
4524704,9303365
412250,7533778
7878828,4741939
9828881,13315986
2224663,9581864
8724002,1507709
3423042,11708692
8136641,811529
9843252,5101008
8733902,13133270
9721326,10693065
13025736,5004061
358948,3499080
2848619,11007808
14388849,5708946
16759904,14165012
4511646,6166612
7367260,5840633
10820542,13208233
2424826,10276640
3059903,11393089
5626248,911632
11268979,10558745
14376502,878332
889259,15713352
796140,3924069
8501006,6580685
10973923,15485167
1407229,1857616
1747600,1469794
11907082,12305152
7868352,5513943
14956398,4042157
13975081,12609886
4767900,3119594
3871733,10410586
11091786,7565163
8579134,10468785
1327621,9709591
507342,1464353
9285212,5539083
88677,6858934
4293842,9639557
6539208,13384121
14818929,9637804
13210318,3281663
9666427,10318169
146111,11418784
6128103,13938205
5979154,10583880
2324946,1467745
1379396,4029118
3176237,580417
1331611,15886653
12882762,10714291
14303829,8820528
6971289,14868860
15275840,1702156
12085333,6393053
10980110,7628412
14435150,15587627
8675037,5562306
104791,1963606
315854,14126072
112501,7306844
1119927,11163253
14659981,6907861
9020649,7167641
5002639,11024602
2178020,15923876
9546538,1123185
13532893,13043210
13001126,10134676
11870273,4609796
8162224,14120589
15080955,13941863
6235758,2627065
10479132,1982464
16227438,9844598
1925242,9825930
1280649,13854044
1781518,5695851
15272139,1856787
835569,4146641
4466138,13253144
271671,13442391
12622691,12184568
14936081,3812975
10996641,16188955
14803637,1106244
12772370,6616834
1563438,8136769
6881634,16140802
14867465,3229952
7161900,7243969
15078000,7564140
6513682,13849337
12935576,7644533
15675146,1435849
12774430,9937655
420574,3844273
9654212,9196310
16004901,9574216
1872294,14312437
9027364,11280233
3362676,9090119
8468021,7561180
11511749,8707495
7768350,2241564
8550238,7200077
15657390,14923766
11351588,14604142
1402696,4602604
13895017,2940420
7096738,15028456
14777414,16504948
14257133,14060064
1864505,2558042
4623008,8795966
15513544,16024819
11672259,13574486
14065358,3981336
5926564,14913167
9722341,10142139
15066842,10104208
9050297,6286113
9016762,12708770
4805621,12174676
10233707,5606837
351545,3101645
14194018,671759
7655208,4350937
9825951,7896323
16121129,5607403
748566,16782104
4062861,6541484
5987660,12907723
9004467,15622408
8971303,9797106
6986807,12453327
9151680,11310730
2817703,5487192
2900762,315950
5610581,2428794
13825012,938818
3795713,1097691
8792029,13680076
9565814,5508117
7919986,12957245
15572810,4175347
14594416,7682024
14645469,6977025
5807315,11377343
8257533,15969768
10897323,13404094
12607525,12500929
9186503,11161600
13660958,3455065
9091337,14443561
12820933,1372876
15823229,9590712
9344655,15255109
7577757,5818226
3743794,1781464
16098675,8962567
6127693,2615616
6218475,1603926
2209516,13573495
11207076,13790204
6916927,10935556
14625149,7203905
4473656,16095366
10645038,5653155
4816313,5259466
970164,9503336
3318223,14858318
7854790,14215617
14522246,9586716
9145010,6171588
10731162,10378780
1241357,714388
9080991,6274781
12255313,11606884
16122747,15596319
4796148,5967293
4936829,10202642
4990923,13561131
1500761,2244679
11937316,13552096
9776416,11834630
5234183,15390022
13538101,5684636
8593456,1543996
2700342,8117848
5878396,13133850
11776187,9215455
14583942,12743060
397201,9746471
5865939,15222861
12846158,8889026
14785416,3744906
2549380,8588327
8777474,9839353
14417529,13493700
4030518,14904195
3508083,11974282
4310958,14737737
7757823,6472949
3151203,8996332
15186490,14921350
15895321,13784382
13896299,1161235
13884225,3614300
10733691,14568940
14216882,6075261
3325792,4510866
5439622,7706026
8516661,5179036
6121671,7343924
5001242,5506290
3416610,14303321
801757,14211356
15113683,11501462
11308435,12894589
5756655,11487742
9471139,2883076
15951798,2563395
6146224,350577
1243120,3430833
1862169,16034162
9038463,11871479
4158276,16426325
10958921,201330
16522188,7647471
2997336,14293268
5889339,807111
11594688,628810
5961977,4842078
4884610,4187729
6992462,16641078
16467800,2622583
13430933,9052026
12906815,12581403
10329565,8922549
6331640,6353400
5415307,7091814
2427280,4229815
7922210,6525395
2439715,1677987
78545,13866471
8088210,11158572
14359364,8284478
3821904,4044043
10629196,14511680
8323318,9937824
6260426,12791564
4703130,12307238
5618642,11976068
1653693,15275864
5251654,9281868
6949844,3029568
15105393,8699997
4695144,8362421
6640990,2149458
7074184,1171684
1963343,7594734
15521627,796801
3936132,14919902
14548872,16053634
7306287,16285613
15683412,3349349
10961679,556925
14959073,4977092
1644980,12974334
116535,966622
4194337,11208544
6006425,9409983
3900492,5514735
11694458,5191737
1642763,6044357
657662,3248631
6818978,6895845
5735990,16040857
7162424,7520592
12672941,16384522
2294822,14053121
10232002,12436428
12674105,8300273
8249918,2521826
14002243,9561759
9915109,16347128
15053986,9767163
15161833,5865848
7043650,4670063
8701375,3794756
11594806,8646610
11785245,12221876
13951525,13162601
8172985,15237638
6807711,7320083
2539269,13566653
1848809,13417481
4545275,13761040
1633152,9689242
15440712,13206942
931511,4556739
9896701,714144
10292402,7518864
15430587,14212295
8222756,610637
5600172,6000622
6780831,2253631
7738706,1929066
15520857,11235490
3007507,6339629
2864115,11496442
6876048,5518157
14371265,5994470
622216,21739
2603556,15532214
420807,5212047
15238592,2835991
5781262,6065377
2411445,7595188
987642,4931518
4760167,2047587
11308457,6932420
4346142,9360374
12682703,14113975
7895059,6815567
10827154,4026043
16207993,4673593
10207743,15680969
5745669,16458352
670104,7400875
9688861,3985758
9514085,468482
8181974,2274896
6940274,4614777
8527336,2060483
811857,10668694
4908582,10704593
12223558,5929180
374408,9557995
7300703,11137494
14465094,9998760
3737130,11052054
5510759,7216152
549441,9598332
4860282,4000234
11576404,9349935
9433679,16290456
811754,9796124
6865127,11991328
3351712,3085768
2744404,12964558
2320779,15783169
9115279,16035864
10263827,15998890
7838473,10781061
6273837,10424028
8892581,16207294
10444289,16267973
10321088,3641096
8609792,12823237
10586035,16109761
4032010,16529184
16468233,12239645
11610420,12861686
5340255,7092602
1946760,14735673
10463780,3114310
2512843,10675367
11754053,785626
11480796,14477985
16458769,9260159
14050573,14495836
15099330,1420395
6540180,2843529
3843232,7438199
16418555,12215928
12236482,8798601
4963966,11898593
12083683,11873032
13703189,2515196
11960831,15211935
11474213,16117646
16204342,9583332
4346148,3266745
7420912,3522966
13304324,5772530
3721034,2193131
6214130,14169073
12502952,15514594
4727778,7623761
2001965,6244629
7475036,6444
476319,2877047
14447537,8224179
13381508,9334335
12807070,4889166
14767843,8155322
10963952,1654702
15873861,9760326
8069995,1499677
16241594,5359210
8669941,15966702
3510311,9936998
4202685,197386
9303359,9456910
13345982,2572341
15739413,9838944
1424279,1672326
7099901,1368917
15483967,515968
14455951,12633914
4876287,3818280
12409373,16758797
6602231,8013127
4703980,6712166
2614258,14223209
10824415,3469832
1852671,2152215
8248670,11477495
365275,2046441
16369798,70242
4607610,5205642
13590782,6606942
13396302,5578165
12241823,1500523
466216,4307309
15505079,11142406
1146925,1135103
6480931,14008058
6159054,3387069
14665952,9778306
156795,4895045
3924228,4035512
12593764,6753616
10703214,5247472
14790938,1454408
12815553,403238
8324797,476188
217100,404919
3130665,5694350
9827240,8958304
13958925,2669007
3626217,15393563
10208853,13843785
12045934,2296630
5134042,228997
4196411,8137725
11483497,1524501
12689819,15321700
13927738,11687939
11891430,6883820
7030087,7049320
3724018,2118270
1176045,11126472
12751516,1824885
7005004,9614244
9816514,1636083
327920,15512785
13865656,10492125
515519,3597679
15550074,5462074
10021051,8336100
3365106,827580
9513641,7789883
2296385,802497
13976767,8701885
9697141,8152952
3854857,16348313
4203624,1270274
7777478,2681617
15822196,15914217
3466452,9724254
8029339,3769675
16279785,5126939
5991699,8520956
14011523,10956495
5061444,2886759
7163910,1278388
4157109,7734028
6940864,5651047
3756960,13341420
5453142,6211461
16455853,10741979
11955750,6737693
3318393,5205246
11755348,15388993
886713,9627692
12386105,4286471
12710629,5417313
1792843,14541862
7919065,8339771
9680847,11846453
12519679,10089495
2119883,12721371
1758526,13977050
12338368,3118632
15862758,16283132
15099722,550875
4747574,762662
15277131,5801682
5235039,1698816
15910560,786091
16104798,14202501
949591,13070203
601782,10203143
4937452,7382358
2319904,15268756
10284268,709929
16244677,13338918
2292272,11259257
9638126,10683595
9020621,10713949
10471556,6191684
5686119,10148915
5837594,2739600
15712097,5099864
12457783,2530468
680755,1391620
6341569,3288635
9175638,7504844
15644690,589441
1027354,5144361
15716352,811580
1398465,1023190
2317647,8501019
9571792,14350840
1665433,11054242
7475362,2936128
6258859,12917158
5948626,6027995
4477056,2919212
9798847,15816993
5993246,7600844
12764069,6194409
2981957,4154750
15708604,10174448
1189738,3403836
9199887,16168553
15529859,1626575
11634348,13902557
6148315,7742108
1931783,8963714
8767950,8412232
3502410,8360048
4115369,3167902
5971168,1797645
3885194,11740960
15599360,8813353
10356270,6874151
9539765,16359375
9001379,16410527
1143367,3526503
13487760,590521
3633906,2540913
4844067,15097272
9714870,9686012
15245781,4776856
11524891,10350758
5895378,14065926
647860,1822217
7604892,3118341
13126243,12954508
6480115,2321807
915453,7810873
9117623,14857939
7946949,16201668
12005225,10412971
10484203,11425371
16024497,11870772
7341478,7379862
11417254,12298281
15567961,4600602
5509127,1063841
3604385,10614329
2188881,15382921
12936699,644868
3264476,11888
3108032,163535
5410291,4046746
11746429,13985033
14846897,11050973
5994935,2428033
6403073,7474445
9458168,6971323
4057213,7090919
2092384,16637733
2905114,6399175
3807410,12934938
521459,12486775
10160828,6896336
11177522,5652666
5229831,11808983
166748,4320349
3766415,12652924
8639427,8404157
8171985,14525170
427307,10650587
7010787,15167253
1811433,11179865
1348079,16737027
10746815,4950954
16502894,6603077
12507088,4347105
3077752,4640820
7916041,6355057
2346118,113497
15707879,11751868
6333824,1600173
11021310,5247824
14418383,13841921
13464173,1171750
3169094,13749094
6439277,13308152
2252716,3781211
11063095,2368559
13948005,14326928
12408142,4723591
750760,737532
6848531,16105541
13330272,8870468
4346918,862375
14663647,8752042
12413774,1735581
13219253,14433988
657555,11070582
11776426,10552406
2594215,10870390
6102971,15442664
6431628,16285830
688847,7471923
687499,8599790
14875544,2591136
12359917,4133315
2311665,11826312
2393392,1915261
1247494,6901056
1433120,10391773
16275448,6896493
13245168,5640766
2081271,9314601
7199883,6909760
5542119,3427681
13920755,11239165
958316,1977795
6426511,2601695
12034292,4333699
7220750,12997042
5261044,12831582
7638680,7830739
14889822,4967986
1955982,3629398
3673437,10564365
16251467,3223082
11034306,4572903
3314870,4270704
4509768,2162193
10767362,3669724
9068245,2997622
2512755,23364
11043332,1045740
1941965,4169704
13140817,16296795
13724677,13250889
4678296,9825565
15140739,16187
3189149,10110830
1722402,8399725
15266713,14651407
5798814,12197991
3695644,4650159
16657631,4188865
6550989,7274799
3978569,10908471
10151223,8397068
5538055,1495993
6556595,644494
14813260,182250
3496710,2545981
11134887,7746852
8754273,16056825
12613672,6116650
10077469,3197725
13586947,7856777
10805001,6335463
644319,6072538
9358974,9906941
4351755,403715
8641459,223530
15165771,948074
8985699,2037371
7593442,489053
313434,8126222
13055386,13164301
4168898,16653051
10251894,900570
9954456,2698673
7806954,3371555
8347131,11212722
15060150,10554771
13988576,3039589
6301893,202354
3162123,3270746
14778066,3764615
571289,1660880
9770636,11856812
2086565,15607077
4696389,14826346
8695287,441069
15348545,16554007
15979596,302164
13171329,10804258
8423529,4831481
3586235,13030851
15332034,10753004
2933573,11308236
6728167,5633597
10188792,16140303
2135951,12681694
1127690,15643272
1397704,7843998
10783792,5092630
4618927,10117119
7164110,1143801
5586530,93028
4243415,5818104
5711026,16194532
2001980,11699776
4637656,4033846
12161595,1921573
7286556,10764453
12761329,10772478
3812673,3901687
571968,9711138
9145258,4670504
11317632,16048295
5950284,10142626
2173554,2731468
3706271,3856185
12882601,551080
3928031,11207455
9199229,1985112
4084031,7542718
7757413,16525695
4722456,13183024
9679417,14686316
11365807,14843568
8301280,15723811
4290742,1039735
1499944,1464510
13960702,12403932
15990528,14276680
15621159,7812359
14598192,8064795
9347645,664372
669525,5178296
6362229,10354020
6828352,7490331
14342527,16322409
7039593,1655875
5560962,6507273
6303409,4177183
1836645,14112403
8015116,13993562
1820143,5426873
7115844,1070131
9088434,1817235
3900189,4819796
4585259,5834035
619787,14741513
7063895,10488668
2546814,14032151
9133452,1614366
2622646,10834252
5148030,13506480
3538200,5259860
16675420,8594390
4471838,16111823
9973184,10119258
2884810,3717763
6082917,5450386
14990196,4968772
2634909,4053879
4784746,5473333
16009172,9863839
12870489,1635254
15648214,15152477
6659089,9239056
11500011,5747963
790720,10104283
9261421,7301662
12263807,7404198
2571159,12751136
10650935,6290946
2201100,7930506
1704747,4738465
12845709,7002824
16769263,6091613
12270412,14022486
1847750,13944141
15901095,2335173
4885590,5504115
4976539,1371195
9014565,13700295
8178768,6649208
13331099,2514447
2132585,5716468
2227258,7111324
10611155,5937773
7806995,16693243
3082702,113968
5458942,4157204
5964220,7981706
10982166,883274
6605713,9785265
2777932,11924137
7260900,6174133
8358604,14415298
6598866,9777060
10313426,6485217
2311628,15586236
11237518,6031054
9060637,15388573
9080508,7563444
5890135,4578668
4001249,12286478
13847981,7212668
15156641,10241576
7020901,10839042
3724407,448164
16399186,13959804
13780344,12921664
4981950,14795142
12776329,1056990
887911,3869667
10905042,15957214
4381838,6723710
12537899,3285915
2784351,4818298
10743680,15779873
8707867,10701647
2902153,11503636
1851950,15921144
6996500,12799418
9696494,10747930
12958747,11147357
9754544,6632299
3910242,5293494
13784870,7637639
10665348,11385618
6469124,11983947
340871,16441073
2456231,12929610
5607533,5152893
805375,7588495
12346906,4868360
601180,14732866
7227881,13268492
4381833,319353
10594282,3869850
15467287,15959043
10457465,3218392
2960433,6191079
5858702,15456261
2929963,2745890
4608629,7617660
11010854,730682
13715059,11289897
7566690,13481520
805756,7925133
11404912,16153748
16470326,455369
380767,15753637
10723636,2569370
4683693,12697415
9859361,1631740
13711118,14562082
3267254,8368740
1862836,9298093
916267,15307413
12783528,14506647
239556,5154461
14759291,7933450
4919424,3132927
15295465,3752053
3714752,9792925
2510087,8621185
13150928,6288403
16356993,12964312
4105855,1465990
15027676,14246030
6142700,8787914
2937577,12678995
16021123,11393787
3986139,683126
9237174,1877446
15291187,13143526
5089884,5272771
1175872,10230804
9917710,3401233
10697637,15055435
973549,766514
12406661,14100931
6889194,9226147
15249502,15528375
6912810,13769613
10368908,16500783
13587026,5270097
3411947,1147219
6053623,8597887
6389776,213782
6761004,4761736
2052764,9220890
4165038,2573794
11545934,55330
2171107,5691314
10008285,7917550
14110374,9647413
7822679,5967600
6244000,15493902
10853110,5346707
14959420,14820415
5249293,12017888
11836728,15546313
11185348,10537409
1705353,16292991
2311463,16015789
7775192,2675791
14182793,9454577
12565108,14745554
10047782,12218521
7061654,15701032
16645818,5738866
9003114,7918006
9238142,6005039
15823041,4035724
13561959,13135905
2902815,234679
7670520,13929637
15048582,7082083
11059875,4377070
4864423,13127694
1821223,1209746
13522507,13779434
198986,5743596
10282652,14323094
317541,15542991
16379017,9196944
16731041,15038002
14355545,11496106
1011997,6364509
2506450,11084450
7953365,14013128
5765169,4212614
12962499,3030950
8024400,2159257
11477974,632924
8446858,12749778
5651710,13114641
12278372,2621491
4576660,4981345
2288080,3106328
12035162,1586563
11947260,8098878
7958789,13991408
8078831,2759764
13706332,1958147
1956769,6570732
10465566,11284820
7762341,15284139
7987845,10330629
1095698,1769653
7724714,11336494
14956883,601406
10573046,1598072
6787636,572150
4528264,9056314
1908310,2814228
10842726,13782649
5639602,7230761
6230838,8313771
4805159,16586668
14278410,8283247
13775285,14414910
6860537,8886706
16276098,8353604
5910299,5426713
11794374,11139034
5254266,4887755
6817170,15370560
5106489,15884229
4780914,11191104
8706262,782836
14871944,13896794
2503828,5386887
15726269,15211095
12083202,6807408
221221,14365138
14346805,2120577
887637,12745861
12719912,6487001
3940157,12163902
9854880,12236268
6652448,6845496
1386820,8531918
1281729,1007890
6957600,9049547
7384816,12194145
6352167,8179764
2098044,9234937
7257934,12751422
15656510,10058812
12887954,6787771
1045557,10980462
10235268,13307374
9135221,284278
14613811,14446026
14698579,11759513
15909972,4788248
7384498,2283694
12777126,10824593
2549748,10827118
10186524,2121542
7875898,10789206
7865576,2222
11793975,6556167
6103114,6420217
6672153,717043
2064512,15021927
591734,13253366
3959203,12684251
7797076,1114131
1352690,7308662
831068,3288056
16171012,3510757
13285746,7788508
13867272,11681371
12274622,9739487
606688,14809258
12796451,10838919
11033216,12218228
16485671,1302612
12139025,5532049
11443629,16584230
6175092,10551887
4387471,5600331
7830901,9182151
1428619,6209835
15258339,14786060
1248793,221844
13938323,14397106
1434517,4053367
9554175,8333542
14956612,1611339
16487614,5766351
16698169,11810379
10229394,8981494
12242171,1981129
10817868,10693586
10848715,8392403
9508622,8049183
10671830,13234647
480341,3483353
13882692,15386599
2384425,4774484
816912,1264520
199167,7750687
8142727,14649572
9929454,16078098
9523032,2525875
9387970,2496346
13015548,10634502
5111924,13612972
9765407,7293382
15288850,12418819
15217522,8578477
9659187,10826426
2129962,1905062
8083560,3864983
13552150,992311
4203629,659347
10202077,14739046
6089627,9487004
3410155,13161379
6167506,15155273
11590820,13427228
891636,16251174
10649478,2234809
694226,11431863
4863172,9209987
12090219,12396772
4470302,12151607
235405,11117681
6382476,14897048
3986064,10601116
11127149,13300694
14558393,8864826
14446923,13441340
16368821,1574067
7285744,12950157
9494823,13857432
1203142,1752255
7562166,7941734
16610924,2659112
13486245,6315590
4925743,6107264
2971529,7399010
11694688,5707223
8916458,2828184
2678344,321231
5910228,8239785
11691090,13750581
838313,11287515
6182409,3884329
16525050,7747650
7456566,12194708
8485258,6328930
11841471,10978549
5811681,6287466
13257194,13934146
6266493,2802363
994039,6277957
7710454,10446371
2999753,11850959
12088125,14405870
12764392,5457536
2855533,12416361
11922274,15614232
12272820,16555869
9190284,16739883
4760871,6231216
14555832,4032506
14937516,12222512
1935815,2531788
3635349,15225022
23971,8482048
8869402,6912107
13405379,15707417
10458692,13218437
10009389,11654048
15365334,11285403
605329,14297345
16020261,6093777
15399129,3955958
11624897,15053417
1429039,4179066
8348268,7218644
63048,11020221
11316701,15844698
5626072,15670774
7462681,1067074
5610598,16385330
5427877,7025804
13675670,4742537
872420,16686229
11619352,11991796
7885192,14089546
14198473,9930262
5651152,322356
1506424,3554899
4401730,8164511
396021,13741006
4996440,14564263
3398075,13463183
6463044,10403630
11239182,3983995
10207576,2432191
9246903,15880089
15300791,152395
522322,15325029
13630570,6344349
3338321,12578630
1218419,878811
2018243,16099160
9773052,792461
16791978,13706469
1242240,12989054
325022,2364617
2130763,4664181
10789900,8305874
2790757,15328040
1007426,4455445
10202001,9139986
6126045,13987848
15802765,10136462
9095319,1727748
3697258,8317560
8034708,5664154
14461311,8858484
6884345,3771861
9068816,9457134
15751348,4406454
16266330,6472554
5679155,7565835
10867910,3582312
14520472,5868388
8484816,137482
8189655,2888448
1674036,566418
1652622,11384428
4047385,610872
3840248,1174914
3085594,1443292
15909652,1248578
452045,11842799
10005432,8293280
1792866,16523954
7499789,4113497
13116414,8369666
270964,10081068
2880979,5916028
9649795,938598
12449457,12900724
12171181,3513255
12883431,3890618
12246166,4039526
12376866,7360973
10333814,14610791
67423,5277732
15081972,6277825
2920724,1133219
9972847,4862377
15191338,1722274
9346359,549165
14608794,1098480
6689634,2941301
5587616,11389727
5765010,5951118
5738876,15656356
5076756,1928123
10071868,10927
15808669,16760014
7832991,13698191
12738439,15763014
12269605,6706449
13521920,16361078
15983676,2074413
10913482,3443774
11454813,6012688
14873811,9838600
1434455,12837191
2596245,7527339
7506657,809065
12837856,8575112
16109826,337837
12386821,10264499
4081108,12215172
13808769,5471056
13110461,6647737
16407179,3149313
6041006,330918
15310446,14139741
11369812,13952011
6317167,8145221
8279315,1227429
6661181,8495681
14273268,6249485
3933335,14486222
2076713,12255249
8979446,12436951
579994,15329520
10430459,16611050
2660623,7716197
5381387,6064424
8300566,7949630
8456187,11496195
13246322,8331007
11350478,12531326
1184903,1980095
10326654,8610259
5052675,11199822
11096908,13349432
4840498,9945271
13657763,8967338
2377798,8911257
9744923,8991643
13854309,1456851
1265968,4065386
11681232,7681125
743050,839972
7896767,9508205
14417145,11706343
14938306,4503636
9876940,6885373
6100928,14998917
3466812,1182329
13229034,7212205
3894909,10590640
32191,13263127
612558,10669583
2020859,2266043
12990086,4071343
904403,10564760
16723259,15454965
12777204,10759341
15014807,10287362
13352673,14448263
14951743,7930126
2782192,13849086
14007372,15972315
11659701,8290599
5171119,4550236
9699959,281399
6189943,7417064
13794860,11323644
7927790,154239
7359389,9156366
5788178,8965137
12268593,11714033
7548214,10320100
1675479,10784691
3989373,11812763
4127221,5331624
6059255,1192515
8595917,10150013
13487902,11995261
1312198,5621839
7128426,13948173
8094127,5511393
10191964,13269847
15949659,9447124
1549201,13501468
15104599,8199406
7354258,2543802
16505168,14568492
738901,3445337
6202897,13060415
13461351,2796203
16487328,9689239
1440559,1809534
16634249,1635611
2742909,2234486
12866798,3181184
7412086,5477033
3135468,4111210
15958855,12924110
3620050,5178771
9821761,15986306
1160097,9549158
3917859,3682338
8197738,6077059
3638780,4732706
15361667,298846
7552578,16314866
12800869,3945185
10932478,5451328
8109875,2515768
11073314,15358474
14854285,8566487
16310075,3299810
12721844,9473472
343941,3850677
769941,16074321
6801163,1298720
9871028,14392591
15391987,5546567
2876939,1175690
1034660,9130602
8371063,12366000
8655368,15146933
335281,1708898
14603531,1838793
15365680,12717709
4299015,8732757
16083693,4327375
2547985,13138193
6952675,4356646
10969689,10702038
4815765,11877530
7536262,16693913
1455524,12597616
1489468,13717590
10592742,12275075
13811437,13614446
15725035,7303824
15752314,14394686
2507089,16628291
10132093,10432098
15325981,3262366
9074072,4220646
2511385,10709238
9119722,14046561
6536577,14583926
12065251,5433957
3723676,10741008
15722535,12552632
2115671,2447662
5801281,1137315
2317125,13177452
7704085,8825796
611511,9404137
3213543,4910672
7082045,6882616
7854112,4562135
15862587,8030560
14951175,11467137
494776,15946244
10367525,1539853
11777267,7841900
10307789,12256982
9439566,11008732
9746384,1865933
11981578,11537718
1861864,8061565
247054,6331317
2162384,10142324
2803068,3010714
11983425,5111800
4811375,15879657
15452451,7104124
3069343,8848786
12555805,13819201
12773528,9091412
15095156,9797488
3925904,1379516
15202772,12420595
15694972,15342088
7941236,10438532
7480646,10808715
11878468,6592834
10304028,1106452
12068338,4976139
6571014,6005438
12572066,3129284
1939989,12551698
5286742,12800616
4421128,2189443
14581611,4151947
14633494,13528669
6191244,2616152
6195736,12268629
1193358,10068022
10112883,8584530
15953842,8368804
14921793,1345935
12482726,1832057
7049533,11915768
3101966,7706263
2450107,15418965
13400443,15560327
12745051,3584509
14686598,12749848
10170268,6217709
10504636,15593384
2695088,10667708
13258401,8079943
4549153,251639
9049573,5768630
5372063,13063901
8766361,3000937
6314397,6850159
4879341,13403811
7681686,11212179
7611233,2105511
13077435,14397515
14420036,13986944
11015144,740619
12682979,4285672
1259240,6982025
11192842,12023075
13992245,14088407
953253,6518254
1821990,15864178
4491557,2082688
10633268,3568733
1928142,2760896
3515867,11733174
14366253,15971841
8689292,14770412
1665045,11805171
11528672,10093834
9133399,12374577
10544067,4745925
3519064,7463884
8578311,15286776
5876868,6723702
14332860,16306403
12519380,9964576
6335176,6529269
4298028,8875951
1448135,11820550
7445881,7712207
14982357,15697501
15623959,7219156
3411333,14505886
1123133,8408174
8003609,4490342
14431443,15593205
11472506,7288551
11433991,486879
3639754,10585185
15151818,1167715
7432645,2521931
1176075,15003674
3534944,4420904
1695800,13956331
16452056,4192119
3991937,4797461
6009848,10359415
3885885,10322107
7383785,29297
418539,13571948
10994914,15274246
11218682,5115294
9774252,11187609
4523113,3896442
14686180,9152491
12235755,11230213
14492743,12962081
13389649,14162249
8642942,7073495
10760923,15880780
13797476,11565724
4120842,10741293
10286107,1911055
2076456,7646098
11397362,1249692
16067661,2458256
14058928,9947285
3301752,3060643
7538099,4727693
944663,9956090
3730112,3252542
3535335,7507702
14191987,4174138
5359676,8355834
14724579,1747811
14537642,14138694
4144115,6961803
12970713,9280416
10497242,15037156
2546598,8915170
6812747,6545101
15884321,7999233
9991161,6813110
11117305,12215944
16730684,1559502
9155616,3849686
2469760,10912845
11113350,15097882
12214790,7002878
10603048,15798151
4334362,5179313
15829359,7386180
4903490,16687544
13182076,13828077
11029181,6127361
16433983,2662582
15526824,11506292
13215587,1375058
4118174,10756401
14390591,15177027
1646981,16142511
1021542,14457432
6063945,9201991
14369451,13447468
6681972,12697419
9815418,5382094
14763596,16097643
8829050,1739730
15993228,14983509
27839,8234890
15515217,634195
6499744,6377532
13307144,7850171
3998508,913547
2189445,10058798
9992694,12683106
9821644,5823359
155975,13307015
12435951,1175753
9340226,5928897
3251885,15107176
6736656,6197676
16283439,6593283
3578232,3712294
8622867,4920129
7873299,5732408
3393291,4235131
10338063,1692840
1090619,1012480
4063079,2138524
8226166,5039351
8577042,9077098
1317151,10189619
15862524,2670079
7243915,13159222
14823239,11576440
846041,13709027
3928331,794764
5259319,12403557
4387683,9445229
4302198,8669399
7234378,6924000
16026331,5361433
12704029,8005917
13921460,16159859
5549513,16193238
245151,3515034
1670132,5716270
6946396,13682703
495843,11349045
3696127,15856713
6356604,9178496
8180735,12183624
14061311,11412406
9660451,8811108
5758234,10542961
12397662,7826231
9448898,16421625
6265102,12117315
5342053,2713990
12519076,8441731
5042223,3089079
9886958,15099150
13563597,15711424
10177453,3496234
4965657,1388048
14769684,9395842
8662520,6177523
1931189,16250603
13672131,13794888
100192,984871
5923292,3396238
2622151,14237769
7792225,10436566
6106665,7861004
226237,8460822
3707662,11125215
3197720,9543012
7334449,5809493
10650583,3866033
3464179,7563780
356334,7786871
3707490,3638051
102086,2588520
8963420,1383131
16052468,420943
13588676,13575129
15810381,6066606
14948953,4355747
10373500,15738529
6253264,8053264
9517391,16129148
15261775,9796067
10775632,5229090
6221413,4255252
15254708,16710727
5459176,5071057
5403766,6686068
11204313,3950862
5449988,9492343
6161743,16217227
13458787,5406446
6876315,5558541
4590788,6210164
3301697,5189288
6990255,5940297
9270386,3817644
1123051,9127134
12310290,223353
5183416,9973159
9916889,13439910
5970109,5587494
13184086,3075237
10525341,7742255
5994037,3519830
16519221,13637244
14045057,10254401
3180237,2030031
6779049,12620715
9777652,8606984
744653,14721478
9972002,13895775
2040957,16212583
8082815,14702302
13828705,11785285
13091873,15755467
4282814,1099513
12684581,3815589
13373240,10269190
12202783,8300698
10506927,15463954
7085271,906343
14101088,14151981
11764894,8537131
16260724,10732523
2378515,7423374
587852,9880249
9801841,12867935
14116352,14889981
1919787,2594261
4284963,1342632
7188540,7124914
14435682,12554526
16213610,15124736
8972958,15813123
11590386,1541046
15654226,7052663
14665787,10947045
6805542,5737491
713788,12626505
1195012,1430414
11228547,3384128
8719666,12652808
5568810,15998111
2214419,8504843
833112,11350228
7542247,9577079
3514512,6811105
10301366,9977852
3819678,10720872
13996798,2071792
12762243,5630829
4316191,6164655
909790,3271358
13518863,2204119
11284506,4358187
5558146,4361583
14953512,9799835
7920981,12401414
11192684,12383414
1068192,15653539
4892170,13080990
2534122,11284038
4661492,1061317
14843682,5459388
5837873,445209
11217281,4602438
9084521,12673277
16020365,13777980
1949736,127389
5113390,1244439
923537,14352601
7005807,4647905
7101154,2189094
15418245,13320
7420884,15410334
16107080,2066777
2194729,5837784
4343713,6624638
14846626,14947871
7266402,15843197
9398673,13897504
9510755,9503874
14583728,9375329
7773053,5675858
11166675,2661245
3160819,937061
15045373,306014
6953626,13473213
10339723,8180086
5633315,8803166
6575508,11358347
696472,6922683
5369420,9790005
15563832,8462911
15485952,2316853
11292384,16636055
14060735,3453199
15797398,12579839
5397649,15583453
4381372,3781824
2213802,12918808
12868898,1974341
10321004,10275369
8466155,4673477
5733728,8971416
10275975,10418697
15079208,6842401
6913328,7233617
13616645,580693
1252373,9967496
3770444,1778206
3603891,10024364
15590558,3834889
16475463,6781420
11961627,13141490
14728708,525546
3727185,7988303
333944,9882100
5693075,16307365
8073840,6049087
12286245,11114384
8988529,4808249
13113781,6882932
14403481,11493446
16192375,10419944
2589537,16311151
16137120,2964712
10087316,7041413
3333738,7075595
14388974,6431267
445575,8036719
10245353,5373196
15777221,6493691
8134781,10860783
15077181,7860602
3298632,6370271
7716689,15951337
10962546,3164004
5478416,1791660
1205656,15907021
3225799,11669992
16032261,13631091
8757131,12219681
10286012,12932120
11111905,12446654
634612,15821123
11778886,12539490
2048098,9915757
3461651,1191331
5540583,9314804
9098376,8691269
16309571,7104820
7288324,6567156
15133629,14960565
7623063,14241170
4507615,2578763
3129794,9179680
16222968,1999498
8822020,8679551
3800283,3760836
8377668,8558403
5047816,3567273
4743348,2252981
718307,8929780
8163918,3063620
5612436,5272693
3668194,3327848
2365578,5335356
10298128,6538735
6980374,4809209
8046733,11428446
12151542,5958568
4819015,10404193
7691957,35893
656525,7430136
14621738,7345888
9466800,4037899
13455189,12399160
4083312,9296655
3111393,11977570
5391902,13810905
818371,8914248
2243287,16035201
9557288,8416773
11205742,41379
6227701,171003
6445893,13931306
15611169,13742955
14219939,9056733
3967083,4883998
2834901,5359814
12356663,9388706
349736,9060211
11371578,3185869
7499146,13028128
5220203,740832
7077004,2376493
1728844,4833210
269231,15842056
8971755,5943191
14493871,2446544
1943176,5598852
2051102,8732560
10805200,7985832
4362980,10496586
6422070,11159006
11655102,6689902
8348310,16685885
411024,8520700
12046792,11467873
7232463,5309288
16163342,7270885
617706,3041676
7075690,138498
6493577,9066262
10048628,2342501
10284027,12320123
12439249,2440244
9763030,4893404
1894019,12075164
10081460,7101854
2547003,10498228
10899596,13864506
9356711,10371756
3936542,16561338
2481343,6130785
16331805,8178141
4195658,8581864
7697775,10296928
12479145,15442497
11183823,6933040
4857350,2683744
14789368,447607
11858205,10134647
7984865,252599
30544,3035291
15177336,257767
6687766,894626
13992668,14709177
7222595,4038870
12642737,10745671
9206124,2822668
11632957,8921615
5958967,6249697
10829703,1536595
2198950,4572788
4043952,269476
16370953,9787026
785234,7669179
12969178,15202881
8443,5906350
1742824,4546076
6942955,6779621
11674324,15147831
14257277,3571810
4063867,6791461
5332574,16510374
1096462,4027433
12450530,8136705
16302434,6716531
4206352,1024381
16121974,14809844
1104559,16724593
12101996,6207206
15233547,7998781
13775488,15739948
12121735,6787856
3893260,1775417
6633506,3276280
2860896,3214671
15121562,4813836
16385699,13971106
9496871,8141862
954031,2324069
13089915,5607153
11126241,5855119
15397215,7389198
13405567,4579889
9124296,12757497
9373912,4817696
14926094,353440
6544063,9592729
7682661,10821094
4853507,2067046
14206937,8963162
1269428,7804206
15022522,5713901
7690813,10262241
7551373,11877403
12212396,13548784
15667453,15756516
6508786,15760347
15343728,11011480
6093339,2330372
15584363,10642710
5429346,12520644
5829804,13544512
5365759,2531356
2860664,12941003
10959732,9077035
8953036,12556585
6957606,15351808
16141790,11802877
999195,9117394
6199825,5512487
9881111,7658407
8228038,11982078
14242505,13977117
4985692,11160451
14970844,2720367
9246452,12995544
14271255,1503891
15982387,16335607
4592185,1054601
823822,14581259
14197086,454756
14642227,1304565
7054921,14457409
2082193,14938758
12705138,1903655
10615976,1709914
9691096,5052573
12956678,9629838
8946138,4993273
3726470,9096146
12793461,4367785
1822871,6569500
10681230,11738109
9956342,1945072
6699952,1856921
9845334,2949442
340478,16483639
8138829,356346
6501621,11604834
12868122,13838465
12477673,14321028
11788609,9853946
1139135,3080658
7102096,8056908
15619243,9271965
10759815,5822542
1392146,7472665
15346857,2708083
9386518,9232581
5587816,6517319
16049929,12821979
6844027,4664416
4939969,3559131
7052349,9917230
7489549,13518583
13324729,11003262
10444920,7798233
10497423,7905290
13552647,15641421
12054924,2294092
14939577,2171549
16255461,16620468
4106503,5426532
3306051,11345025
1998015,12183157
16057137,5415675
15204228,14292648
6749366,11569418
6225149,4823814
5023216,1963339
2734326,15436718
8307510,16601474
16038013,188295
16191574,12721709
10863108,2949794
1736290,8722612
16639116,1680163
9344776,7713774
13542754,7974496
2115582,13093106
13483018,4295641
12957193,3037199
15699093,5767515
14316619,9759664
6345441,9666088
751425,1737006
4671364,11640022
13488990,6937704
12505228,16177386
13030299,14679659
1806204,1257970
7219971,985193
14610216,10618686
13043265,1552548
10155762,1329661
11088370,452638
5004519,13496274
14739213,10845739
3324617,5504227
8813693,9069016
1227143,1051611
13475914,1982338
13767441,3177601
5503494,12662921
11045328,15986875
5010908,2501966
9591028,450001
13767828,985379
12358352,11239574
8620902,6390414
5757945,6466127
5223808,13633943
2628796,9594558
7817117,8914394
10957945,5043325
7333786,10425537
16701124,4369634
9552738,12604171
8849678,2401978
229541,4076395
3685255,15994929
1454223,2706717
15042940,4289988
6924463,5802759
14244645,10230808
3726130,3986801
10067519,15543847
2025951,9089452
3287438,8123308
6904163,14796145
15808410,6919317
6057416,9748039
2215090,4032755
3965900,13659397
13134310,3769574
12097553,16349057
8019286,9377717
12396037,2143355
1809470,2871197
3400075,3300606
3733480,7180091
14946054,12479441
8097394,4892236
10251927,1473008
7037714,10468516
10708928,13465777
16123884,4504674
9194040,16088526
14602174,7833816
16030572,13996512
10634328,9520050
4150919,16193535
16034760,1097635
14280190,6538438
14388884,12984986
781057,11838844
15379837,4568421
13256178,742670
9305369,13621282
1830524,7232205
8451875,8242510
5737877,13651890
16221816,9576396
11626189,15643319
6855231,7534317
1329621,7161338
13308321,1370975
6626480,5202380
11970255,10497418
9129695,9242561
3386889,15333683
14567431,4355904
11954544,12806416
3145457,12348994
5196495,8538493
999532,2058610
11073315,3963094
9045087,10363681
2934316,2353892
9387682,15926393
8175380,16124373
10828940,1811710
1441238,10617724
3171260,4883134
14666668,12737421
78889,13099809
3746420,14518017
13613488,5393409
9577972,5865157
1635468,5637426
959061,15152158
10643460,9625970
10412328,9600752
14601601,11242510
2266428,3796683
5932752,1606456
4079433,6361772
501083,15563128
7368423,6484700
5984474,1063567
11647652,13890591
5161962,603099
3285712,12925029
12571072,12825439
1070738,1809024
10743392,8700932
7249785,3466717
2010226,12129992
10261689,6765373
3762216,9276077
16187418,5174376
8222388,11915505
8285568,9356783
12313570,8783437
12664293,8507767
7388669,7351617
10032460,12032855
15442045,411788
13150508,6513729
12448606,10090347
13841488,12436770
16433510,13634045
3527280,8002877
7767736,4672883
9284485,12521439
4957470,9589261
10060516,13425018
9925522,79510
11134307,7472979
9163904,4001429
8522771,7408146
11760796,3856577
11924171,121703
9920533,15190197
13836789,2862373
11210664,4447964
186097,1549634
2713392,7295749
10895544,4723444
14839896,9367755
10431304,13165105
8125329,10578234
12974826,10960259
7396411,15960058
15697795,9306850
1459174,16524832
8929564,14771458
2639904,8437819
4202939,3095034
12787345,15280779
2789752,4568652
616564,8423992
15491506,14098582
6681718,5869067
1185222,2377254
2347642,2823240
8813113,9172813
2959107,1319628
6533779,16308608
1889763,16299888
4494231,6267438
5106221,7004613
3575848,9389789
6894820,1088064
4391370,2073595
4005723,16530865
16403574,15660584
8501290,241454
6926818,3744941
7108740,13813737
8567157,1252094
8164501,15705988
5169638,772884
12531918,14379791
15727105,13270684
8211513,7511520
7852362,7171819
4503088,2994965
16026539,1493005
9619007,1214540
13646169,2847067
10802445,9296468
6083426,5047717
11556868,6299357
2822220,417401
5635753,1258009
6086546,6111209
312205,13711632
12758048,15171391
1078525,5747464
12408399,774731
727211,16649166
9593227,6070021
14700935,14994814
10824645,7294362
12752006,8181164
8526654,9010727
15767220,5008876
373966,10608733
1634539,12301254
1638107,13367051
11620095,666838
2058949,6831744
11644175,8331631
11349532,13444953
11413217,3421391
6560047,12224317
8199529,12854193
7964873,5272163
7976081,13423692
1134667,2579452
13242887,1995708
15145658,3306348
7150206,5464432
6723878,2125087
11123475,9568731
13379208,6313836
8959027,5688460
2576400,4474405
1869391,7465583
5619229,8090047
11179864,11745088
1637252,1394693
16635329,4722414
10160515,10413953
1293376,3731355
10377407,14260930
10464733,7761842
4845461,5501424
11744144,2797290
8687529,490639
12506028,14510045
2512856,15610620
16168577,7106310
16724318,13440683
6621186,2961566
15339788,12498958
11448863,2722043
7235245,11638652
7232938,7845301
12761725,7303617
7445442,6014442
5102664,12362120
13155234,15485270
2420644,7379013
14564041,5965630
4888686,12366616
2814832,11850718
338935,5266654
9813617,4306968
6249987,10960511
10060170,14995804
8496829,13233921
12714139,2915051
10311930,11316738
14615391,15101289
15471459,2733070
764021,2956303
4864049,7418510
5606265,1652339
1139868,6191494
8114469,7612934
9711799,1174998
355987,14880789
10494543,2194492
13175598,6595641
9066416,5075292
5003392,8997540
1741266,15069476
2353024,1426554
3481903,12087131
10346919,11449474
14715466,196351
6407027,10735033
4134206,5965099
9492215,9313559
4355008,5563892
1473834,10833190
4122216,7199120
2295347,12029610
8163888,9133249
8470937,11614231
10493834,6805162
13793451,3934653
4123922,12621383
15380749,6148624
12620171,5276008
12554624,9171595
5047660,6520487
8892207,9980442
9376946,5746633
11279859,758319
4390884,7210140
5480857,9910289
10598242,12463402
3960537,86772
1220264,4042472
14305048,1210606
12580493,10670523
12380087,5048161
1151777,16717296
7910157,1257176
1159411,9939340
7745329,14017521
7016706,9834512
9177970,7574451
9769137,13594038
861249,15634321
13429960,8731271
8927075,4341837
14171871,14871820
10657361,1053962
2225587,1699887
5806018,7599150
10546322,10885350
5952117,28314
6046550,5975729
15191746,7264095
12510909,10045767
5821834,8217795
11020687,9932276
11624208,10148502
13960979,12786385
14224621,7171648
14831473,9089054
12852878,10069464
3051131,8691281
3144134,3676644
7751218,605059
12620118,1220126
8584347,3224460
1395589,2956277
14689604,10292025
3808356,12638890
14534154,3101114
11308613,13169429
516307,13146363
248232,167542
11881082,5774906
3459113,10230339
7926536,1860562
14740743,5063951
3452049,8370431
2714474,12627452
4985369,14121912
15014601,14578532
11052352,8877725
16488140,2589897
174322,14808615
2435697,7697872
7434976,2540830
2751511,10169815
3854000,6175864
9007411,10275330
12416938,4146796
588864,9834131
13980771,1168740
5371193,5004285
10504111,13913829
6177531,8015980
11561906,3046484
7280467,5238488
6424816,6577139
16566936,8465433
12853716,13570217
2534095,9375628
3091825,16647700
9100695,9311785
10137079,743760
8133805,8468682
3329443,10760034
6173272,6226040
4394908,5806834
10275870,12131029
8070550,12124288
8659711,7976885
14610992,11887534
10373544,14449354
14776075,14864084
3907131,2932035
11543708,10187862
8295999,10723232
1122026,5696899
5379428,5462784
13024859,5504910
16508424,4884845
8359322,1342477
2844695,3507064
708072,15298991
2081679,9495902
2824811,10436910
3725385,10473729
13100878,10227242
5659590,5112222
15368781,10848384
7570249,5749689
13116651,14192582
13104451,3579960
9604015,7866476
8464797,9823809
3236864,16354822
11989384,8721454
15645060,14662184
4577873,12581593
9479793,14500819
7243623,15534530
3357495,14532538
6141818,16047354
3755918,13875456
11944362,8379495
7761382,3539633
3849854,6804469
12137639,811408
3305597,12538211
6104141,2796251
7040080,614010
16260306,9647963
6100287,2662808
4410966,16595645
4377771,142816
15711331,1025071
8837284,4078647
8076522,16521384
13963744,12954263
14134204,10951786
11408956,15208846
288650,7938452
12436612,711079
4904575,9553912
3821134,16584712
12279591,5703526
5384804,15002647
13604680,12643285
887838,5304736
9919899,9571743
10663961,2754496
13852871,10045207
11152247,4650044
6923589,11861598
15413,16796738
16635719,9478238
1095694,2420326
7553703,9363329
16469953,16774316
2210671,10333437
4413064,5279009
14353433,8336564
3315692,14989884
1553164,13760299
10820147,15726664
6525762,15193921
8200842,11043046
5378206,4412833
6683785,7599928
102549,6323665
775752,16133488
8429261,15210412
9388397,9953869
8206229,14521479
8449166,2847206
5774537,12916326
3027130,15284303
15947942,6189583
13387007,6540671
12314917,8794718
2544828,5184540
3741663,14473989
8203163,6524094
16167106,10202541
14518615,10782678
16062721,7693269
13138226,13941581
5929520,14031378
2132314,3030735
2750057,11109253
16780216,12567873
3261214,16611830
13174210,10971200
16130592,11046558
15089755,12089674
1027452,13057731
5474387,5523942
8970976,13034457
12750392,609800
14766545,3383587
14105135,14363539
8081344,15307013
5672712,4502163
9916836,5715914
6948951,9053293
1208660,11476131
3020299,5781522
3972243,14824919
15591015,5623846
5735574,1394891
14869750,6212423
4036535,10677380
109845,4449358
10825881,10656362
8245721,12514619
5962679,9333920
13531942,10423609
16747690,6597305
12132546,13872209
9378888,1768635
2354178,9127038
7419320,12662608
12576739,1451153
4643221,7219601
6756446,5585758
10340822,1928749
6667995,3237637
10441859,9903022
15784178,1080654
11143807,8279375
3108191,1001167
10562985,5070937
15277963,3946644
11760216,5747518
8750130,6429947
6648868,9421977
5946560,11177838
7265332,15848232
16203397,14501161
16670252,14067292
13110584,14840197
482485,7796547
8031803,16069666
13401659,11800160
13380409,3341708
3287540,15142125
2295678,10622978
12848674,11060794
6068033,5122025
5814560,5765258
11903013,7895088
7434443,15829411
7458160,1640453
16238821,3367092
6245351,9194447
10221912,10033930
484722,10705678
6082339,13463649
12699004,9602823
6130694,5214117
1378350,9141988
5751589,15233966
3717761,6600187
11352774,9777003
508832,16528480
1258721,13842836
9044187,15299269
7623327,14374178
2035679,9647349
5292306,14611041
13799816,5251584
10768698,1605488
6599341,4150594
15938329,2771685
4912492,10596106
6927798,300002
9235182,5779773
2753027,13183452
15696066,6747351
14692977,5140781
10625674,11927432
9610011,9424975
9791437,6140318
11582652,7019849
2615374,11099511
10445182,15141766
10344585,3157851
3308866,6209971
6963250,3605928
12076648,715700
9347358,2755835
7018183,10380559
511025,209663
2255125,8071468
10781248,7170595
6231788,16371055
2205856,11531018
8794657,13103090
8205138,3775901
15852813,4501382
7238092,4925042
540208,16448239
7644610,12263572
540725,702229
1940832,6965426
12460118,7023968
14517294,1502800
16109583,8506014
4722927,10762295
13856828,2871760
1844467,6294926
16347674,10513313
4637269,726708
604928,11403480
15253362,7252301
1047251,4375586
7337217,5054362
15432324,15685013
13168181,5544229
14383399,6229512
2945617,13519996
1880888,7459353
7105017,5551803
4066065,7938222
15944054,50852
3391783,7909490
6591683,9507645
3170462,15577760
14736086,15235391
3329236,16011572
8686659,8335916
10967432,7833985
9793604,3121769
6761461,15161751
4028989,8704688
9369276,1807401
46952,13097418
13855888,7101784
6006097,5761509
9710139,3304671
15222919,15954885
13211142,12356156
7420244,15665765
1645360,7047461
16471852,2946161
9857937,83455
14600190,7432123
16591450,7675619
15657281,12349648
6771972,10730908
8112951,2078664
842538,10844084
8841022,8031559
9370158,12789573
1009621,1290070
16026303,4045803
7477033,15194400
74048,4532734
11391893,13666433
14195682,7165105
3993890,4925273
274086,6885045
13352012,5059690
8501533,16738300
8881903,2925101
5237301,7132520
758631,10505572
6087595,6191052
11463526,5348131
7446511,2596051
11076670,9422274
16622345,4482298
14589237,3160167
3749432,12933278
13750594,9974168
2258102,4464264
13487315,8733971
16414931,7836798
7466943,7026949
15067574,4648904
14977705,5555542
13990993,1121963
8130060,1396088
15155756,4611655
6218682,3304913
4240754,1943169
9415075,15781570
1478437,7976414
14356025,1781620
9273434,11946369
5958582,8212837
7496255,1947294
11678964,1461556
8399860,6611272
1671017,11890066
11043717,16317372
397263,10767992
4505124,9905483
9745028,7261359
488891,11957163
104358,7638237
6905185,2907222
15840639,2264734
11853651,15868831
10926833,6779961
9750685,1706845
14578893,369807
9869759,10852699
7227805,10244882
15094409,4245398
14127032,7686542
7711678,3566873
3995435,11426350
14414510,12778183
10839501,4018118
11056500,4980391
2739717,395310
15221279,1698148
10360954,14728104
12906269,13169760
11443659,3280635
16193620,15045451
16101464,2670025
14730305,3430781
15614246,9668525
16440312,9892801
13547030,8893324
1903381,2827921
16448887,4533106
6294351,11428311
13423015,7534668
4134638,4653927
5228962,10878069
11815198,3626683
11180713,1603718
14437624,4197717
7502622,2049627
7797729,9308583
3523872,11280994
2356753,10622723
12430849,9014538
157474,16156002
13205508,14322102
10121488,9243746
11461990,5240485
13202345,14943954
9839211,1128171
5226362,16347800
12340841,14109891
5082138,8927071
9788610,14133357
11923773,12495890
13662333,16381239
16255756,7868913
16218406,2712152
11943980,13293337
11512106,16627204
1254130,14473558
2497872,12196494
10535778,2179384
911468,15751733
15083129,14269569
4885651,13924745
5789424,3014065
13070924,7043016
9810171,13045260
10667629,6367413
8856079,875832
10378070,4836140
2651756,3619266
3300478,7283059
16336119,12970746
14130461,12104609
4457544,5603727
11012902,1831382
14065542,5439566
10377698,6091946
2035167,14797188
5210795,13119277
14782116,7032934
15423529,5967107
8150658,7690392
1002370,784400
722705,11299749
7011058,4691286
1128881,155507
9967825,9470701
581149,15882943
10466803,11804852
11543847,6089540
15305039,10360008
11108455,1373899
5093277,2057836
9469985,7803409
3608554,8161753
5788004,12019648
11707696,15305871
6996858,882545
10015813,8866379
12979081,14805447
16607892,9826817
3343210,9690030
5522455,3921684
10820996,14514417
233173,1584633
18039,2000557
16524432,15261307
16659317,9157589
9958946,16311144
4249406,16712681
14711724,14359528
9958071,5590375
1029442,9645511
16633624,3498327
7672969,1462603
8281372,1186859
4703383,9817129
1435432,12665138
4887103,1310470
8634138,8329097
2763234,10833326
2927029,2093926
2759546,9521754
7715891,7370805
16215936,6609774
10034773,12663533
6808791,223190
5681500,10890356
10009817,15682521
13303307,8467221
1613807,10912569
13431544,5271713
16540634,5051067
9807488,1001410
3851795,15360796
6051401,13060547
2212617,6137991
16355181,16084563
553627,1779528
1126900,6144070
3007952,1799799
3412130,10275833
11755895,15275669
3965367,3716636
11894617,16083378
4725984,16709167
1648097,15806796
14895340,12554701
3953292,1804735
10795665,4182387
13238002,879735
6779470,10379902
10918918,15331924
8416221,903097
2256421,9887941
8502004,13615779
9302933,15440746
1820171,3095878
6013171,7518062
4019576,1864109
1053958,13450347
7387316,94611
7209145,7587436
5793016,8496313
16093527,8517123
10602872,3667908
752889,13492513
11270688,1347787
13593065,227469
8536360,15942728
13554145,9010205
7479548,10142525
3695852,11063876
16437782,6579231
14819964,4874753
2054719,2174866
1881659,15185589
16614799,1948030
999249,7264021
4975226,3942461
14134463,14406779
835731,14032820
3244521,3815787
8997865,3896403
12583435,14324702
1201058,10120358
5157382,3044553
12898823,10637901
4266884,2536739
7572885,16142245
15715401,739367
12672035,2192556
879082,7749268
1731399,15283346
1709459,5074189
7081797,5189773
3186241,3267712
5061774,15361228
15435271,4477717
10722682,12497387
4733888,10755827
6619776,9472312
10182967,5247947
11175349,7921658
10059659,5337401
654118,13988984
3310713,14323546
3615367,6439942
16530947,2797640
8884819,12986792
14085706,3859903
16226592,1140560
11827207,15673057
8009458,3635555
14932769,8492048
10211563,5992608
6399532,5507651
9723490,15762877
401350,12154130
13768336,6253762
13744788,4122241
13289395,13674973
6354712,3030065
10186870,14781965
11317775,15995332
13029435,750142
14289214,3641593
3952864,10453432
5251813,15189525
14103498,540100
14082769,3635309
4057946,15474367
15993881,5314463
1326366,16366137
14255258,9522533
15063781,7476843
5318692,31672
13046699,3689635
4124836,9714436
219169,195411
14375708,183711
3574617,10816043
13910178,12798331
4804844,9329191
16507136,16088826
4394427,4683000
3334027,8403050
11964179,15134657
16347046,5731505
3947022,16480229
1261695,9755176
14485477,12304731
11247221,5974875
1449564,14705261
2807620,12354154
7726262,4027266
8364840,11628686
3267329,2071260
1754492,5091526
2462479,6876933
2157622,14966076
3504167,10570955
9560908,8871655
6580309,5428406
6687737,13749956
2800021,13917050
1726758,4970180
3456237,547105
15292351,9809600
7719822,4664876
7573577,13779313
2456149,15515055
706697,985774
9780942,14871959
6066050,9056015
3975625,5431862
14226653,3249324
10287877,11627213
8050125,13959128
14306507,10786785
8411315,14149819
13120777,11863906
7208485,6669213
9141874,7748137
10273703,5747333
13038902,5484388
1341802,9823196
16675535,15611362
15095489,10895114
14735519,16231300
8089969,4974080
6635747,3840272
8845554,1939773
4359285,16310409
3353654,1326430
3074710,16041137
13833091,1139708
3869937,10752884
4710942,2530746
3271970,7588449
1828345,2538713
14150619,13236986
7094294,4778525
9790368,15891040
9835923,9523065
11728592,12880040
16607273,15655861
5783919,9591628
10991016,10976808
15326647,9711253
5974624,2953584
15800868,8207204
134351,2754398
12386845,9281971
14342746,10525606
12986754,11368801
6121884,11022727
13701116,8583752
1844940,4227595
10006845,5068806
9343089,10007008
2332426,3606258
2443990,3104221
13800339,1975117
2276025,1477703
12815247,4109578
5092293,1721374
7015759,16011613
13744046,3230200
2032381,279193
16548353,12896638
2750147,2189323
10639278,9312977
4584644,6814461
15612508,3585908
13189700,12878628
16665725,3471551
1409672,12908760
13389678,6909319
1176117,12417547
5213723,6894601
136146,5789677
12637681,8245707
12446681,3181488
838120,8172589
496966,10429387
10253033,1190333
4040442,10011002
5488869,11386985
6810951,5267876
11329011,3111123
15630649,846704
3524462,1968826
7571039,13264996
2436099,1142413
8629148,6933893
14112901,1760214
15794338,319631
4841927,15083383
14614871,15647945
16678457,7219699
16674693,7868888
2807409,1688316
7116470,6041300
4112961,8158118
7767885,10201294
6604594,2039813
14903044,7216147
7090921,16680064
2648374,12820510
587404,12640769
9128402,9806174
15190311,10655571
15908132,10726506
13919758,5617007
12620382,5955010
572273,13767256
10825779,1847584
4208668,9963509
8919493,2398888
5196100,8812918
12103632,5808290
11408125,4186839
8739286,3762158
8405239,15353600
336762,14647068
1668465,10077935
7348003,8659968
13681167,9883954
8898962,7900707
10998910,807289
15185117,11812708
9487933,159363
4497421,11117777
14238778,9556715
9602994,14204687
12196797,8065466
2581175,13652229
15571866,14434384
15298677,7622214
6549451,9463880
9462442,14874992
1639613,12295072
516997,14298665
15882520,3246490
16385523,15430695
124511,1674386
902113,7745659
11898283,7718288
9357949,6977000
9151908,11272189
13763650,9870323
15450994,3675305
6259115,14680688
811418,701998
10849819,11356336
4126958,8128002
10395750,6250184
12067961,6953339
9649293,5528971
13206628,12935342
16634045,228513
1621990,15529261
1992985,380501
13993781,1157
6839917,8426366
7335893,6810645
3131331,3182624
6538124,3548867
7845417,11070062
7958009,12231594
7589204,11603074
379655,2856941
13247724,3441028
6485887,9679885
3648124,13647040
14584179,5742137
14885565,10801134
12258519,3954584
14234518,11713953
16391450,8707465
8515182,1245066
9530776,5767230
9689720,378884
2890258,5444596
7827063,6530067
15788063,5600059
6605202,12252992
2885320,5041537
10047962,6166355
3866647,7211196
6959562,5056708
14247908,15437527
12369910,9032188
1354994,8285029
6255905,15076106
7124385,6352128
11470935,4861635
8113802,9988410
7848813,15528317
13256006,9986032
8765572,84363
11344634,9452893
2309782,4550941
4311402,11460154
4178499,12333671
1809924,6487399
11910824,4646856
3330364,1353816
13331198,15493922
3737028,15103011
4044504,16698057
13818371,13092971
14531514,5169255
12898547,7329680
4782934,16720776
4840968,1524840
8787400,7162199
13003826,16736246
3200160,16695679
7069065,8813558
8215876,6657996
11363758,7919217
11888378,12212371
11334083,13438973
6877766,607783
8922205,5505428
16016330,13807213
14313915,363770
4076919,11333504
561825,11239633
6643138,16787228
14024338,3080030
7191318,11520932
6615305,13073502
3266657,12224129
4555032,12617020
1244258,3462576
14006944,6591818
2253757,445741
7075024,14781400
11425801,12119017
12866308,4068839
8763119,5984845
4896527,12532340
12552046,60169
13545930,2276728
11672324,11922941
9053370,15059617
1488647,10911426
1143933,6780336
5207559,16494030
3387483,14960896
2355182,4051369
580912,2389303
12637904,7306670
8253840,13793666
8585349,5651586
6288215,11433449
14875817,3139618
4059149,14188511
12700721,2919027
3250407,7773632
96522,4876000
3169027,6390381
8324126,7720386
4743637,11174192
13984830,9101524
681862,9473316
3369379,7794795
14577331,7247268
7384145,9019599
15974621,12766434
2056199,10683681
11669343,4451405
5423748,10985222
2458735,14673631
6199675,1840517
3063050,92145
13377558,8398114
15469827,2552947
14754087,1595448
1016015,979245
13943255,10077434
1831430,13764078
12969720,6418260
8511173,12135329
3527205,15053566
948258,16347597
4145298,1636217
1720110,1254308
15264381,6789418
3886584,9450796
12937656,11127720
16634717,15982663
10376651,1144585
12151310,13161327
14499552,4639339
7980034,7534660
9927509,11004820
15264820,16383246
10199285,5276104
1927658,13017987
4713585,1870203
2891490,9238622
15277487,12326618
11637925,11739314
15158554,3003117
13504710,2109824
258880,11216451
8705684,16753950
11917283,15762836
1409346,13084511
12334734,5783613
5101912,1518203
1634818,11435247
1717207,13602497
11906556,10988468
6569497,6076748
7574833,12209567
2263083,16217617
6001644,14676513
8488633,11521660
1539815,929596
10959145,16419590
2315479,3783275
988644,9844393
12144442,14460168
9223112,14382345
7139335,12237277
7866143,8024198
13004151,3425669
15622534,10386703
10303458,14598288
15286007,4539029
8569369,241314
6460318,11857578
1759078,3473749
2219781,16075685
9611250,10452499
16248151,2677726
8428341,6729308
8112523,16122820
6565229,7550301
175340,11955628
16139635,175095
7917462,11471148
15445544,7743296
130524,12374090
14921634,11357301
12627348,2854301
5979829,14486306
8648357,7365460
6961437,421225
16083409,16464432
5286552,7425424
15329788,15520604
14243593,4735344
11084091,8181817
12725882,652137
16755692,2977694
6425067,5415477
5876784,5568934
13347126,10387995
16469052,12259739
2678039,9128893
2476066,10328637
7270134,972902
8945375,9161458
7575306,4088608
38176,7546082
6872093,10104606
4732045,5947031
4438491,13555071
4301081,16544096
5585472,5390059
16469424,1353090
10045455,6908707
6127755,15128759
14619300,15438760
855066,10432893
944968,11074563
11216744,1877775
864986,16563235
730114,15375191
1925802,12273961
1973503,4264906
14790146,2892693
3305536,12526861
8228555,2679061
12662858,1107497
1464297,8031502
11692754,6697343
10134120,8567333
11588958,10377359
7320001,3326924
1802362,14254341
14743653,7079540
11824274,3122220
1231293,14177392
2200348,12787803
11478975,13129502
12078249,13965010
12258037,12995202
7775114,16739364
13293039,5541311
12813351,13882860
3545868,15600779
9759021,11019969
14561727,11237352
9030996,5342843
15062253,12652143
14789277,3041158
10427127,1825719
3771843,13883389
3797503,15917812
1092041,2225201
7959270,15681326
4433122,10259481
13024657,12492018
2634592,16622314
15616617,764581
15621193,2773922
15165436,4234063
10459383,15306151
10697614,7383537
352007,7505990
4346206,13423058
9000264,15318088
8458092,2221876
6206124,12862600
16543811,13322564
13252355,4377427
15201090,5892061
5247582,7725654
10871326,8262249
12034604,12874653
3820696,2729264
7550401,2215787
8501589,3258237
14758347,8282615
7504430,13733695
2274663,14937822
11385441,11405357
15106953,14277883
8423921,10147729
11583341,8526232
1854069,11563023
899848,14898460
16252330,55339
10044015,12610485
7804240,12001490
8741262,11896286
8950553,2850756
508706,4419323
16631807,557615
5706175,16112930
1358389,3006628
8901433,14456442
14102430,5361552
5522938,14878011
4541122,15889957
929810,8336918
9352836,2394242
9264207,14953521
13018242,1823561
7799712,12426569
8301169,6253111
14219989,10511096
12780736,7580719
651041,2609359
6958501,10805432
4866746,12880647
6954421,692692
296531,15324464
1524389,5534314
15621977,6544268
6912009,15918787
2156161,1899944
7364402,14659733
3262359,15640665
11825173,2601529
4073991,5745944
3042622,9841553
15385524,7988824
8136388,1471326
250664,665765
14026834,14838910
14054265,12351951
1167502,7356832
2839122,3662883
3978662,6701309
613726,16407228
3259652,11955410
9473716,427419
5667916,4633177
3101339,11853487
74205,5838764
8520447,8160731
16102227,3417558
11089519,131992
13591667,1560637
15026652,13140343
6777450,7860974
5818710,1729335
5323967,14358213
6214427,14506877
5551761,3142262
361425,8821509
9453211,12106439
8120302,16001710
5530852,13758638
11214692,2878150
2173840,147604
8522218,10170134
10443114,13355787
6703947,8242619
3403305,10380858
8086971,3512883
2628929,14971481
1683686,16024048
15818233,6191061
6128844,14525514
2100081,15686386
5793876,14585351
3740898,6690102
5098013,11079299
8758252,3264374
16572996,5363321
10667977,1784137
5948623,4631756
5654225,9184318
6571803,5597053
4919932,13375708
3961810,5892116
12902594,3847686
8916640,9680971
896963,7055258
2910034,13439592
5340286,14062726
7519652,10459350
2930184,12535672
1359615,5240404
10522743,4033850
5485152,3378482
2601948,14138192
8351296,7032788
15405359,910237
4601398,11197969
12687303,15702183
12697973,10829540
4641285,9671870
13637211,9879972
4470842,3489148
2752685,11487453
9141613,430251
16285788,2244743
10245517,12553449
6367922,10420544
8124136,13436691
2079387,13711209
10191441,3304707
9198376,8166176
16432597,14205465
11744954,1608269
14789591,15541733
3632986,322666
10204239,15803347
3086765,325013
9128013,12754978
6670776,3398571
10295375,1546932
4651354,10975736
10990729,10330823
1842941,6854251
16545619,7223987
12341929,186299
5094387,8416213
10201962,4170578
9450607,13814526
9268472,6434826
16171649,9810228
3988461,10473948
10168538,11489020
9796714,9252770
2819621,11710707
2651995,3754958
1126336,4108268
2128073,9761193
2150224,4822990
6477737,1670488
2238028,4303592
9097624,302965
10829258,5159926
13199595,14466947
2940270,9240756
657879,6249767
14592501,546677
10672101,16498053
16675987,14086442
14880644,18823
9275122,6637354
11563246,12009244
10874102,9367883
10057821,583605
8697673,8856284
11889956,6545365
11150652,4353146
12321907,12558171
11801511,9662355
14472587,12858994
4307548,14428852
13725619,14393950
8107584,124497
15160531,3502765
3303585,6041422
2065798,8291785
741511,6263752
7824752,11164283
11741731,3601796
10004832,14072322
11757972,4443803
2392788,13785488
5038662,12369720
15760667,4035120
4000346,12917141
12402578,9553057
13950854,3586306
8454358,9675320
1784028,781533
4632007,1369801
6054605,7252833
660787,2379142
8862021,16711621
10271193,15683488
10183446,4440738
5190065,15868327
14436773,12350655
2987982,9921904
11119736,6022570
8601523,148100
1029290,12650291
12533132,1169354
135362,11221172
11320012,2483294
4349371,7635144
12574093,9273071
15811356,11095110
12227296,10261790
10054053,5123438
1825983,4918045
12743716,15837716
10416786,13975967
11791878,14473975
15491286,14162585
16225109,11303679
16441064,14664774
16552281,9995391
15332614,10139419
7156181,15313875
9830657,8138442
3175590,10942378
16221733,14963207
4934186,4861051
13425941,9098957
10091959,8628410
14360227,16032285
1639315,6886075
7707058,12669683
2589496,8851286
8429688,10562120
4631736,4527376
1935496,97717
879530,16020514
3109690,9086884
10440113,167645
15714121,10539641
9534355,14716099
8825124,3498416
16393372,9629226
11598624,16214925
4421048,13373697
183485,13885465
16701505,10954782
11694462,16475338
5444598,15117044
2263809,1979542
9663306,3621827
11832019,10830489
16614217,12273138
4374966,6318406
6751520,5681090
9453756,9311397
2014678,9460132
435976,1376348
10456726,6791554
5082971,3416190
3356007,16225520
3429456,1263964
13027885,1343263
10621049,11626101
9101453,851765
14781717,8253137
7145847,1617133
13661122,14467232
10264515,5652361
11641430,8289460
3782626,6879039
2756598,2434122
4024544,3667732
8043164,16613119
458110,14976129
2103743,13910794
4983742,9501711
6699661,526392
9535477,15566578
13262015,7185010
4903113,154383
7961619,9114690
534483,1255256
6797314,5392958
9536318,6082543
11581383,6384329
7600107,10313341
11430970,1651177
5903169,12472211
5118638,4289838
2639383,10273463
12808592,11864880
450843,7656548
16496228,3855227
8668201,1688579
7904425,13509479
10386190,759619
1157818,14054505
14724205,417928
2981539,3267636
6050172,12757083
390704,10433390
357865,294500
13881997,660694
11245852,10762698
2507878,11710730
6409436,3726224
7326470,3985520
12060866,12196186
10979845,209297
6009893,4616411
7489508,5197158
510495,16406720
5331225,7439258
11613176,10161107
6081168,6815445
8264136,2247226
1591473,9115308
7869433,11655138
14917404,2603917
8384116,1716235
15907305,6438233
6424746,6346106
6639547,7325698
16629573,13834065
11176773,5688300
9058131,14850034
3617301,15314329
16099431,13117155
16552572,15133388
8567848,7015071
13283685,5124644
353490,12665680
6380894,2496045
8690642,7324539
10053743,5272916
15614031,15588275
13243719,15210903
7909753,14641886
9216924,8106507
4406756,1503124
15706488,5925821
6525747,12233073
8821059,13635355
13619756,4752732
12452895,2373591
13878625,9236958
8331495,14080303
16262908,13983908
12169923,15164109
3030273,2915886
14090455,10296432
3972021,12604004
11725163,5238150
5033843,9000104
13799953,8002227
15426201,10235438
15157580,14790126
14916965,6184711
276576,5668196
8901844,9773762
13671754,13258954
10631688,10593041
2624340,6840068
10092385,15786510
7988787,1153264
2650064,12641795
7175211,4747186
887015,3353234
5732243,11768280
10424391,12812325
14216763,2277781
14628518,7240062
4494175,6555281
9558642,15231862
2896755,9793623
5200428,3599036
13105668,12030691
1090800,5074667
10385733,12721767
2930133,13241040
11488954,57579
56029,4813768
4385490,13473570
1444937,6944839
9712876,5419164
13283342,16174607
12538549,5345250
15888408,1333767
15345369,9259342
6078976,11678860
10502767,8726521
3519242,1549828
894574,15673626
4469336,7534358
797320,1771801
9693577,2336509
14811321,11178126
6386642,5092811
8490454,1723703
13341531,7211436
3419728,1553512
8609323,10922824
1019155,15168807
15279769,8354944
15779284,13784481
2478360,922173
6839015,3498736
1798286,16576423
13547751,4317086
14420733,13592016
2996825,12497864
7264311,5628476
1507927,2197265
4439689,7830152
8758782,12466156
15401085,6546728
13439563,13668815
6155442,3632636
8542278,3111036
10378640,9101702
31017,5774862
260903,15004164
9768734,16414756
14523368,6707319
5831682,6178197
12841548,5904173
106639,265139
1661735,16242330
16179721,11469005
16230566,16796643
15229353,462441
3201755,2972127
14760915,12597579
15408481,14931020
1263527,2372571
775581,6228212
14064029,4857176
1189239,13980910
1282750,14377577
9689802,9268038
12046783,2467790
4246807,2143532
1929675,12095327
3175872,3113135
1882298,3362927
16095164,10521239
4015124,4218479
14078359,12256818
11131088,13149798
12628052,16224446
11761416,5923650
1734337,7637690
16238858,13083945
5324521,4827123
945785,13155150
203697,16023572
12578208,964978
15461952,11011984
1541617,4290811
13933029,15573032
9810107,3289042
16610875,1899455
9668143,2452702
10744210,10206325
4079179,6968988
2648810,13998720
13846244,3379299
13353625,15397976
6223421,7432658
2416012,412446
10989377,10171411
16400798,642041
4097243,2973360
13947618,13088571
15821865,8661281
5018876,2702345
9946208,5001759
6363110,5406675
314308,9352536
8067316,6472667
10925566,14312638
11117617,2522028
7940188,9371932
503248,8530554
4523249,2449705
15953991,7487496
15441097,15678848
783720,10776644
6103685,3537483
13017865,13340906
15108011,15031079
16339176,12959113
9139377,5210206
13277688,3719690
11709770,8074470
1737881,4516924
10766315,13318836
11070417,12725847
16174855,2483649
12796517,10707697
4543532,9130441
11740351,6270813
16217573,13789385
13096551,13763815
16110388,6896255
5233906,15641692
14802744,11952091
7083230,10588460
8691148,11518162
8621835,2185048
14176072,12671995
581786,7485455
6782951,16280601
9153822,15620739
3805881,2079654
4642453,10032740
9259702,13220663
4190938,11173748
16781299,2040074
4046096,15260431
16050801,12546698
2704812,7887049
5877654,9056272
12736223,7445338
7938625,14705327
9195544,4736957
1794537,10055127
15300819,4669975
4152477,2554580
15266392,14680426
1446045,2826409
3234379,13821620
13190275,11594512
14285864,5915188
453711,3414420
2561014,15393662
12790085,13120815
3777148,4156492
432616,4142299
16488283,7932116
13721380,2596877
2625693,7265886
7604157,2647084
12511870,8958277
16603941,9288971
14744655,1925809
8743293,12835750
14967580,14446753
1477724,4786212
5484641,16366174
8134406,14034915
16646246,1049551
640472,16563091
16638844,16076358
9795473,7579843
10646143,16207343
675339,12486220
14798833,13604519
14239456,3275817
8453830,7562725
5164151,8367280
10759639,10382292
7676305,11458138
2275018,8959304
5165720,125669
361798,4029382
15042537,6616601
1222305,5692600
3365656,15285026
8463111,4239721
6597988,3933021
9972467,8383663
10457154,10850238
3492448,730004
9243848,12704784
550976,11676182
6781620,704590
10353366,7680272
1902876,5249329
890257,15138325
7563746,7358578
7042473,12974620
10677860,8124597
12193231,2858038
1688825,448796
13653695,14736440
1243025,7077744
12100123,6889901
2906460,1464400
14824746,9005729
4826507,1746502
5910417,15468723
3420171,10249644
15275047,14053808
2371105,2292426
15435887,5381473
7612644,15878936
2288443,5293500
7705244,3170166
1470459,11269523
1864124,10615739
11315875,9018870
9373697,3025766
10529917,13670195
5147905,10171091
15299884,16259097
14126995,8553477
15781362,1959894
14185685,5453652
2635850,5448302
964648,14051652
14533386,1288101
1790838,6705015
1695283,2520807
8525001,9997327
15031839,2486040
3125543,4368252
5258161,753786
12422895,14915879
4372181,6123262
3342106,12517963
2641868,14156767
7489339,718534
4342405,5281291
9163794,6513066
14481524,2276564
1168416,8097630
8449403,15283114
4881681,8402259
12345557,10519122
5810374,5577307
11771376,374564
2988694,10664693
6225648,11987238
6883668,7123625
8915756,12350397
16744408,9725850
5535082,6757980
6256434,12579726
69631,5225151
9953017,13382639
598312,894016
5870323,14011955
2134435,10644852
5729857,3632761
11018846,11465761
7190864,15677634
10993253,4875110
10156958,15005019
1668296,12284156
12773476,12968623
8146954,2702468
13039515,2577371
3677239,737364
8384839,7526836
6326862,3879694
15926809,5064020
3830816,13293797
8820992,748555
8206923,10498451
14754019,11389855
8800107,16665949
14070615,6245052
16245584,6685708
4406609,3960906
14591841,6084890
13833435,16006970
11875159,5643507
873366,7823519
4232831,12021365
12257518,12200440
8667230,10939921
14702932,1292449
2331352,1497984
13449784,4598424
1986990,805982
12774716,13461245
15580877,12694009
15324915,16394086
3764999,412669
16381108,10627019
7199270,2933367
16109128,4866666
14545273,14990056
780840,4375423
13972258,10063616
11858451,3090793
12205020,15903884
8543825,10406791
16483165,810802
281718,1399845
2250150,9419397
7363682,3042474
15651232,15762227
11795371,12459085
12770166,8721103
9878843,12632109
4543455,8285521
8217993,4932668
5255175,12812966
9440613,11793193
9754467,6006001
158611,3867641
12642689,13299606
7584452,8078087
984823,12059715
7935534,11161621
9636464,2551123
5098503,16732582
11890507,15431617
12445347,11867801
11487920,929999
6318058,15954516
1412859,9301074
6669184,1519902
15421986,15366072
2879670,3449116
14937117,9007603
7661093,11774020
15806170,14166840
489848,8346775
8430148,6804476
2732899,16607579
16788150,3559292
5297772,16602425
9013864,6130667
2266949,7595466
3715851,4955596
570848,3162643
6072963,3408170
12954173,3903894
1246008,13976645
10267339,14743813
12939469,14994693
11840368,7615891
9412140,10703864
1409195,9529817
11746250,8532978
1071442,961941
671613,1419023
1434503,494111
4776430,5024139
3617120,2082097
15216189,14560167
15893434,13423844
9650569,15243419
1186887,1594970
8906598,16148304
2477281,8390660
4695541,2999579
11718960,969123
2342976,5775305
2992720,10623775
2065484,12107118
6081278,1932720
13605766,11893960
15057575,4246735
12338560,10828754
11804950,2351433
7307831,4214070
9379367,10188253
4641737,11594603
11443108,12244331
3792583,2369595
1256184,13169751
1603923,3857466
8652147,12042631
12297659,3105371
12257098,8474911
11332239,8145954
7941480,11192986
9795416,8212166
3720311,12478017
12790686,13419815
7210241,9547096
15908976,10604115
14303689,6577695
12185082,5945941
14994662,2021936
7572151,888708
3149455,4530651
1559376,5231860
15583984,6469786
15071720,13958032
532565,13679116
12577440,7170900
7731077,14680227
11179438,15887139
12611619,1633262
13522760,15219241
1775083,2255045
2253006,8651212
15281603,7092760
13417734,5240472
10852647,8312672
6915983,9616481
11071939,10360932
3606617,14595405
6356437,16116263
5494074,14360033
4673539,7356681
420718,7069674
8635121,12286510
1065895,2218589
7844866,2119894
6642713,14134738
3656567,15763087
7303165,8351313
4135151,15134665
11501089,9541900
14137646,12082129
3008184,4004560
15173418,10731061
15566571,6795233
8190552,13464280
7827300,12452392
2441116,8012405
13801400,4009561
1807395,8610975
3960626,6147113
9751797,5969387
11398715,13746656
10017890,7394235
14880017,4202610
13552276,10327542
16249431,10998833
13291778,8381754
10242725,7426421
12670149,559941
11324663,11849487
13268836,7574509
5857040,6879150
16785630,5830356
6546071,459555
16252463,6358350
11531494,3966502
7681557,9662895
369418,16331509
5529177,5879441
10724673,11784941
5112744,7186042
16343811,5068504
15362183,12151016
2864213,1960317
11453434,15712091
5055647,3217948
1839216,5060952
11670466,14507801
15834028,15910488
1293534,8387560
11259672,369650
15086429,2263073
14518847,5386766
10349041,7500553
2572372,10238215
3010308,13459542
9038072,13536003
5074879,6699106
1682438,6202974
6583269,15124929
2867103,3095408
9962630,1951027
6558590,523845
4364672,7423869
10438437,5144092
1885391,4975899
12296559,9302899
16307774,14118448
9588950,4476274
13073807,12230130
6495519,5868774
11927852,14529322
16014509,7399444
13021553,9533489
4583488,2297808
62374,2107471
1135247,8083057
4891572,136230
4324752,5645847
8652528,5872192
2918211,16567151
7147854,3584945
14014509,6888077
12120293,4184767
946014,15113422
9832906,12841425
11683734,12378230
7647350,10348199
1640681,13532969
9233435,12927510
10608803,9962272
9345139,11373594
8936953,1601547
9206829,5023507
5123923,11543127
4756084,8229460
2758031,8788435
4655397,12980218
6678831,10846734
13357257,6786302
1355067,13242213
15943984,2333484
5233213,4713132
10961542,10453944
4771217,6766513
9346903,10591807
11559175,5914899
923949,14641926
12215304,3387967
12324604,9598899
10489641,8681791
6604286,13409192
3485450,10391916
9584868,11329844
2373217,10311672
10973510,12219023
12761555,8670551
4550830,16685634
15644742,2054900
2874297,15652280
4357478,15123288
10952741,7087991
12650274,170731
3518767,11240268
2875871,2001906
13706501,7369384
4283574,12739314
11338825,15992538
14574940,8590576
2041625,4520709
11275284,2300867
13306127,10858557
1334957,8564640
5461996,7584868
5504238,8406832
4268087,14975090
7724407,1222899
3933731,11594101
6472710,14123099
14907657,6568720
2072466,12244688
2607754,3096395
6972902,9536176
190137,2537416
5064690,14313769
9936759,424646
2108744,1004063
3277718,8662960
13043660,2545236
6487603,14501407
13710115,3315340
14385676,14237038
7594009,1413679
8548334,15799764
6136525,5265251
13378103,15054668
8985532,2170669
6161070,12112802
6495904,14329878
15870891,1125834
31963,3952703
13060712,3216683
14558212,13584808
13804472,13261468
12033916,10246749
10998018,16387288
16045507,12264321
14472438,3749163
7748482,5383090
6278739,14430005
3889785,2206073
6079059,14854242
10534155,11576490
417997,9501690
4355465,8641529
5807661,7334895
6461536,16601699
2004380,16410495
1719437,5195078
5890320,13896776
3877597,3465770
10850507,3197636
9187442,10807872
9608315,15654484
5095211,5216839
13582266,9911305
4427744,7616038
12057746,8397911
14587431,207099
11115375,3054084
6904692,15421773
14042361,4298696
868363,13348450
13942126,7946381
16451656,7517479
12212952,3991620
10043432,8019862
11460379,3739924
14643767,13831558
6572455,1589989
13832796,14373194
14773792,10669780
15060615,9179560
11778911,4465763
778153,16695744
8294402,6990011
12482489,8607620
4791356,6767488
11087643,9396513
10040870,10445442
7913408,6409084
12308306,1459532
12652838,11425997
9327849,12039751
1471834,6391505
4019172,10966754
14216853,13101004
9678197,6380895
12737444,5436548
15469493,2010000
9710705,16573347
2784755,13843833
4661249,8924390
12090110,7298153
7815754,8519990
10104797,12116645
13343149,8405345
3444577,13306906
14621061,7559427
7014708,14362974
11517675,118160
2382271,1673337
4655790,7806698
14189042,3674454
6372486,7765546
13600778,11392453
15394462,1625178
3267790,10954457
10541191,3863766
3093421,10394953
3401532,12469754
670936,15292491
15292783,13038303
13855182,13422235
13612325,10977850
14107795,16051607
10922414,4172639
9148573,13328667
16578734,8663277
1133313,12211444
519035,4575037
1420093,55491
5275035,10290892
4183024,12699466
5564167,14907781
5751617,12989178
12805090,2945812
6981463,10397469
629628,4002914
12337875,10932675
11698354,7353479
16665859,672591
16663036,5546399
2752634,16309734
321194,11203594
7144536,7732614
9350462,9752141
10812766,12741085
3165500,6552944
2579789,13042128
8553604,13270577
8141784,6633199
6075427,813712
13569828,12182653
6864863,1320775
11180611,16700903
8367116,857291
7760113,1231190
10855466,8211595
10688806,3938013
5566993,12351294
4896559,4038946
16465773,13448246
1135432,7866098
133953,10205148
5341449,2655444
16097446,8171867
15324160,11774160
2326875,5051820
5869081,1725774
4109273,7095719
13647006,9186476
8380971,10102790
10634056,4144527
14993300,15311175
15356361,1494578
9461044,9778797
13128686,2426539
9913782,14328276
1716788,3376563
8370693,12354943
561462,3176139
9884577,16200113
15712960,8240742
15964504,11871149
15043741,11004882
2760272,1422465
9832774,7803980
2093814,9469557
6515922,16509362
9782592,1919315
7904873,13490771
1292377,8966994
15309281,10661466
4105402,5222031
13721956,203131
12529049,8091062
10247673,1012834
9669661,14874698
3333512,12962271
4949403,1458239
2055832,14221849
11127147,3172251
5429959,13171553
13655007,5861933
2752427,10081428
2087004,4089883
10814839,13018041
271305,9114679
1648673,14715018
10016518,13763539
16267227,9241116
10535258,3198706
12283805,6327788
4845427,4094850
1828049,5028374
14224026,6405233
9416998,7372068
2063240,11831855
12324731,7092469
15174251,16680305
11265526,3252853
4874527,2546342
3548601,14179249
5423334,5342096
12322146,6658587
1232939,13621870
1052670,14821451
1121000,15856288
2144078,14459597
1470206,14411886
7896396,14476657
6876258,8482437
14713243,10794833
14207327,12010003
8963486,13719666
11158886,13872582
13736333,6060646
4208838,1571062
13739043,3485305
4735485,3505239
2153423,8130772
6760356,9934838
8164027,1710689
14810541,15243703
13067325,1501571
4955531,14034997
12862711,11760274
2015492,12945460
3742196,16090378
16722006,5837311
10875454,7879466
744947,9913623
267149,3867986
8891780,646640
1834167,13480783
2723101,1874270
7392938,7772288
15611456,13909761
2959378,5510597
10956944,14670760
12550980,12310878
12854798,13287040
2375031,15385213
15503881,13637383
6996992,8078091
7457352,16444190
10793155,68676
12097332,14545042
6676586,6819417
5793951,2796119
6127972,11074495
9162817,16367274
9555163,11813480
2014447,15413429
13773938,6845156
2792645,8585308
6748884,12238988
1673111,5283090
15455885,3542176
7182090,15640726
1112220,14410886
15668235,15502394
10924288,5377115
6313195,9345364
6374441,14799967
7500379,1247622
15930935,3496421
7298733,11819360
15496843,6519708
13556759,9140432
16523961,13948480
12101498,3401138
7533501,11412901
14116000,14555788
1191581,5874039
6275414,3145223
1586014,11388316
6116752,11470228
15052046,11475813
362226,10142567
11420086,2201157
16153986,4160767
9120414,16397053
15722691,13021179
11411086,13641330
10196915,15146565
8901206,7466223
5166331,1228057
13983257,15141081
4192719,2775178
6212299,5315575
3517173,13638264
185080,15048264
15208370,16103004
8482110,6614951
5773091,15324192
16076953,9441345
3228912,11128557
13609157,4832448
12189488,12310000
3782437,8810997
1980202,1749756
1558475,5630488
6671101,16450075
7393886,11527226
5185592,13477962
8457987,7158887
5502852,16084134
12943450,14964335
185866,10306302
6187446,4732959
230664,1749385
7530335,3224615
13496568,2265555
9965691,4550764
274922,12766393
10328737,7943891
8132786,1046400
7092883,13366673
13642017,4024930
5649111,4167772
14344031,14396646
9756580,13183894
8651721,8712690
10825306,13857159
3880096,4984670
3666779,9795511
2513260,14719789
14747144,10393918
8005854,10029055
15507587,14202178
12136233,9278308
9853527,8730015
589972,15486459
451818,5371451
12547627,3381410
14125250,11497335
8738831,9906050
12657519,5526816
16494610,13300330
14530505,97915
15682422,10366338
10543183,15220035
2857440,13650290
1879261,6253265
15329670,6511390
11127983,15126355
15863411,3523973
8505359,10317499
13180646,12729440
6774551,4753820
5821510,8079513
3470700,4142795
12841519,7149745
2354185,7837721
15596179,13641208
14033803,16141958
4780571,5390013
1859745,10476500
9049481,445169
14011611,3942165
9957108,13389548
1310395,9162212
2332242,14962152
4406779,7535731
7395461,697641
465774,14885987
15874598,3898796
12710204,3464260
13254464,4329081
8112551,14797869
8465866,16097046
1820116,2024035
14489313,621257
12071382,8370349
11623126,11930400
5426299,5911630
4419605,12708717
14103459,11340729
13211061,4110669
4928996,2945414
7705496,16093085
699800,2937987
13824582,11100591
9205105,12525415
1478611,6062413
11419946,5136247
12638580,6175384
5309279,4260973
14082613,1899920
6311197,14932648
7186508,12915891
413557,13557955
8658593,8445930
15681565,4918811
12040348,9683768
16061179,5203879
6064889,7223794
14239171,10187474
6073372,8118207
6249784,5353872
15490605,3806337
3738859,11828343
1698905,15725816
8008287,1646839
16544789,9106761
11171905,1974971
6011744,1638353
4780141,4865407
9958689,15389464
8656127,8166534
789837,13755663
4043981,7622211
3462900,12239636
10739506,16696829
7697867,15636113
13684470,2472257
238479,3768436
1740541,8003023
2827918,3461303
15198317,12058825
7314591,950339
1832515,14662966
13998240,16448261
6340678,12450045
12799532,4887173
14795959,15204192
1135692,4494146
4237062,8230204
378395,6532102
40766,10484908
8739126,12847822
4309511,978225
6573318,6895045
11584843,16570315
7255633,5017032
1782737,13417190
3974558,8743064
5417540,2178889
4500600,368405
13579447,15069962
7016515,16186647
4763338,9680144
2147985,2793183
10517753,11478931
16627121,12690788
3646648,14508607
8299245,14926964
1908789,5371426
6794815,11922744
6673117,9585949
9760679,4781383
5896205,12399376
11860324,10785345
15842540,4992668
10885466,4853675
15248350,4487328
1702050,12261662
12113330,2833018
1999855,8719941
6709614,967620
16297866,12638956
7699358,9829744
486577,4576660
6942355,7038364
8499265,7640402
4206585,8210660
12152015,13983134
10706293,2520606
16443402,1846875
1683963,9235169
1758697,2133426
11337521,2786062
618817,2811678
3251041,4710595
15406801,5594362
152446,4340007
1838637,14257690
10268792,11063993
3676946,10478207
10748292,11253807
604195,9321020
7124662,13565211
12395841,13162734
11606720,11163668
7425361,8756544
2876981,9925469
2822498,3959571
14295402,13147900
16489743,7155390
1842868,1341582
5314267,4214160
7198116,6194925
4952082,2283003
9681586,16685014
1666312,975057
12528496,2581106
10535982,1363646
5635917,7832423
1955673,5691517
4566617,2428763
9989247,9999330
1296106,16248395
15499125,7121333
5839151,10870506
12389341,11266931
2961589,10790851
10327463,2946048
8957765,3211769
14916555,7155288
6364359,3503159
9394111,8657728
9030272,12886687
10813621,10161381
1235668,6931421
4564289,16787623
12678750,13026560
9224258,5312777
1268690,8449600
8940458,8153488
11550398,4284433
7399095,1889507
10991047,14297934
3418832,7072796
16537824,2539353
7614576,13943765
12604897,12459690
16153635,4579195
5893857,7442376
8560002,5952543
3209062,5729568
1242487,11789275
4629554,7673429
13851888,9134769
1594126,9350627
7890212,10672148
2441247,12282113
15373646,11918114
9756372,14960624
1046658,15859835
1129512,11318873
15145123,6523271
2661682,1495051
14025609,14186684
13599397,13336474
13970974,4443010
15887457,16608367
16234975,7072244
10464689,12645198
14582319,3512797
3519832,4299405
3349597,6516534
12704039,8701470
15729277,11013613
11378925,16447060
4356972,66472
14244999,7959381
898440,15709527
10299776,11639995
12925293,3825345
1637577,16084970
3710851,11727385
7091141,9282214
5170485,4681755
1274481,10583980
11943006,3843432
6316215,4229355
7633927,2202274
7404828,546676
16601586,3356863
10848949,7028256
3658067,12231735
4457819,10551442
13210490,7062068
10919766,10589833
15331088,16541878
10646935,11864000
556363,13695998
6339046,454786
12774871,15129887
15833589,14744020
9683432,8916923
1913002,6520052
4380362,7244484
9661850,11741967
89128,2303903
15498152,4606061
12307845,4021596
8847728,4274480
9272401,822310
16551033,6201365
9629340,16266410
4013803,11628992
15359106,11113299
1902373,4505203
12476985,13514752
2697658,684427
15341268,10830339
4062833,12269938
15459801,7532652
1409262,6744305
14980775,3320230
15017668,15949045
14228950,10806224
5601285,11880621
2892891,8105578
15457045,13675265
8036831,1857400
4274266,14737069
1177503,15574910
906975,9615759
9976376,5861107
11076546,3343859
14995556,943297
10862425,10364801
1824223,8638175
4065378,4389736
6717224,1991333
2367064,8243328
15316728,15978588
249920,8941939
5719236,10014428
2126392,3761137
3279258,10554039
705122,527166
13035875,6128511
6653559,1733551
2153973,11225502
5194452,3465443
2567985,9566846
3022947,13387290
12372223,6343533
7143931,16225491
14053495,15828219
4922487,7752145
15992225,11475324
7516993,1892599
14558309,12629849
158299,1051695
13932881,16162306
345043,10612406
3058179,1536966
10035345,4343743
2859554,5166642
2978711,14899168
15694975,9008551
2185065,4720188
9910611,6902101
5405696,9371666
10258067,226616
698453,7958093
2874112,6372702
16337910,6554229
2866293,16453198
10828931,8064293
4815070,10266413
3968052,9889754
967099,2362612
8331031,8913676
213498,11341355
14243336,12303740
1102262,5029519
7025738,3788429
10348074,3470279
16579703,6397678
16416081,11306468
13811943,7774896
13719169,14306106
423296,6063656
14161193,14608974
15593055,5370231
839016,7212858
4093905,3966611
14827066,4875553
12007969,612394
9321437,2081227
1577426,6915110
2749534,9387810
11703245,9704950
6628313,10504321
15584465,7764004
959894,14514043
5838103,7537394
16402751,7779940
11110544,8927671
8654403,13329278
16583373,2856758
12002933,11948694
14744176,12908628
3301948,4607217
11209537,3806260
15328936,8773003
16296697,2573990
5589085,15892590
10145691,12518935
11619955,4676020
13726776,1969989
15794638,13199910
7976057,1949489
5734462,11136045
8712369,6840417
9311724,9493572
16449599,2651150
4115118,5448187
8438667,6698498
14645324,8153122
6432356,7193757
12688169,15058326
13908471,5837033
13880196,14217047
986858,4053646
7142443,11159430
1696645,8135591
2711427,2665843
4215271,7570586
1549543,12758306
5594275,5024455
1311989,16658417
11807586,1489398
15467165,9098377
7422398,15799351
15569800,12717678
9165545,1323977
8020493,9761768
14542335,4363420
14262095,6564257
333845,10507697
11992933,3591231
7471517,2363198
10887141,5414476
16471525,3473570
1773233,8057719
15849725,6991595
3939814,16701331
15136143,95726
13960195,5567588
11465801,1024027
10248768,14722130
16736677,11065734
15733793,10581871
7370265,4077153
1561380,10243288
6025784,16415535
15722460,6893086
9772546,10872195
3668000,7359549
5517077,5689185
894622,8944525
583206,5482043
16747496,16104586
15895674,16495447
14383216,10367538
5154383,16073167
9359813,8800353
12734651,9867204
13312645,15435904
7423833,11284173
12660958,13787104
13885517,9422662
3591804,10167311
179445,7034721
3909181,15982706
8414059,5521199
14009192,3425661
16617900,7889050
14232640,10356337
1205624,3812988
2505465,13264744
1948089,6507584
12082126,14001607
15787660,1199775
2835946,12464948
4707537,14227774
8860879,2618874
7661813,16347480
10597817,9886670
16142318,7566932
1407934,634789
13788608,6793962
15659790,2221228
99034,6084614
4419027,1986168
14119009,419901
15791617,404274
16702428,6519169
13850099,13705380
1326525,12898808
14252824,10473204
13402294,487948
8522595,11961231
6334149,15075774
1123217,4151811
16130456,412405
5232854,7168374
8041947,4889108
12007911,1256583
15926778,14273054
4091653,9215554
537272,7743853
9027219,10420064
16493645,16212666
12389810,13638068
16189589,8497902
4425605,5715541
5269886,5936253
13807009,13604280
16263665,1962275
14368019,13769391
13408965,7227590
5362553,355751
12435703,6311594
13022332,4070972
15786644,16222930
11288501,5749176
13673451,939076
15504785,11146535
11186501,2754146
9160771,8062571
3475412,9091612
6732651,12260671
8976531,14849716
5315124,7382957
15688345,1313037
10266778,10350829
5138853,8661203
13505488,11667111
7227691,3377580
698508,15555761
9634285,9638787
234144,12810755
10968090,11461901
12780731,5872377
14820379,7206719
2489235,2631871
1870455,352665
6984471,10929639
13377134,10205896
2322315,8659753
11937021,10814424
1553232,7099184
418367,16025366
12390256,12626828
804695,5311586
11437842,7752915
10368289,186169
13686666,8241639
6150123,15669058
5501974,2012994
2507005,13572534
2536639,12779050
9566020,7553273
9684643,11966834
5758178,1183534
10999652,15570462
12221947,15964792
4290771,12059360
850532,544550
3054181,8673654
3937067,9702151
2849257,1656186
12667888,5513120
9089404,11571627
15783929,7242129
3324650,8305362
14164791,21599
15077056,153750
16255393,10593284
8572292,4574769
3762450,7231629
2797990,1835546
15446173,1128980
6328742,16157644
16676812,5175115
5541056,7717291
4264097,10953827
3807789,5650155
6165350,2737705
12212359,697743
11421551,12599868
11358373,2814413
6951542,6535679
3976833,11441803
4381482,11583340
5689560,9336402
227601,14041892
12757320,16474334
9605017,3854921
8107989,1730389
5782199,2836868
16040103,9810262
9207940,13705591
4974743,13907352
10766570,13333545
5522448,14736826
12396813,13846687
504410,1098405
6812618,2509038
13479119,9054331
5390523,11595877
5932805,4827375
16163932,9545267
13854483,5686900
8982865,9621808
15016292,7615883
3476660,11151036
1463220,12899011
3751908,2256945
13388805,4033957
5256616,14100505
5314489,1319270
3100964,8634235
12261480,6927660
8214605,1424184
16327010,12856708
1859776,10740245
2830701,11734462
15823562,2651160
12823180,2757471
10505691,8565248
15338497,1097126
13401210,3463342
7539606,5436689
14261004,15948479
6907684,14045349
10668526,11004528
12594701,2416708
493492,5804532
15464935,10210575
3381110,12780535
1433737,1678965
13525645,13712410
4159438,3397189
5276346,8652207
5920042,11325920
9757349,14209664
12612459,2361434
9776928,9101202
9712552,11095601
15154549,6238758
14670688,13156513
7622950,14218271
9411142,8239300
12243998,7503962
16156152,1314376
15594718,7320426
9475559,13158273
9389946,17911
685171,1372460
7860665,3283373
1699619,10605720
258900,2601623
7720052,4618337
15603103,15169185
15838904,7319358
13601199,1014295
600311,2841967
11982736,2380019
15971962,14878241
140941,2769263
1597333,5795975
16564150,4834860
14935897,1300305
11339868,5594064
12693765,1548173
10457811,8055370
5518663,9968351
8451086,14605241
844415,14332421
1615712,7631601
8221093,10145530
1900324,8113593
13694245,9500255
10980317,13907140
15305261,16100101
9405569,2648350
5217988,6301337
8450145,10591232
11682547,6408368
4332018,14193048
4932997,5649370
13919204,2320079
15326706,3960599
5100060,9120747
11206929,14240939
5976840,12795569
12314235,11280886
4796761,12624237
774243,14083095
14602088,5779063
7498304,15190474
14874157,4060296
11487244,14806586
3989063,6049634
472584,10562852
2265622,5431228
2674056,4015664
5894580,4589452
4065197,1490286
10639087,2304180
12866179,11378391
2534142,5434183
1620771,9879196
1114192,6200176
10461201,12780581
8697543,15935046
14192244,5379388
12085364,9240631
16293254,570937
12248947,7981176
6887461,9290475
12267802,16336503
11207085,12437095
84324,2019274
14954898,11175933
11264255,11688752
5401393,7758301
9841593,5344243
12496611,3563794
8404055,11436699
3230192,14067350
1893266,15693078
13397422,3930877
5032254,715497
3053506,8345677
3147829,1124570
11230130,15178391
8242848,15552076
10192649,3402750
1083986,5559776
7480641,11551858
7492380,9570860
10741607,6988593
6751066,13790969
8164853,7691489
9431482,8830860
9405636,14104246
3379084,6346152
1814609,11085827
6194912,6442400
10558799,7314527
10739460,8520767
5907842,8791996
1717713,3552316
2842006,6915888
9526241,1158312
3611060,2235788
6547647,5487681
10574317,12779744
10013346,7768884
3945488,10374552
10264832,14998896
4926950,14114425
10009752,7426199
13684743,12806081
15282077,1741913
7155228,10274873
12267952,5671110
3048159,445343
12955850,736649
4651024,9217875
1510379,483951
6341952,1261235
5943304,9703809
3263675,13733985
5510382,8888083
7962454,12533955
14424015,8484035
10924432,13817315
9853058,8086156
8592305,13813356
9183646,4028342
13044088,2327484
3545077,1954685
2094951,709633
10416231,677034
5547319,11636767
186585,6715233
14213245,11626596
13040553,9441856
897088,3689030
14227578,2843891
6967957,14347079
3290732,14825955
5616193,2995095
7543070,15043964
13333704,16431592
3593871,11477844
7341512,4879733
14622404,2804057
4419542,13104700
15668715,16623933
11126083,7190901
10261975,6879001
15738116,5771018
11982228,13021519
15872340,2984664
4168244,10827365
2866727,1894361
8289092,11098210
1944822,11336977
12976706,4940858
9247057,2288101
5077817,8673695
6063734,12027183
11545933,13543839
9100070,14255554
10140859,15863796
15158582,7314976
5854140,15558616
13980174,8767654
10589273,11045507
12525369,2344856
394361,3897783
14658074,1802895
14503728,3470344
13903709,11952872
3593197,12322612
10505544,12992018
6522326,481877
8299913,4851787
7550536,688621
3247354,15685536
6640877,16341223
13911596,2848419
6510454,11597438
1767944,13447306
15445449,6146358
5044048,12302189
9203593,15062287
13336822,15807565
7373306,1612079
7270062,1461239
10200058,6225438
10249240,8447827
578402,7890287
8360579,9421744
12554921,14327047
2332455,899162
12954209,11947695
6455759,567276
13984744,717518
3080740,10508857
2629218,3977270
910267,5168645
2525812,9940466
15210092,8018223
5593246,10014794
3438843,5775158
15858731,15787598
9199979,3796359
14018689,10372289
26208,3771412
632775,9304649
10248990,7022822
997591,60700
10755852,15379537
16777594,1168289
14561761,13731039
97490,16114101
2129933,2729143
1724321,14447310
15094816,13653251
13367107,2432140
8436759,14672539
2148547,8784975
14038908,14502583
6801788,6383780
15920122,13034252
12412209,1956624
3958273,5337236
16133321,10130078
11520674,3766103
352750,1009767
9074550,4978002
6808621,13581075
7050604,15960065
9538075,5229271
9086327,7424442
3690368,3688016
11979398,5474495
14813269,11639796
665145,13411010
13790089,10945775
2472241,3504819
5491807,2988330
9615165,4044172
7566160,8997251
343372,8719419
193085,4936629
7465034,15428526
9122969,1318964
5796111,82410
13520138,15314792
9007071,5615858
15118501,2144774
14843499,1795761
2505329,16453348
11271082,14677103
13270102,14300907
2954832,6942511
14640560,4034179
441710,3783160
14476467,11297887
10762561,15762690
7549493,10944993
7620550,3932929
10945391,15915779
16345612,13491669
5570050,5663737
2765665,12415341
14440346,12423609
14017086,6471342
13390961,13757346
13097682,13042461
8232709,12041680
4249801,3300422
13947157,15926840
8870525,929668
1548909,3254968
11020964,6478034
4678726,5647576
14126673,5281340
11572143,12559023
16472150,11970000
11738691,16564252
11358725,15872363
8427484,11770119
3126989,3429677
11840166,7212180
2342479,6071420
13712673,3437954
6719612,5156537
12843085,14670294
1491887,10726341
12684923,14374318
11576628,3801518
14320374,9890752
1154089,13345625
6499784,9951148
10236788,12528103
2821323,11148026
2508288,15372965
10396005,11921413
10172295,8020913
6692462,8792286
9844107,9717320
15348987,5252223
5299546,16328959
3084887,14306509
2396366,14039498
3643913,9905330
4107409,11369916
4513185,7254929
11907724,676755
11949307,5032912
5469717,5879028
7353641,14533770
6132813,365682
3911384,9791329
10854670,14893037
13992196,9393502
3674937,366220
9925667,6362599
3394366,9835139
11456831,20961
9726903,8953324
14030942,9022084
5997008,13887674
4809065,257305
2439875,5187336
10379808,11747379
2894941,8045274
16450936,3026633
13258908,6070589
386106,3875770
4010083,153958
13995046,26629
4812488,11530799
14062674,7725771
3197261,4490717
12256074,13464390
16067200,7969971
12543097,11012951
7511185,13373473
14211586,13793105
11290032,10199897
6337322,11576695
3479693,9288901
594333,9128605
2329241,486725
16326313,8606435
5727970,3119788
5891330,11382088
6918288,1659195
2668896,3253047
2569845,2352328
12746002,5748982
16382617,5296902
8085788,12087127
15790432,6489448
337063,1801621
8356618,15129309
14419613,12745185
10417132,15557993
15551539,12765185
16762585,11866727
11167596,13548298
9691875,12418035
11716644,12459066
14745052,75535
2664270,9402723
12527846,10097538
4967619,1369423
5846156,13155165
1862217,11903050
238172,6961525
3870972,10861422
4378682,1186479
5987356,9532630
14391273,10539304
3460943,10598628
5598988,1571010
12466755,1854273
6600135,13700253
6402697,8577312
7745730,5349362
6100185,7658734
780477,3124794
5075832,10701418
2757804,6354984
4466129,6988780
1732698,1469050
16302517,11429376
15381027,9686059
15246412,11281462
9195116,15854912
15088133,11933831
3708363,5804239
516981,3482641
11486738,7747103
11606611,4383078
10503948,8270604
8209069,4715055
5283675,14688034
12440471,15833071
12811699,16091856
10538394,13112435
1211599,2879607
4068946,8999789
3733281,11780009
12873621,9105770
10826698,10907166
16049619,15791966
3334003,3861140
16412554,2397121
5050589,3841699
16206703,14968186
3183111,14973833
14843498,2586534
6131230,6021827
15113955,62990
1539938,12890173
14482661,16210668
457343,15653288
5145854,9708709
5001043,10195792
10324205,11632095
15161583,9826713
1507381,6844751
2135541,14441459
3054584,11545790
1141433,13984518
2571998,603740
521211,4654680
7717732,13855821
7244147,12136149
417279,5736905
8503641,10499270
5693991,10123859
11270487,2723579
3467640,4778341
10881547,6348295
6273728,3138854
2868002,8915473
5419458,13130436
5770947,12728904
7460162,5794587
6878376,2003456
12019523,5401845
6974168,7076773
9079107,12662696
13521746,16736345
11133164,12861569
12399432,8622701
7273308,4763566
847772,5571010
3579939,12768880
16660651,11806163
7204920,6453392
1357604,2096773
659788,13840764
8894689,14167924
11422585,12232906
6265419,8248912
11860804,12181727
11008508,8909554
6605182,3084675
2814501,10965387
12885933,7473290
7427868,6764650
13500207,2555246
3195552,13618882
873123,10821109
5625223,11621421
978397,8002723
9214689,15721077
9125370,11976624
16442017,9112539
14660875,3518981
16702064,15675999
1786705,3998381
14330363,3072280
14278965,10131230
3949545,13218122
8890073,6590514
13544798,11378327
8612581,4578025
15440696,9718026
12680,434322
10924202,11735103
11885829,9339553
10317651,14079010
16148176,14037557
12258798,10077529
15549425,9154264
16285835,16364437
8825245,13461722
15248473,2134791
6394537,7827545
11772461,7303656
10391338,16613321
9992928,2886412
12819642,4852909
7105090,5953117
3881992,3372361
3052752,13023620
4683010,1377977
2948408,13649761
770123,2566345
6173336,2558212
4901537,1575594
5609493,3184021
8813030,15914489
6446316,16292789
6232442,1304984
13146680,3230988
13054895,9473297
11506911,4755986
7933191,3834828
15678028,2774731
3261413,9905315
9164623,7902017
15947999,14041316
15097568,609300
15295518,3991720
11498103,15350217
13312095,9470750
6769969,5545623
5130942,4516327
2459408,8143727
9670363,14090058
6895193,12119498
9349437,1403089
1080453,9170921
5529179,14524560
809063,236543
2483065,11771977
9224560,16640633
5923796,9651704
12783831,1747818
6828932,10255779
5355834,16708424
11810776,8840228
5829494,11037217
4778320,9710546
12095720,1856681
9486305,10631392
8619318,3205579
15308076,12741643
1134849,13725716
1182767,3303426
5160108,6897749
4533438,5966777
13552911,6616756
10019645,1567250
6933282,14780228
11363205,678322
5273847,840563
13510936,10337072
3257822,5801346
1720449,2118865
3752070,4334236
869083,10313353
8407716,5628183
15177055,10895118
9457169,2969913
10330805,15005646
1830735,10471539
5824738,7465509
10246786,905504
10770219,1668767
8140795,8725430
5711758,14702189
3137290,15381773
3700726,12584476
2204099,3591047
11191232,15821692
11690667,5300306
8176866,16184423
8372415,13638754
8270556,11631142
5599841,575011
4597622,9677899
11924639,10129234
3653360,7411737
14871903,4940284
13864437,803569
1818933,6349347
13225149,1079449
4668821,7660320
4174207,6137952
9227927,14564994
4944817,14882436
3699014,7945351
9295508,8225916
11429514,16391730
492003,7504385
10777123,12877254
7602912,10075338
5922666,10504534
4574976,12245091
15282296,2658595
12622130,15173668
15941470,16708533
6460085,12776239
10501403,3482023
2234268,7124923
1375118,9649320
11568698,6688836
12088329,11742069
11387577,3841049
5134122,5998350
6695015,15189646
2561193,2612753
13365869,8240168
861661,10067205
9498310,7292259
8301952,646649
2949158,10980670
476121,3902822
6580120,3448553
2415414,552317
14346651,2098292
4838173,3549744
13575526,16186748
7934829,3672364
7736665,16389425
4972128,15729351
16160145,14513347
348560,13668896
4165500,5236910
8860443,6645916
859071,13956465
10997110,6278354
1658788,10186273
16057895,2675577
15043382,84463
9065807,2756742
6983217,7085419
12285246,14399514
7235216,1584586
4964311,13526077
3658745,2029263
287139,16778327
9989478,10471435
11430136,3619417
10132336,14252550
4572428,5572522
12820047,825765
6163411,13035013
11551004,7393692
7703854,3919664
1952407,13162036
15780988,4566331
1789714,4851546
15490465,7330864
7376146,13574737
12731144,6532893
12733358,7680828
4016361,9727828
14220882,524773
8691017,12136218
3234368,350432
16545979,8694550
11531340,3469067
10928592,5235286
7727328,6547921
13744117,2625119
6102173,13365161
1660354,5037606
14247376,3667455
12687913,12052986
3912983,10277218
12069394,5894250
7480688,4562811
13147872,11490527
9300130,1349446
14458787,9977293
16547468,11164008
8744657,12854691
5115989,10283198
5921699,7385195
11436883,4913633
1678395,13124017
1356186,2654907
10217375,10747833
13360617,14622194
4806543,7411087
7551794,9576376
5946768,12836041
16631290,127120
11388958,15359642
13853081,12645714
16547077,1232
10944193,3997346
11543480,3701395
8500115,1496503
3487440,10744589
4551530,1137960
11369152,12629014
13542810,7127390
16335717,6139615
5545409,4556199
16304925,16315538
10850259,13211682
6269540,9948047
10524409,5270177
15290811,15707046
12169243,4465233
12037359,283740
10107174,15316767
327434,4534118
2105889,15880755
1945750,13056820
565732,1670315
11588286,4660848
15919260,9001329
15495233,5164105
10099293,3270210
7065551,2122454
2779033,2511001
11281915,3150732
11751685,11003052
12698581,6816231
13036712,4741555
6348894,7827385
10392006,13769129
12905376,10182706
3962893,15260244
13461162,2819147
8226316,15416522
2300365,6957524
9649953,10377081
3739033,4670084
9802513,9548970
8905149,6721613
2081237,3998316
12719702,9834238
4808794,3628410
1474660,5300666
13535299,5367655
12041533,10242775
4468078,7798838
6965582,11328875
10556604,9596049
9421009,6371249
7531323,15964375
4236442,7501368
5508826,14376245
10664578,1375844
16673032,1867376
4551338,1697285
4973505,8489440
8816790,12682187
10960000,10833594
10790004,12074131
14804539,12430244
4580067,7064688
4529149,7975213
679452,4205889
7532243,3294053
4130316,2300177
16666206,14984130
8770056,959178
6384898,9768051
13246958,1850059
16674911,4283509
12313593,8234485
8511507,6215027
15150571,4884834
3378639,7682613
12051895,11086743
4432795,5190878
11694368,10181351
13244110,1549566
14989293,6893117
15506076,2643121
9340601,9383253
15371279,6461301
4505277,4812764
7728010,8338709
15984690,1567621
8769418,16045177
11021434,673039
5198304,2961646
14842527,1608417
1459551,4826237
16245526,11063391
15120573,350844
8997661,7251375
3224841,3028554
3686037,8681702
9707961,11705403
13718274,14441604
6063519,7322018
12967620,4531928
15982537,14581096
7473389,16672187
1961178,5881452
16278576,3047023
13052591,2803557
6158930,1278805
5058111,11003193
13146151,11389094
14797694,6081782
13591420,2948902
15562635,9659191
7522885,16522638
3181684,1626338
7123191,2657007
9170221,12426981
7937340,663335
10636487,12011351
12659939,8529607
9966707,16045844
3568746,3058411
7819599,2793376
10777201,12884809
7548655,2772378
2418295,11769734
1522473,14020261
9084910,3000551
1357053,16255219
4144693,12150672
7892926,12319159
16464133,12342238
6936269,1594864
1550627,7234548
8751138,11609201
4201481,13342010
10105908,15741126
2244636,4410531
16072896,6192554
6337831,15328044
13422877,8311175
16369129,12406673
4554510,6732198
15487215,10518480
5349333,6091318
13839499,958456
12441059,6249468
8096871,11419302
581258,9741108
294690,1933006
13445652,8351383
7794836,15081202
4753688,11551190
5183983,633214
11333984,2533814
8528546,12070669
9496563,2131871
10772842,5992286
11118252,11426257
8997044,5672745
6093823,4452343
15301335,10696003
5218134,3628473
15366855,15012838
6834256,12303899
7150959,12811381
9700931,13636745
4777393,11359192
11370039,1259800
1293049,4399809
71846,7353787
8157092,11027585
8401995,11951161
2140658,14259155
7070354,13139622
9234453,14614904
3995063,3293777
10852640,2343378
16014845,14019706
9295978,416513
14907193,12675274
7624416,5629643
12583829,7898848
8923527,6210291
9294822,14200234
11943840,6095413
13198118,16727091
15450794,15436243
9982135,14218308
9407783,15393665
14419763,4213066
11187251,3953138
3261051,7755928
13871465,13819413
1869822,6588541
13827618,5780077
11229185,9338464
6204021,9157480
4420436,11872348
5646863,7326287
15853798,4478242
10534716,11195513
4023444,6250896
6164611,16537868
9539927,11002665
4098835,11408604
11719684,2271619
12699660,9007992
14096985,11997190
14540223,11006804
959786,2704043
6826352,10736698
6982835,11142044
4128962,1603398
4615448,7323078
1073887,9631277
11589310,6590869
16247371,957998
12967533,10939148
13890873,4129280
13501704,11168309
7150694,1567452
15618115,7264088
9133276,2795933
13792468,9583468
13937687,2492206
14800439,6913269
876857,11035822
11200990,3171398
1806704,15145547
2311358,1861041
13336699,1427767
10097861,5193546
8766278,15422531
6409921,12534757
8254243,11159194
294241,5442252
7479204,11961931
8254151,12099743
4832157,9889080
4224320,3724450
4858985,1162816
3132226,16227789
7895034,571747
14412227,382395
7129073,8386337
12817602,15401886
9298188,7906853
2477985,3442836
4269091,2160621
8115051,2116395
12213244,12201940
15503559,14972601
10725753,16070857
4656530,3493232
6997220,10603175
9078142,15432698
10547428,10133682
16430132,3419594
13740633,14217163
2904910,2848889
14775392,1609980
11491052,11992084
6807272,4605645
45041,13869365
12655837,15091781
9155364,14435010
12756454,10242658
8533763,603457
16723507,14262986
3832233,7279475
2267599,3555789
10685457,2546008
13520380,12128265
9157699,1159122
12778156,10373006
12305409,9017794
13766015,13934601
2857625,7473740
11971312,9729951
13682720,7249719
13753769,16568405
12945364,5130038
12210784,2122393
11973215,4850000
2151796,4237609
12933190,5187013
8455239,15242506
1276594,5786182
11793564,3936825
598673,5615441
5705139,13991600
11608701,1223277
15683949,12346041
4796880,3862171
10248484,11665425
4089621,12524350
11369159,1715692
8283663,4471152
11065302,9322437
10573535,8295439
1296534,12470357
11931310,15632730
13283119,11135640
14079061,601745
15578444,15500042
6566101,1306670
9293635,12820037
8272363,4786611
14935715,996664
6911450,4434426
5255429,2735926
14719538,135148
5743752,15722029
1299385,15791416
15436676,9589514
6589756,12079317
4103150,3630191
3418599,8417008
3015817,10838692
14353407,11737035
10696313,12113881
6484284,12460460
12477649,5919685
14585187,4491512
11305985,1677696
9432110,1910923
9842699,2142605
6051610,14181615
14849577,7782830
5387101,12315960
1753221,2803541
2324740,15068015
3399014,15538569
8317209,14416313
15107340,2456377
16269286,15046236
11514850,7463090
12777526,324473
3936226,14550378
16677553,14387885
5439851,14724134
6939517,5038878
1584979,4892600
8913449,10793773
14049033,2965099
8375679,4464313
3665503,3828933
8918188,2207950
10092436,822749
4591311,12960385
15125244,13682042
16387764,2679780
524050,4410433
5004340,4509482
6454300,112125
16098070,15247051
12592930,11111113
16747283,6908812
11605717,15857513
1662684,5016091
7635989,4392908
6944243,10618687
5387244,12928622
6584200,8586530
1951709,11747257
16321392,14443009
16732557,13570925
3186850,2756888
8343142,9900145
2017985,3521821
7277554,4818057
3838223,12767687
11583759,6431049
5347817,754519
1803476,13098604
10599356,6439164
12020981,9221402
2421099,1079964
11371314,12294063
8333266,221794
12707324,554733
6864986,7887104
9056567,3978840
6048046,11235209
4569041,6119296
1653634,9679404
9820449,7658029
12124185,8686402
10709083,10439425
7693513,9896740
12685147,14250036
7608542,2676522
5382535,5267580
2039794,5370873
7548075,14656762
9820043,15272350
2469813,15785089
14575409,4531639
16748961,16096058
7728091,1372332
7543761,10392594
4570397,16298861
1472366,13329651
5360167,2064740
3131621,10648777
7922965,7077872
3354037,8518564
5228902,16328579
7644700,5760069
4862712,8410407
12805724,8698812
2413940,9778085
13784373,14597828
11310046,8322953
12092960,8280008
5213175,9075186
12947712,4984272
7609335,6149103
1173500,6588703
3201111,11798264
16400988,9762726
10226175,9762668
3913454,4848226
12699929,2355618
15541876,8672938
490382,8793751
16279715,5799004
7002570,10340630
11076095,4976797
14854834,5699534
4479217,14642573
9423558,10299830
7604476,8223732
13763067,10945452
4100814,5899067
556579,9229178
11867760,5684181
14786855,10119886
167791,16457616
12381708,9856792
1330428,15705750
12311279,3034800
3386642,14709773
819018,14743575
2936034,4080877
13683453,15892095
16134975,10027580
4137012,15545301
8868147,14150158
14727910,3969566
12448231,16745700
15324906,5397692
7094791,16601149
11824395,9194121
2206881,10626882
8051590,5469587
16794148,7249074
14292053,9778949
8057170,13238443
9903797,5488765
10812388,4724042
5850077,9036817
9247166,15725188
2041,11517964
6487848,8577520
14245667,5008539
8305344,15510428
10426098,1354809
1629994,15327887
6518317,11076370
11040906,7170503
4684521,9542041
12473761,13585902
6003823,14891645
15421018,1845560
6021085,28604
10057100,11775873
12163289,12390523
10139169,11910335
10082347,13757398
16166315,6705701
14149684,14204543
14523786,7255155
672101,8679463
13499990,10307860
2490059,12025788
1487265,4431099
15898367,15811455
3373630,10250312
1956856,12618170
13076284,15409492
5748105,4494851
1286712,10329463
5369273,8118795
761338,9329187
10386587,5985719
879580,2482100
6701731,14420971
10995867,4346421
10421604,6162299
14140419,12023272
2124447,15082055
1377206,15287214
3300219,11764307
11094107,1025422
4625815,11448664
7191230,7709616
6870257,13494559
1647570,3048267
15823242,11290454
5561292,3062513
9592476,30604
5052106,10795415
5931553,10345726
8948271,9139028
7523495,11921551
4051592,9647793
3514556,7616046
10661246,8899391
14147629,12193818
5701475,3672567
6824555,4890347
13389879,7324298
6765187,7969125
14346889,12158984
7239464,2078490
9077233,5405764
7009227,2383003
12103733,2585965
11523977,4075830
11555581,15536069
953224,15318118
13302314,4351575
5631423,8548226
5301960,8083776
14131132,10114230
11377427,11155
5424913,10180097
13693318,13940431
8346171,270626
10525947,9588858
7347520,7416030
6832861,3483250
12926714,5453405
13058057,9768856
1154308,9227511
8083338,6251515
11544489,10728557
10123059,10690207
2247706,8608958
10013744,6101142
3763074,15063748
9902994,4834441
7862214,2723066
9163757,14907683
9044975,4391870
8345980,2190913
4901523,8651429
6343400,3271228
3979233,13304373
12950671,710132
5054951,8959940
8311465,3296284
10373577,10947550
9997136,6530031
12442509,181617
10720403,15632382
4583631,13765919
2888206,16691936
13753849,877487
16464742,11576023
15651435,13724858
13651393,10449858
6367287,6597766
12711166,4700508
14576166,12734933
1806500,11381774
13334528,2071817
6301840,13944912
7916228,7206817
16185131,612602
10248655,675466
11952363,1057528
15867527,12674734
15504401,15140931
1365661,14984881
11074273,14413754
7172116,13677926
15245727,13459445
6143539,14270758
6182334,7757921
5532916,163948
15602652,9629281
2159587,3630049
15638378,10984563
7354054,12808723
8975951,13646651
12815134,13111525
7232530,12215465
13674101,13061051
8521561,16275288
303580,15237257
13307288,1207227
13339555,16127497
3111213,41537
11738601,199632
1030630,12252931
12267734,8649519
6119027,4871743
12351109,1669073
10221587,10544189
12996385,1555784
10425392,5601392
11017516,3154529
1838843,9389038
8921964,4684225
14037591,15278943
13590779,11906144
7129836,15442767
14803237,9551234
2475387,494835
16475459,3877516
5396011,10536839
9140155,6667398
10657505,10043152
1747348,1141181
13297368,3286993
10798443,13609377
14016853,11828800
6940503,6753831
9053783,3980209
16312566,10027286
350961,14309422
10071369,1291082
15691268,7961372
6288032,11006428
3932152,10288448
2356268,449585
11651356,10417135
15951393,5466609
11904683,7436977
13132907,6816821
14487844,4421086
2283654,181215
9217312,15933099
13757050,11000702
968160,13149826
1925273,6062088
12207542,650613
1277827,7420919
12849732,1275851
348919,1630455
7731760,2520460
5247248,14446184
6341716,10661897
1790906,12895638
14223436,1618623
12213942,340251
4240810,5106806
1135912,8405544
2498976,8166291
3800951,2850505
11705144,10829585
1101178,10082110
12569670,4048049
11151091,14823162
9467171,7630845
609784,7992740
5576830,6488795
2446287,12551128
8348155,2987766
5906256,10598331
2271123,6151206
5437651,4084422
6526315,13492364
10142968,12257246
7395306,10435498
7486356,5023273
14728444,8948946
2653249,3016685
6742514,3982849
11319363,8503971
1966139,2110003
8288064,13617390
9247987,7447909
13303753,16568425
1520860,2672632
9292007,10539792
5317010,10701427
2106170,14898514
8267003,16169534
9622974,8987835
713491,16376595
6439584,12455269
14641020,12514005
5856103,13692969
7814192,15233069
10722606,11412480
9458589,2802485
6050117,8284090
2367910,5195334
14237198,6867223
16332575,7651887
12847130,7316267
7363151,4117713
3015149,1411805
8609957,7860814
3526520,3497108
13528234,7803932
16564152,1650365
4174815,763865
6713416,11395193
10434973,8328526
8609635,592229
13913894,14248831
5660994,16045340
1466676,1055465
15906821,13344189
1315109,10314450
8468636,11496624
8322237,466446
9844828,2650693
4618803,2035696
3639629,9405731
822788,2498960
11147205,1215159
4948776,12113357
3670492,3493198
5768264,11172156
15108866,7012913
12880903,3533888
8970222,8962058
6300239,12534238
10916339,8889265
1983284,6847099
3027419,12239409
6761800,8768799
12762171,10007777
7882424,10316270
8973994,2017135
13472050,2220972
10316708,16434792
3794841,2309311
16108071,11877671
10593371,11494856
16008023,14080058
14754675,4339335
9412684,4027411
3364628,4568244
2098626,14154062
11747715,13518857
13450367,12035926
2188010,7828233
1103860,4264184
9318422,4774799
13699789,315366
16232082,358200
11070592,15064719
11166212,3975749
2794850,4037336
6131053,4254096
2514348,1211344
4077724,8552728
5759234,16592518
7519381,426167
2087559,3531181
8340371,464360
11753578,10130593
9678572,16236951
4884890,10161539
5097740,398311
294805,10668723
2313265,2843772
546914,1207966
10030153,14314977
10740674,9532340
13305105,9817446
5453710,7853751
1983574,368152
8733205,12597796
10624282,3164914
7757826,11664390
1329233,3628581
1999305,8607285
8770642,16276849
7589569,11415391
9041027,1043015
12442150,2219772
9073641,3484513
8451102,3851616
14152624,8497974
6555749,4898275
2955882,12517563
11765255,16401459
16201848,3732721
1724849,2740157
9117174,706298
15545157,11711635
2651738,6451474
3918439,9866607
16004436,2076889
9295272,983511
1755789,674376
1805162,14103222
7865919,16181448
9359489,13296671
976287,3577882
863491,4236451
12750181,727076
4229637,12270177
9834955,10465697
12596503,16270917
12410621,14578957
14168754,10896778
8345898,15745634
16130871,6520777
186512,8212295
2617549,5939186
4632284,12474785
5455586,5674884
11162884,1716531
1673435,3501730
8582540,3750172
819880,4445062
1527031,9671153
12179079,2959507
16002070,3269345
9149661,13679631
2479704,11404056
16291270,15700874
14681832,3756069
10109888,5029880
8608500,15994263
12677071,16741954
13557562,7520054
4948840,421323
10149720,4782403
15569557,4493677
10398156,4536463
15218805,13456246
10332586,9912282
11961037,15477651
12240591,5953601
2452301,1866342
12615629,7687443
4372813,5489414
282682,9018985
14945775,515021
8703271,8637639
14311646,3995090
12363730,7287374
1282978,16034437
4686980,5059875
4815762,9370715
5758698,359912
4741716,13892715
2187483,2459452
3365752,14443632
5967069,4603270
6761051,91496
9098560,15503062
3098097,559991
8009345,13720596
2402383,10440802
10814779,653287
1673079,13895046
12733718,15669604
5121510,15233011
13775772,10141467
13895880,7026373
5174985,8714182
12078499,3951627
8231025,4738440
3301875,16317815
9449232,4361047
2048141,2416324
15484120,11192815
6835064,12647588
2266604,13814057
5630855,11334711
6071244,3478024
14496032,13719636
10923890,9323566
5276571,2424985
10872356,9356253
8392789,5627328
374694,295841
7746086,13607123
7688152,8715973
9565986,7815267
4204235,13089752
8123415,120785
4358988,1485993
1120548,8697485
1727359,5391759
10350576,6088576
5712420,5273410
15414811,2230893
964355,2318393
5599836,13135757
9107960,7231913
410084,7106751
4064488,2376818
6465148,219385
12282611,11868016
8769870,3779832
12723844,9871964
13957786,8282050
132453,11558746
15273196,16263598
8252667,7098591
7971793,9932800
13144660,811591
3245591,9421109
6214397,13845734
718351,14316973
12106297,15415743
1387907,9900092
9404402,13210109
14610443,8821475
3759258,6802781
15097993,8310365
12567845,10385465
580033,9684555
16777165,11346930
14671015,8721206
13159803,9193551
12170639,509083
4628945,15494503
16255836,8282014
9300645,14695646
10935070,15462908
2769322,16533904
9813981,15549783
14978042,13781800
5696197,16215557
14521293,8598435
3900178,10281290
13965236,16572257
2638344,4307622
12545208,14921849
13916131,14977786
11013705,13689249
3246824,12902834
15693881,15324411
4811340,7608288
9348210,16276932
15809506,11616792
401013,6446716
4009350,4264639
4953328,9782765
13569199,4895409
11383779,12778934
3786614,5221634
12146667,5901477
6007601,13513605
5934622,3746549
1851102,8862606
10229216,124057
6396814,7474133
16426308,2424788
15055192,12931074
6556655,3685787
8955470,1704363
11607748,3341067
4248221,13126379
10149923,6646193
7321181,10938023
4498460,11594026
10870777,11670784
526510,875128
1803196,5613660
13983268,13626033
15674480,14668301
15527369,9242350
15356003,9751098
8850662,12635395
3444595,5640551
10425714,2231686
1359064,11712447
4618551,11268167
13399107,2428117
6398267,14758095
12483141,11504730
77764,10381837
539895,6793072
13084580,3842282
2608535,9504657
2930127,296744
5825178,15413280
5836663,10594572
13604139,14700537
14764461,9589216
14506734,8813163
9519271,8396313
1919232,9210315
3427568,10943262
5405962,12294439
8843945,4340549
7975334,7428004
4519056,8694102
6823492,12616651
9914410,645267
6676423,8864612
4694733,3089249
13175091,16127129
3441818,6258289
15736646,6455745
15080694,11003910
2192675,9499087
591032,5448218
9016644,16401972
14540072,5510364
637476,8295515
3632504,4094485
14226884,6396390
9540662,10374376
11280414,2442802
10828280,5946993
2119397,7035615
5413686,14988209
10915508,3557567
7436182,27080
3893433,3795849
7324709,346499
270493,10963328
501493,2263048
7037644,6443637
9748105,1987709
1354557,8339821
4644177,8670085
9508461,12719871
3441990,9127919
3419625,4109840
4307712,7214033
12137015,10884714
9615671,2817434
9584323,8146420
12821231,5089529
1897125,6248341
14570753,7613
210123,14654334
2790555,6388729
6930108,10857064
2262108,12918395
15538966,588664
10029844,14274189
6943934,14673604
8889342,5857648
5580501,14651623
14206934,5104925
13834519,16089327
2919773,16127016
1672938,13819087
10514750,7050280
1252542,4843396
4475103,16104026
1271480,12011699
4358926,2963965
158895,14303819
1192392,14872594
6113471,2034743
9404366,6036056
1787404,4502960
4784946,12890093
12943789,14072619
14434134,2082120
485581,10041753
12899341,16590869
9511057,15144214
9175570,6169056
3719431,9521368
8890104,8941921
14416796,2981386
6980382,216009
4913302,6153236
12924754,6827520
11430180,4962190
4332040,9696946
8931810,11933923
4770353,12422048
6696073,16156173
2230944,4019647
15138411,7320857
5167719,15337081
10928684,15942687
5302095,13820258
2204918,8884717
3185470,2279403
3524054,11838827
9243148,5251721
6844761,11876402
6405861,4152575
9026880,13253701
9358884,11030406
13593554,7523527
13274599,2711621
14051439,9926079
10689510,10758343
8069044,16632621
7890545,6546384
164711,12416967
9682806,7771500
1461674,10443718
3432310,7522177
8874371,13655969
6366553,5057714
4410543,13471520
11501709,8035948
13558012,12756813
14321356,356864
14183222,4029717
13026947,7779686
14366100,2283898
2450138,14380391
9672166,536145
12908447,1752550
3141876,927041
11092407,16495536
2533926,15677903
11114000,2579366
8412317,7055532
10838967,6601933
5392961,8282420
13176529,10360302
13153342,8049385
2435662,14683392
10205118,14066457
2586985,925239
12718685,5915205
8941005,16500042
576016,11883123
2852710,10810801
955284,8542512
13877934,4547917
5019075,4204110
11426569,11445990
12590244,10558027
2004673,16769965
13872630,13113975
11343482,6049849
11567050,9879338
5211866,16292586
10487678,1766264
996694,13082587
7716332,9451330
10926335,7093157
7603232,7005777
3098215,13935237
12360352,1089545
7161795,3961457
6527660,13336829
7596292,4378709
6628722,13103756
11880008,6579091
13727778,7552011
1141914,1645208
3494327,3197450
935866,15845219
3758827,2040574
13673218,12526616
664958,12542992
10128649,89067
12110971,10976133
10181705,8241507
9139454,2021894
5691102,13701956
15885439,8028741
3556666,5162678
2574545,6310161
1225250,5420916
10333645,11228033
14894841,13593015
12456214,7518427
6291171,3478945
14948395,8329851
8665562,9959452
9323499,1610440
9845477,6367592
11022123,16543827
3176002,12643377
69095,10807751
9153119,5867653
4175421,3346072
9627384,10630276
237492,2208397
14053525,14498622
7273926,9433534
1299382,15992256
5798811,11026181
6870508,4790710
8695798,15462208
11267695,4358465
707534,7278182
1672225,6499222
8533304,6557015
16507030,2368125
1607048,4578940
16026449,8326000
9436014,515383
1908084,3863038
6913531,12947544
15713947,8391045
12840242,14466371
7860077,8029247
5315706,8481717
11721015,12295966
11254119,14334471
9136459,13892864
14664014,1585119
3505374,10103236
9776218,11640184
11420438,11763447
5464235,6410101
14093438,7894888
4796592,15050297
11373958,15190001
3626164,11000988
16309885,5446196
12355946,1334021
12425968,11315524
6473418,16182342
2768692,3095572
12120479,7004434
12689673,4926653
9589269,7723988
14136196,14106106
3328890,2505797
6837709,1939553
9291059,8529493
995006,1889510
9068850,15076249
6259665,16772376
8911339,3451745
10821735,10229285
6323423,7481797
4042310,12350965
5506745,10209413
15134093,10470283
2971088,2959053
5880601,8243939
10894678,6964869
11184504,8275084
4542134,15421160
3776297,15932131
7743856,11883097
4282255,5930951
7450205,10860414
4973949,11809471
5063779,6064788
10293553,14672617
16112456,10081178
548774,7707362
13129666,3576206
14042967,6330852
1094468,4520207
6732932,4482518
7547586,12993449
14668716,10716529
8705996,13872804
11263601,10106606
3918914,10535276
2680198,14712711
10470987,10988603
2198441,4196661
8146665,5934270
12985567,1427991
4712909,14406266
3812511,15687989
6681232,781884
7951598,3678711
5845263,9796508
12904502,15404835
12694541,12658934
8648243,1554389
5130976,12327515
2189369,9815691
2278205,12418107
16528240,6110740
12764882,2830792
4201133,6712390
11345985,6284207
11140902,14335401
16033194,4434290
14575546,10248845
6672800,2741579
10306019,2581035
5215771,15566207
13981668,13715064
15771792,8949215
10397511,15336297
13411484,2831546
15839911,6432317
3848907,2874492
10683012,3677635
1183564,14896230
818549,7899263
9293846,13015018
3306344,6633755
7282905,5430043
5831272,1629598
10355924,686219
11838497,14448378
16455837,3067
4196418,14968074
2836270,8671461
15763555,13022973
13889454,14929495
14332904,2806917
14583893,3890690
577148,6548657
3225820,838739
14318932,4367588
6427641,11111993
3684773,1908857
12571887,9717053
2139088,6513055
4034808,13789954
4175867,6496496
10727864,10703477
1960253,15477704
15886071,13139251
8702014,5140220
11118654,7450244
11648087,7684568
1274962,2393238
1279152,3433073
5443101,3170676
10209056,5371537
6037836,12768464
7168024,13088150
10682918,8012258
7417638,5549074
10985006,7084625
6743266,4529524
15764615,11345558
13180395,6721414
2197734,10758783
6590865,12055488
6933338,2409656
12690024,5111972
112929,1852901
8957243,4754680
7180479,12696768
4144939,14509086
9392168,1218824
11997775,514196
16725683,13195806
1774667,11654308
14921778,5637246
6447954,4004740
6340498,144768
14294153,15447999
5177640,1814595
133478,12335085
7521286,12524764
8845509,3278890
1025168,201498
12527861,13627061
9836099,10231000
1834176,3169384
12485432,370737
1369527,12078426
6528161,1513974
2060822,5331924
15337076,13993111
8068267,1480105
1910233,13365279
16295995,3270172
1023556,10349447
2813985,2058580
15602947,1177552
5969259,12596024
4086655,9358948
9472243,11233404
10050029,9238896
10805114,8388000
14471170,4290159
10111903,1003030
13077354,11780688
11647229,16060440
8591729,9897556
6403275,14606367
7890625,16724679
4066199,14340692
2834981,4415297
6625461,7193499
10345132,6237701
14663737,16384326
15849443,14157257
16259572,1100272
9904890,15501968
6042624,9502660
5622915,3990109
6013525,7847777
657499,15961588
3643213,5541104
9773531,1403005
6611231,3272755
7318068,572813
500348,8521557
16162858,15666502
9180661,7655388
16085578,6735996
4450931,10725826
15003039,3114772
13562507,4803348
1482286,4822393
13420259,9194946
8238323,5256164
1903689,7851181
13890963,14081501
5118112,3869531
15801901,5820854
11828937,1166669
4682798,6707809
7999967,3808543
13975162,16474903
13282425,4521280
2898701,12996695
5042689,16281136
4352625,7810783
986498,8660644
219153,6450821
7857088,14396664
12896537,1788141
7756733,10937281
14375744,4007139
3970005,13044805
6774234,10152528
12505732,1123394
16353169,5732009
5432928,15570048
740043,9867168
7413614,4099584
10827930,8964486
3490962,6352317
7766163,14261187
5748522,4088643
15568712,13379224
4039573,1332742
650618,3020244
6986315,16774613
9198131,1072452
11077925,13509189
2665798,1595634
15656727,3070429
1875963,5726485
7174779,9913948
7859042,12654407
12159610,12019297
2100462,6770135
5360000,8290208
2053965,16470762
6104920,2837902
7533804,9178876
14832911,9122222
15587297,4897434
13067039,1089588
1873334,1970496
14712985,3053279
5939210,4875887
5080710,3624286
12705641,10899709
95036,6476197
14195824,12541032
10036827,15856678
1483742,13738892
11214593,15915871
11313281,12503683
12706978,8068007
12305183,10533045
11330010,5183222
11585073,8638896
14418837,15194166
14146889,11665508
2532341,5846625
7093983,14811502
6356169,13166434
10999114,12298172
13602363,12397725
8283868,6881599
2132814,7705510
1715356,15047537
14249649,16056003
14642990,4694702
3715882,16669751
8246638,9121097
14772140,2374331
972429,1233239
12718133,15575081
452866,15098439
464703,9915968
5531432,15613869
9038299,12546460
2829113,6851021
3135437,1394390
1988180,8270250
15255245,6495486
9996933,1692638
7208199,13743619
5406548,12307983
3261126,13217596
16706832,1899110
10533577,4680057
10684664,15717207
7863285,8013621
10800120,7090174
9009255,4246377
15039400,5530752
16770562,5284554
5638740,8270244
8416836,11978027
12058350,6694303
16300775,12206273
11171274,8993876
2392199,6342041
16010018,527363
8027364,16515114
14539479,7872084
10832278,7240394
6761593,8752480
4981277,8003800
14423841,11323682
4800960,12763100
7293783,481833
13950616,3714344
7252410,16429393
13886931,14981920
3986373,7783634
11246243,4012632
9409591,5335911
3858611,11371983
687110,7199071
1892011,12232811
13010474,6206087
12478382,12792707
8510409,9591471
14083022,15649360
2138902,5937358
6833283,10261131
8097200,12635354
10137486,12757324
10108534,8933409
8987301,6949030
12963760,388642
1167328,10890143
1215762,10992010
6410672,12327793
5687634,13907164
1708823,8844582
13149920,2872780
4649952,9289856
918536,8457620
9405736,5260062
11255424,9894255
2375120,11534694
6186599,12762447
2133166,3088545
10238005,707146
11222293,13638132
1476248,957303
9574224,3791346
16468995,16354248
12789033,6159632
2812616,2588781
15269030,10021492
4568909,469875
15222682,6509210
8332970,7677067
195505,11218752
10621580,1154401
14582843,14302260
1663821,9438851
1610647,4621855
3114259,4371792
1564649,13731745
4031098,7518863
152059,16445466
8222382,4456582
11508530,16453554
2025726,3478226
344282,1591507
4890766,14295618
8618000,8454726
3146805,7780484
12030906,13394780
7561434,13855468
8327113,9409845
8116831,3665043
1963613,3412317
2135629,6829886
12759721,8718671
12690601,15515396
2628739,20234
8994640,15145256
1517743,13514971
13542071,2715692
4524119,5192643
7010409,1298018
10928253,7880597
13270667,8832089
2555665,16273339
5922913,1677829
2198303,5441358
4856013,5021760
1356064,8470890
12489645,14097700
4833720,9859349
9286291,114055
4930599,3391696
7747372,11619984
6473838,13687973
5791086,4513769
2203166,5975715
6000982,8379806
9168706,13434321
9305171,2451673
1867867,13327563
4560485,10038535
10737206,4763682
2186151,6152079
2433602,2239017
8436992,6932706
15654508,6501998
1963826,1918604
359787,1293514
13912840,8239959
14815948,12876645
2235661,11447058
10876874,3501202
345700,10610073
13337395,3534547
1056611,2621128
7927124,11746159
14611635,2745014
10942845,8711431
4866354,7773956
12051474,14070165
10169222,3374016
15752221,720702
13700262,6687388
6212080,11850890
1602729,8772984
403737,6037671
5336337,14079618
89593,4801662
6108165,4212873
4238409,2347867
11430734,11183880
2826523,9752479
1782850,10228896
2322673,11298235
13924785,12578605
6077170,2235945
7201723,8152986
8035981,4294703
9945082,14012315
15889007,10867978
7808604,5431247
8661717,1132740
200521,6510644
14748025,11340505
8369009,10938971
5888856,8568423
339575,2296080
1587984,12522558
14856035,15336187
1922992,4703460
3283826,382966
13896272,2910424
4287271,7430230
2642363,15033752
9666378,11114578
14962583,1337589
14190300,344264
10447296,12204742
2951297,8329875
8061029,12133614
10790402,496715
7531181,14488225
13926456,13554234
9638203,12160630
2089996,413635
13851726,377197
14877574,6641890
8893303,5681295
3853428,9523311
16506948,8483683
15610235,5503015
10944453,4450317
13750209,5716373
2494364,7405455
8372248,12318098
10840419,14673464
7540135,15705713
14427369,11427503
12765621,786305
2970969,8078277
15920490,8559092
4489281,5748803
6931770,8550151
145781,804476
14133460,1025277
1096778,15042400
8302452,2133145
5007643,6995440
4147169,14549096
6544769,8892026
9304489,12737542
9682468,648876
15379915,2355436
6512028,16142431
14819047,15285113
14298173,10179971
7540687,11616279
3146925,1004820
11701723,10148188
8233736,640306
10959847,5064891
13358694,3628666
14764540,14684869
10013940,16758463
13179591,1254065
10859196,8403375
13034166,9197857
9471543,6939526
1916619,10748032
15625813,16028399
2893156,9934649
8510797,14690208
12365731,16137527
6990463,14713330
14043921,11370777
3447581,1275926
4783233,14376663
13535354,11632915
11067129,16602052
15549598,9440118
7944798,14797007
8028488,3231762
5425984,5846757
1282193,9833190
4107612,6068442
6352336,15418733
1112687,4218953
13662010,7670624
673622,7778834
2813819,3302348
414196,2566453
7077646,6409653
1214289,806119
15288822,1152010
13482123,2442692
12438464,16239814
4803854,14837891
4172258,7721841
10272580,1137326
11850944,3946853
6956483,15560332
12806410,14514392
4452149,9473593
5161717,6836802
409065,4433668
5918517,1923118
365256,10658033
14547767,7409327
14847864,1323540
15206781,6015513
10437079,3284306
7149749,7698001
1578214,16336494
9414628,3039511
12412615,16062143
16686756,3460942
3347256,7957000
15788606,16639229
8052795,3075962
12561020,1264425
3155749,2760293
7658829,408193
4221141,11596154
8476519,7156037
6885837,7074168
8328989,3110009
10647351,15297595
14871704,13732358
11983263,6829994
36332,5105785
13970722,5117759
9818014,2536902
4935340,14551249
10769451,4375209
8692624,5570644
1751865,15034018
13658770,14729262
13342037,713753
11022910,3642688
1365253,12479840
1380969,8509509
12133464,14473672
7088179,8350785
14368366,1796457
14112651,12605648
4529646,3341380
11250705,7079402
12304834,7594335
3311869,286627
11206687,11456237
1033876,9686340
193863,4716390
1390665,4808699
12913103,7572232
14231323,6888610
479955,3708547
572100,9639885
13318606,3162702
2991841,3677299
7914915,1723904
6091838,14555644
9927757,16653584
993288,12723236
10261396,5140082
12006298,16664274
7362460,13881536
12463780,7173727
14713411,13709441
11226974,11187410
16462114,4372940
1417784,11866641
14453216,12524251
5375974,5553627
5281541,12241418
11627429,15869615
2699531,1274554
96193,10890285
2427089,3974356
2196862,10332192
1424071,16009535
15919856,2687497
6915027,423968
15191241,12603086
9243424,3754610
6174641,4884195
142601,14329718
1017447,13109917
619566,13075153
12134592,677701
10713110,16717763
14483121,11384675
522466,13915173
9662184,6259732
10282607,7812911
10769704,5300619
4489012,8484126
564394,1373040
3437506,14109961
3172927,10987926
8501560,8773706
15915001,1468407
13813465,6186686
15100882,4133078
12783403,1206795
16106723,131889
2225359,13213825
3027151,8556287
408857,3694352
2303972,16643023
9434560,12543649
1222076,754308
4815572,4198840
16290364,11701854
10264279,2018259
12940257,245871
8907426,10927562
5777138,15839979
16070487,10786384
7100868,9048770
6987204,10815779
12571833,6750858
16313104,6991275
16019016,16001306
4851797,5314134
15748725,5124804
10581518,10258773
1579002,3112022
8733111,6612786
8237830,1755109
2265729,13887309
6312840,13157043
7528651,10875355
8873564,6229070
2612609,13157021
14502727,6471022
4488687,11617667
9329479,6215484
10177856,15841318
7418151,9450617
3844557,15899849
7498411,10718886
6457778,4380462
2793011,14111161
7922146,12805660
8009144,14430668
1921773,7701996
2574669,11562235
8693791,10979437
807889,8167743
15172820,2423468
6958941,5346242
13370844,4419062
12300211,16168807
7933959,7085270
1952876,15077400
918984,194118
1334038,2692462
14532275,9272833
3000706,14264604
6189568,8523512
5941479,2787439
11656200,9305659
8344341,1308418
8022456,9680137
494971,11591284
9982930,2949003
16019299,4558102
10388534,2288014
14548905,12505064
12956954,7403002
4257324,15268788
943146,3292473
10286324,15216874
11859281,14326572
6707,9756055
3832408,5139214
5101590,5339745
12841200,16523946
94164,6521984
9442930,16587598
650225,9007103
8581594,4294725
16002753,15589078
1154896,16015267
1994874,5933087
2522331,10807076
5501789,15457414
14237071,11281159
3139994,9538553
2686910,2311287
15469101,12458822
7325024,1960014
11526713,7733792
4587094,4352667
3504855,10891556
2520725,7873160
4852394,10297791
400435,7809736
15051129,8398073
4322837,2635432
13301293,8983003
13035006,14876578
224262,7072354
10957483,1368525
14554918,6459280
2327554,505936
3728787,2904925
6750504,3866869
13607044,9319711
15810955,13206852
2303659,195370
1012529,12460382
3130526,16173394
8717237,6080316
4577978,2943060
12299278,15360764
1235951,6231361
10055280,12243141
16078670,2449847
13319592,15032324
13427443,1407468
8001592,11425498
9355315,12012101
291006,5554799
6849372,7510592
1214174,6593612
16377584,3840861
10669869,16058675
15169395,2855272
14678773,3180573
6679275,11440594
10802204,10853087
11466965,4908259
16405958,13910002
11475642,9908144
106680,12360863
12318474,7221753
3388322,1092466
8631479,7533384
15720445,11152664
16074455,1672722
10124684,3994245
12820919,5961336
796179,14702747
6841089,4033003
396055,327503
13435366,16572176
5714985,13086939
919059,3560319
566370,2148401
9544972,13031044
361743,14557796
14360103,9801795
6689263,4991911
11189454,4435550
1159501,5894602
6384159,1160397
11824796,10357301
12700111,11124830
15383538,4540621
12612672,1127180
4632745,7771596
11072627,8640734
269736,14778801
9192898,15023833
5940419,10084723
12370604,6923682
645085,15391242
8383884,5589804
16314342,3764182
13171734,10497108
12623336,10277077
608469,6836226
1762825,5597360
3079694,1426940
4333867,8467576
3051943,5295868
13617881,7470722
716219,3963291
16320682,11586342
16782611,430988
4629295,6437341
1839892,7603191
2747152,8952895
846429,5671026
1952921,16513221
8741253,13731641
14923036,13159521
13973375,16494732
196135,10906695
3084402,7482774
7873632,4977256
10781049,6684648
445099,1798965
10454050,12661666
1050800,15032584
10165261,14028658
7262377,192834
7021353,11967662
15280648,15098457
9655466,8350472
11425764,13243516
6733615,2811468
13942134,11960698
16485852,13114144
12995854,5230659
13254195,5058287
4831332,11550695
4825640,1630803
4107464,2664031
11776511,9265352
15778351,1175766
466877,12440408
15159137,15438835
12221680,16606124
13406484,3605258
4577021,3697301
13066691,6987214
4041946,3361920
5552701,6566738
15169891,8567476
7974727,4320363
3727133,4449254
13741985,12646395
6549110,9326552
12208477,4867069
13997276,10281565
13523659,8696465
9408783,4515227
13023040,4148944
5215288,13266658
13749025,16787537
12430611,12942864
7917685,11593053
2167765,12408990
321228,4441473
6507968,233142
5111058,4912231
9581614,10022141
13027735,1935197
15552240,13894813
5293632,12851387
15226745,9580759
1693852,15152743
3274685,6309480
443323,12968986
5967371,3827189
11603179,7868538
16730252,11013366
16105250,11993709
450480,4063111
10168041,14540173
6070906,12068906
1702883,2099304
15677779,12834100
11139905,11531413
15587753,14560415
6959677,12625996
15666379,12545404
4450323,9081428
1525210,11002770
12901428,2086356
4783284,2268508
11849080,7070321
12306051,14633385
16318130,6253308
13699172,10366494
10673539,5618140
3758979,2481081
8327734,332974
10824403,8946141
14980769,4983488
338442,3445254
12401065,4383907
15896729,584113
16782162,6759921
3218777,6929597
6417241,6388308
9092713,5946130
15961281,2484791
15194590,6963137
14012144,5143508
2674227,9994839
1961339,14927761
3309748,16231910
6345671,15679303
10714656,6122937
12562750,16255554
6026825,16700840
3352972,11607098
10708871,16228415
15971273,9376133
12184996,1314489
5469984,7832633
1665923,322190
4599880,11330932
1072594,12922229
8603210,107369
15077171,11397241
11718795,1601963
11932191,16703029
8337733,4324862
15998180,13983830
14640734,912951
8276517,8804002
13518588,14840124
14280566,13091603
9123035,15668496
4456960,10465947
292242,1451642
15621870,7302162
15658241,6197523
14880516,7050367
3420915,14816081
13982382,10217190
10691075,8335015
6133028,13108517
15011597,15129261
11523043,3091735
15228107,11565767
3787388,15629795
2425618,10609726
14417340,13867849
15451334,15233053
14775893,10621368
16074443,4747911
4110321,2436462
8771499,13518895
9622897,7124290
2590674,1686495
13825431,6349785
3534092,9373375
3973667,13805098
15103659,13207561
16632243,14009226
2623529,7958214
6363710,9640615
12231675,7594189
15646716,14112638
11533372,13063404
13266450,13573930
4704073,5804891
10996904,1947591
10750176,9581410
1886957,12221806
95113,2543851
11704508,1793001
8818369,15410814
3708852,2140388
7644523,13509499
7223695,119270
7761129,12819097
2989152,14958811
6136687,4734927
949302,13460905
10001874,919422
14015486,15396811
13149373,3268282
7527236,14518744
10312360,6763316
1580048,5778492
11625540,1920441
9533756,9649396
2494439,15035808
5834879,16216788
11965323,16589328
8958868,5771821
12607310,15041729
5226291,9391365
10792113,16530563
2071159,3109176
1548460,10904513
1389891,6385349
6830923,10023162
5122209,7154469
5017486,12432978
1171091,10875298
11517068,14368823
966782,1830181
1882867,12804517
5959370,12110198
13269286,14806647
3024452,5655279
13887457,12685575
7235551,9193234
8384302,12289853
14407348,1090930
966371,4371736
10526512,5561037
11060450,4064470
10780003,10566772
8751646,6808607
4369626,8312508
8525312,5656784
10106528,5631554
16531358,16585683
5839639,14118895
14685253,10335673
14301354,13241543
2495343,630265
16586255,7378780
8208606,14571297
8344264,10665556
12451667,943191
7883650,13112996
2699568,16624166
972852,16612054
2616518,8155702
11432040,15400441
11290666,14135599
8702001,16532201
2962974,3406072
13501983,5057264
2300283,7410312
14451980,16074455
13728389,462290
1137916,8888063
9764852,2204438
2398672,3406345
5247755,1956189
3526850,7831986
688445,7221085
8033362,2764134
12184880,11726560
5104399,1009813
3063617,2013140
1388559,5079109
623761,2626030
2496492,12488399
4766258,1780088
1397862,3657765
12432326,12237960
14708321,15855087
5702813,12281673
6950273,15122791
9641642,4146454
10738057,15357012
520753,9321015
8325517,14520555
6588132,9688283
5514360,12813145
15031578,14430521
13327018,16249281
5295135,12060800
6973533,5319326
2879855,14152868
5477019,6567619
10135229,10985587
10418247,4181992
1039825,16461920
16279872,14374197
14085527,3263829
8485201,3799508
11258440,505794
9894994,8983244
13729798,6881451
16503843,1835072
3715001,2611253
11895075,9957519
11643169,8858674
3434596,2347467
12446124,5732024
11491926,5180834
15720306,506700
15232099,3865095
2814022,8866147
4739274,3901345
14947260,13467943
2012180,11349144
1516155,7845119
3574197,10710858
5777107,12297551
15953172,9936123
8219893,15753236
13192446,1133881
12150593,7614629
12215649,15779581
15843123,5174352
2734183,9827246
14751364,16414759
10517499,9295003
16033347,5628453
9765105,13303698
2585991,4705835
7574064,10192649
3928007,5708373
15084748,12054890
1059177,6685534
9851306,4748124
7085434,12633910
9116449,3088010
12510669,4413837
5852567,12107746
67707,2721777
12472992,13584391
2919646,11913377
1928104,2462553
10742776,13245807
4421822,1656476
6513105,6720335
6361739,9471904
11503644,16376577
14132547,11774777
14950838,7709497
1903378,13009501
7452997,3049183
3687622,12529585
4083627,1506998
6667690,3774128
8425135,15927130
3949522,201631
7383337,12825482
3857155,3181452
1503949,14586537
2125774,1368359
4469717,14411575
5315359,13351795
87295,2290911
14747504,15258228
14308267,4552542
2105647,1344711
16022162,13068618
7590515,11781441
16768466,2090189
10292174,9569076
8780219,4857502
10582131,8883547
4331669,8208669
8849014,15404667
9150072,13280640
1723102,7639492
2114354,1741993
14288179,2131358
14018944,3808670
4837511,8747404
406055,3736822
2264547,631525
11977420,14751949
2273069,7591075
7124739,4971192
10950305,16599530
16418465,6699846
1208797,3928757
12871558,7082960
3734903,5339916
14148295,2923361
1271073,14075576
3570705,15928637
5150962,3329114
6289306,9958638
4578534,4511515
1068828,10040082
13276271,3630833
4250217,12270048
7341967,4315328
4067939,6255178
6126840,12211375
16206411,14653795
3042607,12013696
15745284,7316963
6397700,6963385
16547944,7503375
4235171,11601008
15204651,10407114
16085207,8943526
13324486,1232221
1824465,15898764
9901175,377068
11163383,6937218
10356329,9855598
7392521,549216
12163368,6765990
4836850,11182913
11462524,10186967
10336925,15235175
9379932,15682577
15998372,6771989
1821321,14017374
14630157,3134901
16054263,15595607
5759646,12658588
3870210,6352175
746362,3908792
11223080,12919599
11976175,10172123
13108555,5864127
7834431,14109154
10029134,15462613
14181909,12290564
148948,13967015
4925228,16360549
15391628,11649748
12100815,875711
12860570,6278491
10082881,3656552
13150361,199775
7075236,15118101
7829445,11914885
6752354,15745433
543681,2137621
6251287,6267445
2383228,15741161
6512984,2485454
4985648,10929550
6733598,11625300
13367779,5330042
15662928,11343453
1435227,5178400
15390199,8372704
11836667,14519574
14572888,9837575
15701094,13957874
14881593,8182397
13592190,6882000
15441970,6365232
14008740,545072
16398919,5423459
14999221,2505985
3154011,10236552
13908091,13297085
15943316,14731273
5679638,4839800
12726242,11967912
12663051,811526
12324752,16527548
16575247,2429974
6801904,16531914
5763397,12277593
5842193,13335558
14577168,5794588
12838515,16644120
3759635,10500210
5774964,6104713
4567636,4530820
684652,3800479
12268263,2329782
16362839,413866
7885137,16035692
12546352,1383832
9005174,13689372
807822,9996949
6698632,2005800
734251,16266293
16760089,3901276
13609380,4482625
13943414,3955359
7361856,11587740
14375574,11864773
515466,39142
5109607,1632610
7252707,5197292
16139034,10410739
9342621,9419537
2011365,15662438
7360378,6830738
4858232,11327193
716065,3998372
10839217,14764840
9867005,11889016
10244329,4867097
3526895,11076559
4880868,2056002
14251881,4017525
9746840,16170250
12921721,4520923
9973549,16431234
13987688,16245914
3208673,11526745
8886674,7117305
2297265,2872225
5257968,5171657
16761868,12339092
9135698,5259392
2919488,3435629
5660612,8446191
7399896,8827484
10083532,14290243
14294006,10480525
10985901,12969250
1272608,13646069
7100971,16666229
4061839,15073332
11429522,2816871
9832487,5638160
7617900,11873944
2903452,10953173
1555828,16332640
10750618,15427446
1110340,2068760
10658358,14820757
10070783,731674
6465331,6212625
11749584,12808192
2620588,14230867
2825528,14133296
4839881,4558538
13178729,13270176
9368971,57856
1437699,11153468
3179561,9735672
13754156,15941389
11053844,5161117
1527695,7661245
1938203,1338572
15706759,3446599
11580050,16571424
2290391,7442734
7360586,12295546
10513475,2742170
3567144,11482442
12751073,1822982
5159252,15265927
9975499,13746513
2843814,103492
11039573,4118830
14503451,10700657
4499644,14402330
8434513,15872881
8073737,12443767
1040201,13944750
4179756,5989730
7651854,1829319
12294616,3028917
10451691,14833783
14029880,14433790
4828857,5515007
541055,2501279
14952502,13877398
2194454,16184796
6937632,2804378
2534469,7424610
13945379,14349390
9840246,129982
7648217,65491
7255874,3242675
5969058,13683551
3279484,14638029
13453274,14882392
11801495,8987672
1890686,7523658
2912987,1252133
2239268,3806932
15439513,3120145
11426007,1990621
9069192,16148673
16745065,5513405
15390026,6452920
7740554,9085894
3867853,12846132
14936375,14536291
9667842,14993065
13748298,4773073
6618353,7470852
10188260,15644221
1663443,415186
410325,4964246
11373463,10845417
114231,13395934
2986445,6413568
5832734,8315117
14560370,6645191
3111050,12898500
3118983,16676914
2175778,7466481
16790622,10611897
4667030,14917560
6796289,1929499
4884535,3879358
8685948,16238049
5691770,8437377
13200286,788998
14736217,745364
13271020,5485332
12382076,12602474
3330703,15607644
16432413,11333933
391272,11429613
14426276,11152289
15441513,4537463
727498,14905380
3542248,16304769
399962,1191347
14765048,14137296
13080606,4010583
522205,14505419
7890000,11497141
13885875,5039278
14408872,10972166
144292,12919792
8563943,12812777
4820401,1624164
14966714,14806685
11531481,14788283
14226182,6476818
7021645,10144460
4567052,2371231
8956949,16788055
7037811,5436175
5559000,5746598
5879534,2603503
6763665,3687922
16366413,8774770
13011937,4003388
4007505,7716740
14073690,15120467
9981275,14994070
1579281,9958402
12371135,8020727
3537151,8887687
16416709,7401647
4046246,6967543
16447290,2325846
8532845,123466
6078318,4406609
15312511,16593996
13281662,265205
11479025,9261832
1884447,129912
7143971,8192938
6965163,8236384
3374104,6981712
9271115,6604924
10776032,11236116
9448875,1040940
11961493,3960711
4381969,3313824
12217781,7231924
12457817,4427553
10135577,5009472
7886731,1151401
9254285,1605921
10948750,5556153
6115110,6829389
12167182,11818238
1970600,2652230
11993139,6269467
16011675,13329779
2992185,13623252
1476222,16740404
15275819,5267498
762355,11804969
15788219,11798048
1589427,15687804
13229040,15946062
5003202,10007450
16522329,7283945
10862666,11876874
3266545,1897922
2911298,2673825
4559020,15096114
14329839,922093
4869332,8311146
8351702,14727432
16036832,15311426
16510478,4399374
1127523,15838967
1690557,16746411
8988723,12131328
8072878,12379072
13982272,14417409
1624697,8258440
629729,8386011
4560225,6309749
12255870,8744201
3104326,3859252
16517521,2034644
711617,2612530
7642797,11525880
8203713,4105813
6302317,15900177
14731027,13016498
13454611,9427933
5713530,5481895
13110928,12066663
1252259,7894016
11211750,13742999
14231428,8141218
1179841,10795438
15583518,16171655
7074845,1325044
5843063,9873899
15258274,15601147
4164430,13639942
1840912,7551010
4998860,8820966
12625911,3438926
11007654,13882211
1026278,77285
12368979,3036027
9448826,4626927
1044965,12273569
6200277,10958274
2651299,3455219
4677907,396297
6085950,158877
3284229,8533704
9749035,7938537
15268176,11435934
1585647,1931732
13388334,5743417
2872650,15648563
8668007,14315646
1935019,5415701
4337312,6441342
4506252,5844684
12328392,9283963
2122842,11455270
14989273,14267007
8130531,3193270
3444519,11258656
12528686,10511836
8785372,16156451
3985461,8244416
14550357,8545017
646536,544921
11525328,2831151
6635025,12546636
15403466,1915185
3357464,7454252
9041327,10718810
12850080,738699
9441522,8177993
397102,6897045
6811840,10640071
14680459,15966886
10320683,2560763
8083122,16709945
14417817,3457570
1935645,13004032
5070361,288499
5813721,6473670
3258692,7557847
11620670,7983315
7001993,3374556
1373354,16760847
13063682,9604397
13670197,14626413
15345104,11452111
12840987,13045521
3840363,3882936
4733556,7820028
15729118,14429200
2694989,16208992
6024141,10292991
7445560,14783595
12864454,14822173
3501558,11696227
11684579,12041541
4955100,11379968
11084906,9148317
5239353,7809040
7089541,6723329
10425685,9690449
10574633,12943439
13776702,12768270
14551238,16627088
7374332,11663957
13417924,13046931
10231222,660422
2611697,7646349
5471478,11302951
14885883,15493138
14305403,13831852
6098350,12559042
2614209,13127044
14598118,14185183
8158615,5947776
306122,6243230
13852743,10184634
2851344,4600639
15098725,16032369
1938475,16697861
16257075,9125713
7834979,2421325
4902270,7029186
9620424,10490887
1755629,8785561
15185222,10953587
14237273,8545802
4996992,3977786
6367303,2477735
5284054,2327042
2861605,15916387
12271949,8871188
11700963,8413301
948856,12500403
13330929,4113511
10749847,2099097
4284947,7429824
11595236,10574869
8072438,3063638
8174258,2637754
8796850,4829003
15854962,14261007
13164345,8473885
2328346,8515539
3842208,7864191
2648497,14568558
1807183,14402660
12324320,2382598
15655175,16210227
15679918,15256943
10756283,3876584
11682651,970159
11544542,8524989
3717889,4913627
12216857,9084981
8074001,3749657
12325802,1213541
6666486,7874196
14789645,13994315
3737232,5218372
8202234,9084776
3877131,9479722
14201500,4514956
16397709,5099489
11670639,9083765
13283686,12464773
4077019,12371031
16028793,16240355
1084540,1352943
9733564,15111236
3417376,2947618
6457191,9201693
15951868,12899330
1837243,15505610
12253262,5578253
3870634,9238929
9288879,13736825
7595609,10659711
15756703,10229826
13359566,16484314
15263884,9228853
15915782,11008913
5868913,14226629
12522401,5388878
14302295,16745440
15937459,6228153
4172011,1895224
16745091,15716175
9065731,13807044
5756878,2903201
15239295,138654
15126964,9968703
9976163,13395778
139888,14105346
4455328,6944272
12377596,8591799
7805635,8563527
2998929,12539103
2017212,10152150
5825754,6731135
9131871,12761832
4879607,15919833
13898681,5112161
3809348,12820276
1714602,980476
7843955,52903
11170829,5457093
8259136,9087595
5723822,6033853
5737922,8506092
13853232,3471550
10122870,15741769
2303853,1950210
5609098,6371840
15686603,15403204
11693408,1699170
7677463,16394142
12302796,15092952
3723642,1555807
10437471,4521649
3994198,8916842
3004234,207217
2806661,10591883
9185440,1304370
11350681,4913866
23922,6595817
5410541,9250130
13713967,10369440
4310017,11402459
14712245,2413856
14192523,14524783
701126,14747874
12241341,5293208
16312535,8699336
14466336,12753455
5577521,1948154
12770046,2961967
10214684,16402608
12079090,2083425
16467328,10528878
2035060,15609411
6545637,4883291
12069057,7853632
5256984,7092278
15185654,5964064
11923144,10094450
269183,13946344
15929322,499363
1452754,16115116
6593086,10026963
8799164,11733110
2172018,6373720
14351434,8614464
15467460,15394224
9666701,5568881
12074946,13173649
5004416,8917012
9918239,2961655
6093539,8581966
958858,8620537
11819869,11926617
6394860,13710188
3949323,14518839
7087820,6942982
11325157,1646999
5440893,1458227
8879825,99670
10413385,1325082
12527199,14790837
10577064,7233281
12631721,4496961
13415730,123266
370881,6640216
14724169,4017680
16056417,1170671
1319988,9209559
12338731,8232283
5636055,4459833
16214160,170058
12589348,9387769
13018718,4488283
4933404,11111411
11438104,12624543
11626373,2451071
7607253,849742
11827410,11518507
461078,1047122
8992037,302715
15691641,16099937
4236040,9559886
5809553,1138749
15043118,7537849
9076467,7640995
13366858,8065131
16301256,8451821
1228921,7912146
9323209,5428610
424241,2061578
5118204,14720815
13503628,14293010
7588633,11778847
14557257,10739191
5078098,150322
6128531,4940462
930448,5279961
3108180,11070004
14853909,10879935
13742366,16611791
9402496,7663582
14161182,14988323
13944549,5596883
6323055,15654395
1142289,4819242
1757670,1007426
14320254,3976835
4449205,15859994
10432288,8644391
7726497,13319484
11490687,14669015
11683187,7327570
4308492,4062196
13631115,9483236
4021048,2042203
4284700,840349
8368445,12170135
12316790,6342516
1352637,11896477
604968,12496835
14412519,4224290
3709730,6890977
14672608,16491512
983011,12228626
7707412,14006137
13562644,12758361
4222970,9654360
8603334,14084716
5575456,8940417
7694070,7851859
15872862,11258720
759311,6269170
8570234,13260952
6686739,11708742
10997865,12538849
15304145,4818000
14968274,687536
16685840,7634562
11558866,2213779
11065928,6105960
6021837,12198235
3181389,11750623
9508524,11716193
3454520,16244275
6526999,1622599
3358532,4300588
4547990,771132
16009262,2643443
10378892,1573473
13431389,658381
6789884,5874736
2370266,10000029
13670769,11366741
13581738,6638156
4347967,3312215
8214112,11459580
11943154,12077410
1357659,3694974
7500357,10120045
8393687,12759380
16132288,4465081
1720390,8267937
16359666,12512417
15975139,12449779
2730895,7235781
15842268,9357802
4382426,12929128
8215894,5478083
1309394,15160207
11574613,6180728
10272621,2288087
7490579,9787869
13557932,16678500
13768115,494405
9814820,15506462
6569312,430133
6751949,8933157
6324480,3098912
3103183,2546145
11869995,11337042
3076371,329078
13031899,11890319
6465946,14654796
3290310,10597560
581175,16726183
1350343,11202817
11869320,2140727
1484061,8476092
1383354,2409566
6553093,12880749
6551851,5631465
7134965,10956
2879825,12376673
2090839,8093273
8903413,9459704
9258719,16756984
16111326,4767181
6739168,4651926
12851013,16167429
8495437,4521233
11940571,9212685
7292381,674301
11581948,11440078
68569,8047921
4027345,9210816
7763554,7211082
11483846,4071834
16009991,9098114
10986730,4891962
949892,15587166
12030186,14937922
2799419,8714714
15520268,13136079
5542480,10828043
9287827,8481363
4985438,11434609
9534017,1101935
11587219,13866102
2917827,12752447
9767131,13942518
1792830,5357035
12192328,15662231
14867609,1166696
568521,15513017
9988366,16750836
480792,12449330
9997330,14861529
14134746,2283968
3401378,4945847
2411008,11328014
3127056,12363012
92071,11287652
10977395,9335432
13296944,11582891
10055866,5425375
3890392,3831048
2174989,11684650
6590861,15255508
7622146,159553
4989052,10501240
12845217,1269861
15485729,3031063
7498795,14471146
4150710,14790669
13535745,6678092
7017499,1741085
9794916,12506006
8175912,6751225
8027275,6627989
499269,228519
7856374,3287975
13545238,2332152
4774220,16468700
12052271,8722706
11696248,16256558
15812607,8963487
13565005,926509
8468696,8152986
8368048,5163203
10338175,2204945
13534737,13181590
9392452,1520918
10037831,12754077
856863,10509661
8024598,14477264
9857588,15815294
3752072,694872
2800919,10675257
4152662,2381805
302033,16244885
6914535,7809838
4292394,3159519
12821939,15577242
4275615,10722902
7205280,1173520
16790824,15782292
13686311,5822788
16731813,10080171
9866946,11861618
11405758,1647822
6020557,12509439
7517417,8045275
3140049,10904307
16518349,2631860
5587188,14427294
11006814,9052911
16362586,6079622
146422,3407299
2267237,1626355
9507881,9293437
10742542,4261153
5688801,14766481
431232,3423044
7405036,15506358
9167970,9169496
15747439,9489255
12306615,4769109
12908395,2734406
4475937,10266474
605254,3873967
8229348,6074892
12416901,614916
1874194,3360039
13168934,13296842
3264258,10683558
6815660,2303317
4604415,11993374
14186289,14186540
11838252,8815254
9491166,8391563
1206406,10477736
2724856,11876732
11221429,7891596
6327129,13758017
7056766,4798053
2453354,10988781
2943747,16041585
12101911,1905299
2921005,16679565
704685,3569943
16344534,5744501
13048921,5191098
16030206,13971016
15495152,4130029
2688727,10029134
1329649,449248
9360488,16279525
5861054,12425424
745313,16733704
14301819,1681130
16406798,3374330
13771430,6090971
8991831,3957564
9906309,3935851
8662319,7067112
14945570,11371121
3445819,13381403
12911986,14874190
5980904,10637182
14951069,5225233
2247608,3495010
9852242,533829
7985896,3932791
16034282,11051519
6350916,870957
6384827,2085068
16602075,8128961
16348489,8392295
1413584,10208276
15993914,13980167
3816105,14294563
5517155,10077259
10105912,8579168
4018518,10878396
12729397,1732189
12489832,2079513
15129638,15376896
3725042,8790555
14780542,10284821
15207179,14163015
16220099,372288
2590935,14001701
7265469,16463503
1967661,10089742
16555158,13805470
10052964,2846158
11098076,3166757
8389035,14068064
5966305,13662975
15878792,11831172
13595844,3308075
15187301,3589468
4901993,14767159
1441751,939107
968270,1462133
3474617,4346359
3986815,11607918
5254987,528326
13483452,2645205
2936395,10261234
398721,1365853
13901372,16055667
1073259,14343144
5970825,8643056
7118090,3378401
10239631,8889909
795589,5655244
2661621,2477518
6545461,14830910
11033376,7421664
10696454,4214037
3742772,2651909
16085494,10800998
3349699,2643976
2635978,7015592
11785109,16721634
4177797,11006467
8861717,15949406
8060768,7852648
16600701,4424762
8972474,14494394
14592186,8710672
3024754,13391481
4106343,11776754
12682380,10399776
12192995,12395656
10564423,11285689
3509673,11806079
2467178,8244249
10725594,12352802
2582143,15086549
15124766,1886050
11189058,13378046
6137654,11397624
15822580,3388334
12299531,14446729
16006176,8748196
8573784,9103031
2105823,2880569
3258616,1542706
6459049,11816600
9115153,522320
11995290,6505265
9357577,12404891
13927759,2762779
284157,4047477
9044201,4181712
6001426,11392131
13051598,5587714
16255593,6984893
13217162,9316096
8494500,15976780
7389548,4004581
15090663,7507364
9183559,9079284
7221610,16134915
16412596,14038704
3368014,12103397
6143259,2786294
6567620,6907381
3876388,9003847
15382636,11782830
9240483,1763384
4214406,5291855
12662044,228106
2466108,9158784
12604774,10652888
14057293,4352017
16492934,2166372
16365019,685329
15138325,13351386
14703454,1855249
6099068,15608123
9702892,10952795
9800579,7148540
3500102,15462566
14420590,15060807
2473393,13456820
14592983,8852322
2181589,16250110
16322370,9030700
7641293,7276761
15800744,6619966
11511247,15352688
1060361,6333881
685401,9411645
3658241,10376860
14399090,14850643
4718217,8967654
6272179,5749606
4167919,2033745
3331417,16216361
15840998,10995904
10488490,1694202
5397293,11443166
9626104,648184
14342693,4399133
7709541,7045525
3299658,10702171
11822782,4279688
9736613,2359777
6718787,1391623
3035765,4690578
16542093,7021112
8053686,5094051
12471790,7144256
606779,4209528
912965,2647169
9133972,2981751
3329444,10645645
7507641,14796881
5817456,4659423
3913854,154910
14983454,4744320
15896944,4192459
10604682,6028958
14137630,10189339
14592850,9194370
3251303,7949761
2917151,5195333
2972722,7837828
9242450,5286792
716764,15106259
13863461,9897202
12373239,2482948
10760707,5883645
16189414,14273910
9105517,9813186
8190115,9189340
16298314,8891004
2750091,10090199
14216300,14580090
15625362,6080961
16050611,16415368
10271002,9719833
8094515,7007635
13178728,15225317
7668356,8868014
5283064,6080024
7333259,16702730
8785267,292046
10196302,5220805
10295456,1046728
5094923,1939904
3999861,2180630
11276256,88833
10772598,2877044
13274178,1405544
2239460,11802546
15464382,4068889
2535864,2942168
9268185,13998387
4924516,3363847
1213715,16025385
11267270,10077352
3110035,12822006
11878410,12014785
8413249,8209172
8771541,16008504
291136,8468356
1851226,6445781
4330930,2598667
1491616,11797092
16472905,1328138
12275914,4020084
14199924,870871
15598314,3714270
3121348,1725011
11293470,1690818
15999600,14524855
1439520,381478
1968557,7314691
484231,15961701
13314684,9382919
9594507,12768103
3612877,9888665
16275370,9284574
2814396,13160165
16795286,16475006
4327927,9243308
2508807,4267447
16052229,2468120
1422090,5781599
11278596,7008555
11372777,1459133
7353199,1422107
1060281,14649518
13207954,2417509
12687763,3161990
10574251,7508046
5540530,9604984
12092587,8358026
2478340,15495726
4338740,14534346
8391603,3568092
12821611,9500194
3954399,6768893
120805,15121034
7711706,5906908
881461,8695873
14017644,9895217
9667538,11350121
16564248,2758761
12170377,7402388
15205513,12185169
6680295,10563529
7417006,8228670
13653568,3432423
14515669,10146802
9552871,10660908
10132548,3096414
16089436,10068614
13990440,212443
107430,1540159
5001804,11612533
2612558,2667592
5875549,6562198
5059325,8746598
14045759,6101455
7733253,6634163
4079439,5301134
6457131,5523063
702685,16268762
10373013,16606697
1029404,8224626
8432254,15539894
1642381,16320978
10568731,4715685
9461931,3508881
68414,15385068
6787847,3786849
14771786,10116551
7635159,5035055
12241654,8597595
8547007,2054953
12612489,10738917
3577696,9658643
13521977,7659713
10805673,16114467
14745746,11334742
5005927,9954831
1373501,6825361
11857205,13546236
1613392,1645513
15414648,8638978
9928548,3352391
16714271,4777373
4876660,6674456
3495491,5263333
10934468,13273087
2456445,9345147
7831340,8725981
14387323,9389647
10428809,1837522
11141444,16635601
16296867,6971642
11647095,2363798
4907476,13051972
5122190,14149958
6313516,2412525
11386938,11543958
6368569,3740032
11946056,10189410
2233392,4593876
1565020,12198952
2105723,1470380
14250610,1558311
3423675,3619635
2381805,6377754
10796162,9310911
2216326,13572879
2596263,13624630
14740368,7935964
4354884,15722581
16326688,7565195
5518818,14043386
8666223,5460901
11300355,9391832
76681,11610030
12512760,1187543
10639964,4466733
12221816,6307378
10467212,12655240
3085272,4915015
14106884,15678673
4413249,210443
1772102,3440430
15446788,4605073
5809432,7647380
3839230,9126451
10145841,15561803
11846918,11058339
4550167,15965729
2782735,4155724
6691936,10762499
13027698,7469728
14456665,1401730
11491521,1880611
16185932,5080548
16257448,14615147
13440895,2979736
1229294,3437308
9245339,11476164
8375559,12371151
556156,10419879
4788074,14203029
6422584,8530392
11027229,4768355
11143550,4986644
9553264,5270595
14791271,13168740
15790367,14773738
3034323,332428
13820141,12814848
14216975,15660690
5537036,4148035
13101738,3936207
6648554,1522379
10525646,13131687
5855217,7457110
4676678,13675070
15981499,5344203
11908993,4833203
11176633,8421172
3790762,7296331
7602720,287690
8791467,11490300
4488250,13076879
4674200,8364131
8131060,7418522
16606614,1695509
6119890,10335174
8065667,4387677
6157720,6984920
2072818,9528665
12948368,9474057
10914255,4803638
14512336,5667324
12537158,11865963
15118131,5040618
5793867,9209921
1656846,16051651
6212297,8528029
8358329,6869152
9668418,6508920
12765674,1126263
6616802,6009192
14054939,2162609
8779720,3358872
11640995,8545555
16379322,12194149
13793275,12002798
6180495,13239018
2859962,7176410
13239775,6647924
12239752,2634675
146910,8641940
7860804,10279865
10004417,11134640
10994766,9416482
3128643,6725401
13801309,16649401
15439407,2678166
12544600,15558441
7525259,10662737
6912669,9243905
6955603,1584737
12509356,3023435
12372055,4578917
10603955,4663458
4650253,7661928
16717408,222702
2172323,1310294
15646292,3056186
9986014,14890419
12254713,15670932
607044,16082972
1634441,9588687
3759731,7585437
1026371,14906595
8293871,6737972
15199413,10626917
13095130,4236388
5655074,15812557
15322560,10549154
10638312,7694504
15494880,4591632
15055017,5243208
6534502,15278735
15151140,2378838
10075878,1907222
16257221,5359933
7907541,5661620
5615607,2965647
4210604,6572577
5680590,6640652
8491452,12476796
3113429,13508768
10043800,14890734
1539038,7013486
1859177,3511323
2307557,6463552
6387147,12750014
15534611,7261635
4889722,7653915
13610905,2423459
3353406,9176092
16436000,6817003
3055457,6831974
16388387,1172293
18814,3042272
15856647,14633775
15148518,3684857
8967047,2765640
1188130,13353911
9743203,8520757
12380810,12960083
14983006,4921134
14589961,8012682
7101623,4115354
9877399,6636921
11834593,512677
14491534,12199442
11722292,5025403
11048816,4637375
3000274,9818912
4478258,2252509
14771481,5920391
11877427,1839840
3302388,12929155
8697323,5118650
351059,12228070
12322727,6814008
5759831,6673399
11748308,10872359
4908510,2350897
13205886,14908522
8622028,15353423
3928085,7546956
5810406,2373763
3449558,192467
15064008,9359894
8806166,7526801
10477756,7667133
3716476,16729844
15265290,14627503
3692645,13219174
11075436,10644314
9719160,3047271
4764686,14711457
5976035,10613114
715989,13411677
13220963,9876920
4912000,3337119
16194793,1990451
16479220,16121038
3948993,13648958
1162534,15294935
8286797,11069944
6010114,7884826
3587913,9619851
3633279,9277620
16596134,5228157
658553,9445989
7646161,1266912
12213915,2456353
851175,7070200
16336863,9075848
9012211,223590
4843513,16131635
3306264,607950
16294127,12289988
1139702,10350287
16636508,1880375
14412772,5929262
5311402,9599766
9701616,12487448
3815508,12937959
8651091,12070190
10409696,13648887
5919108,10424823
14206270,15865396
11033099,7040087
13369321,1159632
13155546,13864599
30212,3563222
372342,14404099
12280701,12356601
8912761,14988452
3883620,12184105
14778761,3223511
11885074,6963830
16284662,16110869
1048470,14745548
3024838,1465344
15660565,1156674
12127833,15359515
10260654,13386121
14561697,12290336
9350575,16789811
776080,7470751
11577701,860779
4773001,14277603
1043286,11210818
12781696,970569
15728878,6528773
7895419,11657425
1065843,11405236
2842861,15200619
15676545,14758412
9447784,15073803
14980575,16524525
8191479,3820931
7494718,16007347
10452988,8128490
2253488,15362780
16342540,337618
2828032,9395265
5164693,7421591
7010643,10884324
15265928,8106580
13559415,1768064
8650565,3434479
16365345,2172103
1974422,12985285
13126689,4642133
534709,12238768
11125960,916097
711496,9040229
10080910,10658618
13113269,9055627
6324444,9209194
3762591,249506
1459459,5019851
11452092,13344509
2216224,7474945
2738224,3930685
6441245,8563432
13783762,3654486
12430207,3888660
3992802,1626388
6504684,593784
8554188,3023939
5806061,11196995
6357727,14918787
16525612,15835735
141206,2152354
9294581,423496
16346542,4090154
11523608,9958628
8200557,3671701
10451789,7402121
2806797,11156894
1245053,13049349
8289231,11439221
8279815,13827063
7023950,9931642
3776417,15969535
13649443,426699
14600986,14485501
9897626,2562721
11253263,16443103
9527677,15706154
8320529,5825146
15671656,9409332
9873274,12299427
3148878,11516308
1647720,12446669
12185162,9054367
15559133,7157184
2126095,14651099
5869099,13788429
15972137,5633663
15321929,3859689
3009120,16591482
13062045,2665822
15342235,2185356
1822471,9196552
16458610,6333214
5375753,6404859
7125169,6782031
4274613,11090263
2768318,2195314
2592198,9218947
10679760,2365074
10396348,6426150
5303097,4877067
11387221,13825660
6693092,12177986
2288601,5729921
15325855,2041929
519937,818693
3591275,11885484
693702,11416160
8996155,10038807
5806200,12894964
11012712,11008885
2439472,2361457
3594460,2753277
6135548,11400655
15964438,1769907
4041911,12569346
2751837,15812923
9849343,12387626
8126075,2711770
8506370,9353126
5527848,1401981
14976779,4869927
16425275,13341557
993314,16246707
4774254,6947875
14627490,5120887
1261346,11940256
9228540,5695537
7663379,9704770
14584974,10507794
13878028,3456802
2255698,6224523
5317298,3557878
2351275,10457649
15168332,10714561
13896752,14935048
9432342,7371725
11633999,4630620
14642845,3078292
9309382,1642148
15180759,9703648
6472385,6823050
1563295,181855
16729672,7377805
3105686,1689265
3211431,11000226
12859256,12801512
15999540,6057408
14204031,645295
14770267,2834712
2837409,5190861
4391983,8088765
8088709,11473884
167654,9217574
6811910,13429049
3443765,14178780
11913821,10889924
13855614,8476953
11210759,5021316
14767279,12217832
11150014,11943781
10985819,7198624
15241195,6960176
9052064,3329475
1045864,10295399
9250876,13670662
4118808,9705937
9792419,2940030
4448928,9433894
2495115,6844261
1319768,12468195
16462011,7406964
7084779,3442601
11743941,2781948
11102609,2464345
4487056,3568313
14123806,14850407
16567459,12533127
15455663,865276
9084204,11047853
3285064,1215726
1276251,14751899
1393767,3950373
3126151,1885473
15600546,14481286
10562708,12861846
8449309,5184381
765681,7316162
5791506,13675559
2839701,7872687
14745570,1137136
5534928,11474779
15847944,9943586
14241058,6824661
12995530,16726586
1913991,13813805
15664843,3812401
10346654,5111736
16040216,16678417
2282706,11657247
13153502,5588724
9635308,3623575
4983926,6769611
8653504,4285377
9697438,15400431
13576520,13042603
8194666,2127622
11810320,973231
15393216,7889698
108270,13393959
9540017,7026106
13503979,15107426
7454843,1786372
3472627,4278909
13205908,15718356
15469433,12510299
8255547,13760747
14607233,3134194
15311789,9107477
9912352,7364164
9326451,6719120
3705525,13123579
12038161,13231839
1194498,9672644
12489676,6234302
5927764,4470680
16573604,9834863
556045,8360540
13134202,7855547
5950844,12056662
476207,8935389
15690072,3608550
7154541,4502062
12047402,4352369
9415360,5192500
2776141,3528392
7156937,9509756
10188890,5853719
5572322,6405966
4987183,13371348
1333108,15149214
1674275,7022664
7997275,23098
2921453,376891
13379151,16111945
13581764,4879847
5717117,12023298
12341333,4400678
2447708,11725189
15433764,4538057
956462,11589335
10690505,13837811
13887420,8914536
8883841,14834701
2437519,1725467
3920098,4099568
14735250,1627092
2773829,3353280
15700064,4911262
10245999,2355646
11111157,12905439
8051385,9271584
11598194,13933495
3717794,1040802
6188327,11837389
308727,14275094
7223062,4988030
11407453,49655
13800489,7842576
6671946,484846
11136184,7197550
8349154,7366133
5015932,14557033
12015751,10346716
16680342,4481703
5468749,8763451
2955867,9954651
14208979,7148984
10546728,10627780
13558718,2642059
11218363,1533525
2952899,748207
2381836,10192898
6043904,8528251
12036889,10061253
1615340,9713492
10762673,7041225
11985866,2676115
15791271,12789727
8591487,9116513
6379354,15277256
8928821,8597892
8336501,7574966
5795332,3049421
10701551,4168099
16744524,4903157
1909961,16200870
14015506,14532615
16400889,11249120
7100597,11491874
1763807,6596726
10885449,7035627
6774517,7788637
5391452,3275966
7648465,5134323
4496486,3300262
10552387,2152498
1834549,3734201
1501654,9749535
12960035,4654417
14066260,14088413
13701296,16745170
8893081,6123607
14864726,4404804
12187386,1647287
10897689,1036002
3045758,15224514
12519915,8683779
874412,3830757
12221589,1813735
11625818,11419965
11313821,13362310
544498,2435027
9627948,4811994
7673782,9225184
10962037,254209
8539819,12140248
2877066,6094689
4869751,11415304
6228707,9411961
9225272,4682838
11227197,14105392
94305,16357916
5293948,11402509
4384779,13853824
4267260,1870116
4509284,14115983
9370947,6190684
754683,5348103
11407722,14945063
2273246,4284563
6631053,2516871
2244263,11877162
12100582,5918583
3785280,521372
9248002,14111638
3781527,1833685
14062643,8070899
10328688,14232627
10382513,10284180
16003276,16503595
11357916,5246207
14456612,7038357
16705465,13579310
10976375,15364614
5631950,12885366
3918142,11728872
6460913,1973227
13937407,10094298
13613062,16267196
8235192,9198939
7456251,4252004
5976219,1330857
5041048,7492073
4130905,3843628
3881117,7235969
3379455,10918035
4196999,13948177
5638839,11069206
13371493,2991791
7737065,14128473
6168738,829238
4588553,6143211
8923619,15972716
7240407,333876
2276348,2133708
4292929,626598
10082068,2780016
2946396,14985312
6495703,4485147
1272219,2803626
13809429,8282486
6890433,16047488
16790953,6582779
9123030,5571609
16427959,13222570
13044000,5567182
16794490,6453526
13937989,7962515
7555065,8873060
1588870,12510312
15222327,2939305
6710722,8146011
15456625,12447607
5070968,10695157
16001111,11937499
13354164,8236780
10420411,7766418
14953598,10273994
7656168,3776485
3964890,5694231
13818884,4929482
796441,13688977
15840974,8583453
129452,4044780
4296590,15775784
6662228,13222633
8217921,915729
761691,7562895
9147306,249691
3231032,2694230
10125673,6656435
1030842,15241995
6858207,3683628
15799273,1553342
10052883,9934872
3126869,15273701
14045689,7365080
8777412,3227935
4674978,4739291
15063148,8252586
11003562,5220936
1559865,560961
6858853,5517002
14925173,8544432
14472880,1897855
11571937,6641137
5470588,9256812
15647487,9811977
9496167,4898608
7075515,247663
15302139,3556175
8300088,175782
8496223,1453515
16200325,10070109
13077440,14272610
11524199,11032647
8850798,8276425
10875330,3790659
1007323,7388998
11962835,7675258
8428596,15581940
4506219,4863625
2875684,6224197
16558260,11930737
2850396,2464171
15830379,25666
9824495,5875844
2214658,9267691
11759555,14108968
9720249,7130671
7737056,8022997
13331237,7654441
13649475,2593651
8088939,4973205
13706043,8236744
21868,5509064
10323039,5726202
8580600,10421723
6745529,14306646
13770960,10418241
5470964,2002674
3471372,10139500
12716815,9309858
10280015,8316746
11481582,6514825
13418156,15809595
15670176,7331451
16245320,4651721
5882538,14974835
2646632,12026210
6085614,1251583
8386353,188089
13552717,12675775
2383182,9869323
15888306,14537543
10647102,8925827
9250854,11044277
7102518,3451723
714109,9648882
11600449,4398349
579925,15990326
4352362,14203183
13095780,7911963
11590251,4409090
3146754,15910631
1617504,10845564
6729205,13252233
2293649,3021771
8432711,2476894
14384158,748802
16570454,12727190
5627119,16510325
15140787,16538382
1744719,12345167
11721622,9625469
5490355,2003059
8884996,11532066
15713270,5175884
8388182,2999748
7159695,14764945
10606174,1831293
1129625,7005710
13101448,11642354
12385110,6573360
2746815,16191915
13561374,14120640
5934980,691221
9494866,14556309
2949647,15611584
15892341,4622893
10346297,4430328
11002332,3766593
15007960,3688087
12741474,8088605
7651648,7660972
11788126,11244304
2458847,9961086
9582467,14350951
7272840,16243643
2497502,8952627
13482585,2523655
157171,9369157
13039011,13374637
15337326,1567946
9004025,13192370
5364669,2535048
11048312,10068569
1715784,6912552
3745666,9452293
4042664,14204498
11252766,14689300
2636709,16602314
2477499,12390388
16604306,10210614
10701116,8612858
15145020,522137
11310383,4192885
13232605,11096593
11872951,5122268
9816827,1220221
14674337,16624006
9898761,4948898
8283604,16154516
15365552,5542751
12119489,3569176
2328390,15729445
9466483,12426398
15471835,2931528
4588862,7218516
13599450,6625816
7064030,11219660
16731195,8760632
2355022,7046960
15894959,5488135
8796347,9206700
6072242,8488795
1546963,14822690
3769449,15650345
2962639,16633095
13167026,9964717
14098173,592271
4019905,12547912
11076108,15796760
3570128,11056213
10576087,15552419
9576711,14713462
8743334,1836276
528165,7420599
10217302,3173715
8508088,6500210
11694193,5968820
71067,12188789
11083531,16008519
12190718,2710722
1752462,10743520
4591160,7701110
9639085,7001157
303569,9515833
8185083,16010424
6709672,370879
6692798,11944408
7045751,8562005
12235264,6085543
7935881,11602786
12506559,9915684
3242288,1091122
14691917,14882582
793542,4151996
306238,11131299
5636410,13489686
11984523,13771751
13123257,15667351
1693545,985257
10323019,14990702
7868129,15741004
12215701,16544536
1827503,7154640
1034781,6788295
8729040,9388579
3174292,9697040
9831978,10489979
1445441,10737840
4665238,4045415
9016893,9422615
4403182,7841064
16511459,6109018
2367212,912957
9452902,2517896
11311524,8023619
11644317,690144
13676501,11045785
9035922,12992552
1149651,5764177
4765190,10905802
4238867,1565035
15886535,9712435
15101123,13226386
1414380,9181630
4007087,8076843
6283332,16078135
310175,15965572
12967696,11986442
2721427,14679176
6421660,4486473
3266742,11485766
15831761,8761729
7346496,9067360
4374754,6512341
658685,9534860
14598149,8787778
8572755,13103336
16327356,11683052
1161571,9005496
3021339,13514265
2512448,3143806
7084909,3060582
9738324,14754069
231669,10320409
2873656,9889394
4319248,4771578
5307244,2903745
2421327,15071068
15289734,3837575
11469557,5785796
16616102,5965248
11056337,5263839
8650821,11213049
15477813,13918417
1025055,2004619
9747509,10072858
2904432,2350320
5769181,1821343
1777362,5829917
14142424,15871090
13694602,2559777
14059676,14258464
5041163,8767141
1029042,9421785
15873017,8419465
2375238,13529277
14631649,9191066
10847092,13911506
4545042,3360832
1034381,8551774
8533371,13648953
9552730,1205242
14487218,1621869
2825680,12381661
11453736,11899771
2495045,4057212
2385599,16153634
11800446,6302654
9087301,13013936
24959,4823410
16698924,12082454
14819867,6242020
10745709,2358718
1874290,6303638
6053405,12427304
7346316,10226304
8304459,13494975
11668525,1771364
12293345,12701398
5697037,4041836
13453886,4282436
8831596,1202899
12336195,3014394
10788148,14849776
3901221,3674992
1560752,10471711
6392538,14737123
4279679,10934325
10599026,11972746
3558554,11596356
7096162,15259724
2216121,2139397
1112311,372204
6249694,10648069
2393215,15326899
2006761,10412964
13052125,11326681
10825503,1492795
9181033,7966304
9019489,11970041
13145919,12676323
80623,2875162
8569258,14462326
8792146,5140186
133386,14448263
12504334,3766081
1448989,16033689
2022653,1059800
8500871,14418076
12949408,1716007
3032079,3585809
12295058,3874389
4102850,303029
14371633,1350576
883512,11231526
6237761,5617585
9932499,1045430
7242886,1442041
15001114,11367050
5859650,1466834
5099860,9590697
4853409,15490445
8365323,16273768
8533522,5661039
16398117,9736083
8775025,15998416
7546803,12651611
7671924,8146052
9802776,16779040
5830051,13039398
3839717,2585969
11144604,448749
16795324,13667319
5363751,8465259
5501170,12842480
2348183,15903912
1906924,8631551
16434896,14228152
11761155,8536101
1362514,7523588
8732234,5780713
9826307,8787353
4270665,2880410
11271250,5548051
11433149,4579612
14869684,8236875
5730182,3600508
4477116,4887502
12880473,12746697
11187983,5574187
72673,14785632
1330629,4465125
13239285,9316392
7833419,11066668
1858929,8894231
8541498,228087
7174077,13749232
12934268,15433452
1730600,13790230
6087996,5249217
11827787,2943508
2987464,16057313
12881639,11365758
956369,3523147
3485306,5350633
14291312,4891186
12930780,3790058
14622180,6612095
8086915,3763852
5511079,8417084
8569993,13817614
9499430,4968588
10860384,5379361
3537345,14149860
1206884,15838403
141340,16408772
1539536,8020487
8694319,9092588
11456091,14412724
9287710,4092239
2455913,2144961
9895610,11240619
11239439,4027400
88798,16088836
11577791,10982670
11675148,6010685
5716793,8684763
2047460,13380636
5664023,10499522
1713899,4678617
6578085,10370998
16629943,4663417
16782099,6006593
16698645,8558355
12118818,1427752
13532542,7207627
4500246,3735980
11932587,10673277
1517977,15820850
16137240,5723828
8827619,13675846
7332029,13226248
5500074,11228142
4165538,4584073
1805135,4958567
2348297,12120600
4250712,5015053
7869571,10723365
10915519,8273905
12426046,16748938
14498909,16020539
902726,1844501
15349649,16326663
5484266,10362017
1276263,13793275
7718739,14072639
6357343,919826
4425065,4461975
422240,10518434
3702004,14205349
3872365,4154010
3103305,9572612
3971826,6565356
1787394,9401399
2565802,12078712
4792886,14245567
15629663,14631321
6935306,15064993
7140116,8736064
16530416,13027661
842163,3695405
4182070,7645197
13006867,13063498
183259,4084357
7090294,2340980
3977272,6947878
16776598,493559
10541691,8275835
4782333,393345
1333259,9308067
14590815,4266841
3513746,5370961
3534493,16354586
10249906,16622189
12773914,15860701
3982432,11982466
552742,4407947
14856270,764303
15900860,8380441
9260173,10734866
3495763,4049448
11591464,16071423
12483629,11715910
3307587,5987871
16142505,373092
10168388,7979817
13999233,2956596
15827897,5335707
5250345,4663381
16013512,851829
5087373,10876212
6777718,1409182
10305673,15575672
4113678,9787488
16692265,10319576
5429015,10694523
4825263,12396329
4511668,3428158
14975591,11938130
8997139,6614413
14387360,2884628
5823136,6361665
1893224,16564858
15890544,661647
8936851,10509504
2023364,12451517
8846168,9531856
445681,9374404
7971158,16054927
8592976,9803778
14567203,4041934
10798268,6810502
16530833,16038408
4273334,13784419
6014406,15309436
12188450,7412969
12153012,9063319
11190008,14093898
14830141,13869869
11304780,11673550
13244801,10048726
11437719,2595213
14884102,1207959
3898037,15367443
13830222,9460456
12432427,15652518
5411574,5002345
15087078,15577213
5949013,624144
969850,15190766
15930382,3286256
16627200,12344137
3554423,736719
2743721,10742502
1309160,2143445
3096930,7033119
11825457,12798590
10201705,14684322
5291429,3108156
1227770,8194334
7396946,11292499
10514503,12610616
2717840,13685321
5559683,4676792
1484511,830645
6832614,3205161
8087012,9558529
12556692,10912236
349442,7511266
4789876,7724860
7961101,8688809
4172781,11934849
3278242,15943331
16131447,9385046
12216981,2200452
5279538,11979582
14042908,12605417
12761516,7891235
826972,3529352
6897930,11030951
8859247,3312242
9838877,12165689
5176949,14012968
12112003,14098455
13581143,7381942
14476441,1979833
13840995,354067
10373477,337953
3662113,8520500
919402,14411401
10787379,6367746
14246924,8348693
15502916,6864723
9111286,6106563
3841237,13812496
8737498,8481632
3974115,6896710
10803239,2427053
1634546,11101495
14652512,10547011
5562548,16795816
15552598,10677564
2903221,8025777
12235074,13667558
10186011,15593182
1218350,12423610
6858304,1156265
5601375,4228906
11010535,9005515
190910,15067010
8301153,12387763
10339577,5359693
10713230,12110866
6709972,7546904
14312360,11187118
3959293,14977935
3615587,8430057
14265278,13718486
3670605,10522105
9561833,16756817
2292404,8959053
2278196,14332192
16405886,4655958
3824502,4041005
13743937,1402417
1832604,14911653
11805290,15023810
9280982,11568809
10277634,7099451
1086471,8368131
14476711,15728507
7501732,6336165
9453185,8674777
5164086,10090651
13636359,1503969
571891,16710422
1348852,9035346
7176399,16493419
6757661,2882420
13480723,5900000
7917386,1127346
15841174,3281465
4506067,6105519
5451663,1943265
352681,11006293
3383748,7141225
8359414,15143573
13100144,13166867
5605972,5612547
15283238,15814959
7271964,9782337
14078800,16076937
1939918,10894324
4283707,15553722
856578,8426025
10886837,3863748
2876190,15501480
1148395,11116985
1665207,14451468
10190867,11539878
9582627,7511373
7147202,16154392
15711077,4432549
5465040,15279944
14620837,15110202
14594269,12656329
8617976,6486526
7256426,4975996
7876200,2462128
15824635,4544160
1670268,1435549
1501640,6071575
775880,10496848
1824115,9325125
5620203,1570248
664931,9702587
1759265,13145148
7071357,3611214
9487771,14389346
7965611,4300979
12335617,14043310
12265938,7850205
610781,3830408
8442439,11301160
7332002,12737793
6516426,6013716
6548242,9403087
6879311,12270591
9185370,13919998
7456253,6495423
2581509,6071030
16060536,3157111
15130741,6908720
9680665,4835180
13670689,5659233
6342685,11300978
6400515,11374432
16448578,530228
15416811,12456619
13041022,14175526
16378547,11302818
4356365,3912196
12027625,5406621
4878019,7527046
13178629,14856957
2749515,9860010
9941014,5234146
16060433,4168070
11599835,10164096
403246,9620584
5648974,15543592
12925224,6087039
2387270,6259622
7013494,1596704
13898808,8871113
688383,11880681
16015843,3739603
9002780,1043782
11162948,1176966
15471389,8159297
3684034,16471073
10387199,7639061
15238325,13350074
8790725,12106929
760051,3193280
11444341,447057
14177884,1791530
15500717,9349406
14168856,15442416
16126541,6803856
5949303,9521271
3565406,14711682
9826303,844255
5837536,8135078
9894162,9399589
6196364,826568
14060442,14651825
10880168,13939375
11604617,16621712
2088657,16714002
12977047,16364820
3437985,11916513
8841517,8856589
13988491,13052439
6488453,546904
11548053,12421745
7512349,16329724
6303433,5102909
899556,10832782
10529666,5630166
1429563,1323697
5838651,7550366
14772517,2904239
11593881,12791060
9747464,5380721
2203948,8535432
14360354,1996462
8424825,3161939
859397,433314
554857,3792435
7865315,10148503
11838644,7605374
8083826,8341224
2633389,224706
4111174,11221849
5788609,910471
1175216,11246149
4959609,3837028
14950206,7926908
15398609,3725182
1791884,3583397
14031920,10054234
5277519,10468361
3311774,9688884
9082898,4976853
10789475,530034
16302031,391010
1582247,15235616
9957649,14698729
7910940,9676494
2888762,4366032
5817863,11728635
10293744,14571890
10522904,10591875
1063776,16407057
3870762,1269208
28185,13556812
12730069,12423865
66065,7532473
16633765,9207034
11398718,6615188
3233031,11311
718892,4222720
12629467,4465326
14729330,15013871
10765538,15726827
725562,5886983
3958653,2294664
15080349,6374388
11450947,4653396
7059077,16704557
2466605,3789204
7294411,7445580
7362641,10081957
14458308,3228326
12033672,12001453
7779862,10986964
8204446,13397976
15439977,11749068
12263542,2408634
776231,7659114
6685259,9688626
15671300,13059802
16770994,992767
547168,7941849
6511865,3873859
14108501,7149358
15755140,3854866
3649135,12924306
10353744,8246880
15371214,11824431
10343234,3653458
7256358,16418361
10180698,2765092
3389946,8883899
92978,1745069
16050917,8578927
14232090,12187558
793822,10773916
4418652,8905162
7866246,1739891
2740083,6022285
10230519,16213314
150701,1600900
14902416,5079103
5674088,12284588
1254745,5765765
4094324,16085939
16210325,5360176
4248708,16417582
1838041,6675377
10921398,3572271
11791074,11249982
4469947,13971578
3672919,12512490
5554029,3569945
5072834,7467307
12912424,8562414
4708039,8443152
16534546,2888619
8653309,15947923
7719724,16187452
11706198,1942174
4815460,9311773
15140050,7925083
10675973,6037823
446848,6692871
101137,12941239
9441007,10650681
6382670,2126189
1549362,898152
6877430,13875609
15375603,14406027
14690658,10827577
11031318,12851910
9634636,2854604
14822745,6997320
9969607,1691888
12898502,14195969
10076203,108138
2193889,8812691
1334932,3321211
16489329,3286089
10340980,4004395
10407332,15900828
15382069,14982646
4641496,327405
12204337,6530540
6688219,8263103
3363216,9406185
5173410,4933946
5905526,11999450
16414881,7315979
4388860,10587491
2234654,2167743
12532409,13898622
8023604,8244490
16329111,2820432
11195096,3069272
8380554,7417028
7661995,2039015
4520911,2537956
5816289,6653074
4823149,763837
6237313,3925520
11879792,6922218
13304029,3932359
4107765,14251074
11515202,7189650
2823238,11278393
6534167,11643553
7015943,6032288
7785845,16564443
13654592,15508930
5060959,3172454
5300620,13082909
1778237,2172354
9616754,5456283
13098138,3732848
7764603,16273225
611271,4696080
4898064,1235568
7680681,13503017
1323867,3985738
4103962,10563297
3426735,10070604
3651641,7134960
801279,7870906
15137029,1287146
8305998,535964
8365313,8422948
4372827,9216316
5696399,4958107
12056954,5283771
3821513,15502767
11819497,193928
8552957,8863473
15385570,16384773
8814900,316967
325017,16698748
10151703,14320187
9126744,6877060
5787396,8814311
7422989,8828982
14069088,9711526
8960903,14045588
14677195,16303997
9205499,15081767
11938070,15488836
6669475,15514597
7403479,15770432
1649934,7848484
11046414,8293997
15895365,1832556
9896683,609268
14346902,8859963
5301096,1277297
6294515,15695034
12021864,13462758
10689546,2237335
6664289,13354181
6629920,5638657
8364884,14704264
1499440,3577856
2155262,8309945
10973004,16036484
10650760,15213764
8136022,2147784
9074427,8637009
10637075,11151519
138694,12920706
7124897,3310794
10349692,6156974
2675884,4350988
13375329,2687258
3055240,15358744
14894856,11662052
1318371,10246361
4716973,13352
13880495,2845384
15467012,13330887
9737235,12679534
9027240,4644755
14731690,16021573
15316709,6871253
12005450,9472936
3122572,5623061
13439172,15515462
6947481,6131617
4866075,14511131
8571725,10867349
11003923,15715218
3569397,14784971
14724153,1396298
2444311,4444635
10082612,13590209
14185098,3403472
6878056,4377196
593326,1990310
3347581,13548345
4474644,12691675
5028446,2115099
9850007,6383378
12682679,8553371
9600877,11429937
892176,7936024
4268297,1922337
12665204,2483284
13311353,5360280
16270033,15509212
16320564,2468336
10892582,950764
3129533,12171356
1161069,11465209
5759059,8632333
16214318,2188096
5032801,10980452
9046205,16649750
11126206,1524480
14013719,11599701
2328964,7224684
5057335,11427646
2287175,4344396
9449605,12295343
16149506,9698559
16280546,14934923
8713839,13581562
15762541,16385459
12962576,10598497
12544357,9791957
12197907,4726423
9247200,206203
11904857,8478723
12870122,1098589
524629,7334628
1449985,14706259
11607546,740172
4720127,10828637
9119942,6126704
2262093,2831737
12539572,7973224
2707824,616509
15947020,27146
4327807,9940632
15943507,10664265
652511,3070937
13515202,3393075
8572960,4550924
4962064,12806671
16477045,9451075
16294740,9350114
4088064,5158223
12822992,13574377
4610647,827443
4490216,12424633
2339090,6219468
1675793,8226979
4700020,16569853
15699479,1671076
7167718,2469163
8434593,5217788
5195980,15960815
7756659,5920819
1931224,10379183
15775422,11776925
2060913,5638163
909671,15140611
10006687,12274613
6271834,4462772
11869208,18362
4941420,15579293
5934047,15164383
9542685,4337451
60832,6299306
15897762,7104194
1855365,13824802
1069927,8135982
6709619,4350328
3474409,9593122
674679,12452663
12917386,15595497
2990343,3572734
15133215,4185003
14574905,13159628
10190465,9258347
7752636,4547092
5093686,8336547
12412577,4878256
14673685,10674778
7054923,16316323
8411514,15436620
16255571,9314521
712307,6944065
14429376,5833902
6059313,1828800
13868815,3684313
4061763,14030542
13101781,3509610
8864685,4670949
14589926,5777476
1300941,16107256
12534800,3826114
1219632,14349227
13458765,16456136
16638722,377608
9075350,3925185
15197599,6860494
11416576,3183543
3007477,10974895
1321372,7923798
8448839,7718977
2222637,5996622
2697869,3566502
9943164,7365049
9160830,4251019
2882865,527338
15118952,8769367
642093,9513115
5284894,5270078
12997650,16662303
10808227,9088057
13655514,1838999
15736100,14866740
950745,14822638
1225237,12478145
7874256,16590916
9685648,2794300
5175099,1877326
2934544,12665191
2969784,9478086
16742802,9798748
16447669,1775320
4738357,10754994
10841585,13530447
14294169,9864695
1644080,8530795
7059489,5109768
6148012,11845172
9978095,3201052
13841182,1723525
1146609,2109267
5927444,16108721
16048430,971195
9559888,205338
1244340,13876327
3388106,7290743
4647921,7353604
10603870,12253937
16081768,11198960
8713703,9195474
7596455,3396126
3072435,14345797
10701588,2165562
7768753,15615800
10312028,10308206
14580631,5475988
11784183,5286862
8394120,13951451
15761507,15586804
16640179,11760090
13808078,16733311
16075855,12806580
4186571,5515845
14902637,5308607
478295,8779464
11457083,2833516
2649641,220198
1512780,15485299
1221774,1443693
12286497,382535
7841267,7515642
16174564,8934263
5993299,1865657
6308277,15045950
8459042,6501165
11513416,5280800
15068311,13000829
11467891,14762124
1202245,14293094
10309568,8982050
16576644,5961074
5662048,140669
1313780,14917831
14485919,277981
9863341,12327760
9341064,7579435
4427202,11507700
9502476,14304549
13480537,10587137
6033075,10611671
10376940,6464211
10115095,16367937
4152638,7342661
9481533,2231699
9108963,4138834
7587652,7705330
5465863,5591897
7507919,738986
9840806,12394719
12781633,12987568
9447792,700723
937308,13580391
12977863,2327012
16175924,4683205
6259035,6216660
5644110,3744179
14860401,12209548
13832994,13986288
13495714,8697446
12327674,1076046
8267762,128466
15408921,11316433
15061645,14635293
12260158,13564331
14922969,15187180
15390625,15818504
4338866,4468789
5392943,10953198
15184020,4641990
15464266,12344220
13050996,16592998
1329782,12783668
13046180,538734
6437567,13970232
16578814,13905648
2902230,4168332
16202228,11723603
2334535,15172801
2977426,12242935
7422845,3775816
1222477,2259601
10621839,9940402
12934856,15142888
5979908,6637128
6023624,15554126
14339307,5075490
13399886,12397499
7694882,14072579
14632505,16429102
15384153,13092083
12209479,6310122
5447318,9861330
13184697,390536
16238985,6342988
14218697,9492633
1724250,8956529
12926801,7224689
135251,11318541
12270409,1765915
7121852,4432717
13603453,2190534
11965392,7507501
12390932,3076628
12100583,13015199
10597219,7199760
9468328,1408247
6912672,14411852
16613274,9409012
8236640,10664285
12604931,16696223
11702318,3104025
16526059,13895786
14837933,7571345
12857141,8711579
4405724,14662931
6778116,16736821
1025782,9614430
12809228,8711461
7927844,12653665
7049286,14088805
9850595,9861030
14916899,9351854
6682258,13153495
285988,6454428
6181422,4847766
11706141,15980603
14551139,9496224
4180308,1875005
8332959,14636376
4797073,11040990
3374952,16450460
9948603,5395880
9131960,1977670
6159066,12209160
4916011,2145433
5411434,10854349
4895517,1493374
3775350,1186830
8769250,9509522
14577153,13392803
15859100,6234684
11879798,5231949
7992306,5449264
15953607,308060
15368779,16578597
5172189,13090824
6022727,13846390
11128668,5437410
12388776,1688370
15424481,4684005
6385419,1418890
1342219,2803269
14599110,1448358
1296364,6187835
2735974,4955256
12028112,14026969
15254377,5499632
6889130,15041621
48044,11091280
6385304,15781289
7661161,4548973
2693870,2340738
4201540,15851945
15353018,11321192
5803804,9391450
1527985,5346846
15434389,1225949
37342,10818144
5816592,279021
7000041,8259530
6194851,7028199
7963890,13368188
15360299,8764818
2933805,8996493
14347622,13139149
14498626,647085
12935525,12478295
5441073,8044180
9692682,6700823
2953210,13894457
7686590,7948368
9403311,5239324
2558306,15548602
7386512,2263009
6069919,10475094
7772276,951291
1522041,11696734
2003441,8536856
2659612,9565006
7128749,10454696
2602585,5649556
3804506,15125116
9240801,2350180
10694870,11782582
10619958,7077457
3134404,14854138
16678590,15103620
15578427,665268
15678033,9265947
12108404,4209638
11354233,8888791
4885022,4227
1148936,15418157
15072837,10264731
15588368,1885437
14865710,14174855
14652988,5186333
3816695,1972460
14841993,14676243
1426455,4697135
10037787,7084327
2643521,8895692
12489504,7274653
14921719,1042718
8544134,11701850
11803366,5281992
14222308,8383149
1829740,14212134
3122860,11512335
12934720,10866439
2925029,14712975
4130787,10824024
1626772,4871577
7319753,7257456
5640789,12082916
12134849,15948563
9463609,926343
16161773,16327230
11471884,10440279
6106298,8937586
4922875,4762292
7882374,878892
15409754,16401143
15908562,15608734
1703080,2992415
7239448,4621444
1289467,9705466
11596447,4949816
16463549,7625094
9522880,14114443
15323796,2635378
4804929,9306241
7782573,4031981
3941088,11058763
6983152,1849887
4012834,13294027
3454731,9346306
13491564,1778492
8860289,8741211
3781602,7872678
16146139,4529329
16080923,15839025
1360867,2452983
14710078,16224736
9817784,5806455
9291523,13387569
5890573,433429
15949167,8628559
16331800,3506835
9486685,572195
12914593,15335704
1325183,2922193
14789677,39164
5302954,13427396
7580420,7267684
9301929,3514153
8904552,555483
12076672,14801781
7076754,3228380
5375398,5659621
13634561,8643385
8081141,9711398
11623505,7171863
14067296,12607916
1701333,8838629
11623022,11040184
14487351,12397435
13846333,14864319
9146165,5978377
4927428,16479254
15094050,4907522
4855284,4119903
12372976,14703958
13247909,10726779
16557120,135228
13257979,11580531
6758749,3798856
15105453,4620663
22102,10330449
10954631,5752030
15524175,315386
10586772,11588368
3220176,8596851
8161332,15509323
16119612,13594994
11273981,5868349
13743180,13227096
5409385,220804
10453783,523327
14960848,4704754
3279587,5339258
4086195,9224050
16327779,15427736
15656996,12611331
1715930,9792399
10529114,9885481
10103590,9554492
8316627,416683
8485661,11293686
9873437,9997345
1862565,2614144
16100549,3915659
4254943,7635200
11547970,15039555
4788232,4536609
3091927,3988382
7516138,13076761
4870696,199539
10393072,4206982
14319998,10345182
6524475,1630366
9725050,4583222
4247845,9781403
12957170,10766994
11180793,15371538
9758180,16319366
13898882,15812954
961966,10957580
12979207,9051505
16693875,5007748
6793328,13735542
9766802,4140863
13281561,2865241
3601844,10722230
6427185,2285957
15790393,2789551
1646383,3056678
809161,9716734
10343800,4431072
13493189,16490971
9322620,12796738
301218,7097344
609951,14542741
7520816,6798393
9156867,6256823
10158051,11218716
7073242,13592147
6065939,7060897
6811665,7366616
9211707,12527748
12142808,13200835
14535893,8335230
10445145,5644004
473371,8505013
11824874,16033844
10682506,10510451
10677078,9917938
11065923,13015763
6220836,5678568
11657613,1923231
6227692,13828910
16022787,12113092
12577874,15064452
2552015,14603385
2400538,6088876
12509833,16485003
4345538,13317717
8469238,13281677
2018906,8976532
12443517,553660
10205291,14229788
12586957,7744188
11368749,2813520
1348902,40884
9027964,14696969
2655406,10894250
10732135,10310289
8718832,5245137
5592757,16783363
7872203,2550876
14643654,612060
2489081,2042434
14668780,5437537
355523,9645117
1301975,2586689
3546713,9505594
2078949,7413705
5364359,6870730
16000448,12637749
13631163,9956784
5105456,9182511
653186,13994282
13500663,3959369
1889585,13140541
7379092,3907556
5276942,7843400
13105630,6241264
15241381,3426024
7353884,815202
9498108,108371
12318432,9918764
3411447,16532859
2273497,6208278
14668598,12479215
5707108,10379841
16541966,8398557
1888838,8162452
15166611,15846054
15935127,12568983
10726870,2272509
3119497,1111682
10818421,2566933
12795258,8919855
3840681,6741082
7737717,784029
9440359,16581390
583972,11760804
10529761,3381872
13079802,15594404
5374893,4512514
554181,9911686
503214,5027068
4041812,10259949
4007536,13015702
2954751,7674489
13226716,15498058
14184948,3508563
1276019,11219375
15285636,14028226
6420330,10851829
16387592,8086106
1590106,13196433
4849180,3514700
10767029,1530608
5332573,12008377
14912177,4626080
15066034,10163631
7285511,10473154
1693699,14586767
1403301,9648030
4606057,350619
16402232,3742690
5348676,16407143
14641126,10968393
9373043,3944522
2265084,1206288
10789725,8642664
1064567,5058987
14507108,731976
13199144,14433815
10764931,7406303
13767651,11122292
10641268,2015536
6804800,7770566
11646671,2237885
10794268,6171019
14792397,5171897
13265803,7375339
15456690,561545
10733228,3532176
3530142,16558095
16177436,6099603
2518939,8889530
16120277,5109932
10498511,12939029
6193904,3874646
14422458,12528063
5578205,14626879
8188905,8205491
3544656,1331742
10315970,7514360
3290942,612262
14994317,15512206
10162234,9406289
11433550,4566172
9536926,7796921
5295868,9655832
15745435,6139686
4827722,16595381
5164828,1955957
11840307,6074516
4396841,5819360
7742594,8606921
16666240,12159690
11575583,15471756
12184403,3631856
9737883,12458406
162201,2769874
16017001,292586
3082902,15484652
14267677,11468672
496753,14497787
12034453,3049748
11873366,8183785
506548,6493552
3813321,6402610
9210990,8759290
509728,4891616
9452297,93731
11531442,2512209
2254104,2644701
14241351,11319007
2927679,7828211
1949621,1321723
7467342,6957085
6136995,929137
8961836,7121695
2635407,8335040
2091553,12380152
10878511,1871487
12680719,7977665
662043,14120508
8299167,3235424
7103318,9840208
2435149,3031322
15780182,5262427
13625917,2566464
4019643,13018834
8862949,8269879
9004853,4602260
12924812,11716587
8793570,16392375
10294623,4149298
4747362,11826926
4293986,8509423
4732383,596904
14226289,2708623
14838491,7819883
910456,2353721
5860248,14127319
11043062,9565493
14565076,6172628
4703631,11312598
15312263,11974425
10069960,4364253
495929,12453648
13807018,15414128
8771624,10638538
7708869,7953921
1489097,16151574
1540782,14412572
2341128,10320360
8216041,7328023
14767608,3665361
15288066,4895672
4690036,2223081
2250688,10745933
5509191,16206920
15856198,12762324
5998582,5342984
14882682,15477565
6974462,15752771
11024370,1025496
258591,6023962
8930949,7730366
8778200,3499965
9232468,228999
16221112,15290317
580778,13583588
9339004,13291267
16279105,13346231
7071739,9880688
12979738,3542929
14816876,1557416
8304084,3707420
14888056,14363473
11482862,9483304
2273653,11735170
857788,4104089
12587130,14383504
1815606,9631116
6019618,4787749
11392912,6261173
9229981,8210738
3767697,12807182
802737,465622
3334891,15375207
7445308,1503619
16651375,12339620
9518748,1994033
1521501,8490754
15129123,7172555
3184429,10716506
10456531,15924054
2949197,8815446
5102783,12874492
9332185,15860153
9725971,15507892
686675,11829166
12392456,1238299
12813672,12824058
16649865,9912535
15441971,264830
6005682,15095416
2930097,4231806
6166842,113138
14406220,13761810
1291495,12756231
15208789,6527963
9540791,12434126
11727646,16037747
14573404,13439650
11191485,14480282
14538674,1426652
10530880,4691362
16703827,5237187
3819894,10737963
3112176,14486695
8014564,10007171
16470160,15681051
5866384,6214934
8581242,17979
6269435,12393236
5205099,15606036
16053811,12669895
15850023,6192795
11519910,6251561
4956617,11144298
5950846,4572521
6287422,5002123
10665673,3956208
4876469,5646009
13608709,9028677
12364752,11218241
1279443,13804527
5827815,11240581
4840327,920601
2598330,1167476
11694757,331501
7594935,9633
7935458,13888360
1771389,10861136
5485730,9717124
13083901,13254491
13416466,12886967
1540387,10956138
12821744,15749193
9414805,5435515
9560889,11992931
11240381,8093869
1581652,14291881
8920902,11607760
7280713,11673391
9950073,14014735
14580349,1477351
8993886,14197271
16582431,6537586
552677,6682641
8831981,16496170
8589687,14434956
14328449,745179
2953567,6485712
2086965,8576545
11503494,13513571
1499494,1471555
1131670,1361899
7009269,15043238
215313,14073293
5195246,11245625
13355993,15526995
8072801,11433560
589616,2595904
16340493,13055098
15712478,7691731
15000040,11797034
6722704,16525545
12087233,1729556
87432,15243584
12142954,3380626
12032415,12874053
3380784,14846495
928300,10339194
60655,16788485
12729255,16344822
10232158,127647
9139605,1564310
6665895,13430176
2087737,7711841
10411211,12039643
4494226,9415317
2050532,12591819
15931366,7676002
13859037,4899483
8774202,13680365
10741704,3043370
15459519,9673725
9879065,8094963
9248961,5810853
12786644,10578116
7801190,12792656
14977813,5922767
15113034,11281701
4511965,8795721
5146148,16771876
2676438,6374552
13364137,8646513
8285776,7138578
4157264,8000341
11316641,5302657
16298863,7933313
8855869,14499608
1549343,11491228
13443657,14354288
3875897,14019912
1630548,5267534
695586,16269103
5148830,9355795
1476090,5531658
10366371,14689406
14497360,7175432
11807140,2622159
11552361,6867764
8125660,13264150
9216150,6013921
14881599,10853348
10102114,15326101
10071195,3315686
9913294,3100809
12772068,10298765
8278850,14596145
12780212,13976574
11368882,1641090
8914610,7020455
12838036,6799672
15354279,9681632
4186730,10071444
11405784,14587467
6138916,9119659
7811808,3153761
8773989,12797806
8374492,3668234
12907576,12771462
13125206,1690161
9913523,2091330
11702008,9140518
11332895,8797478
14112237,13356016
3390553,15335447
1242778,655502
11103966,3732588
10749831,6152546
13991676,7525120
2907842,4557119
600765,330815
12844952,5601937
5159410,6109888
14894619,15794605
8805553,5939541
5331781,6716120
7604517,16639012
9271095,10114911
13288919,4624994
11936116,12627350
4918960,14356539
4008744,13597192
9500832,10601869
6949092,16590591
8079324,12038170
13898658,9524419
13666530,1508018
13816531,9976168
837575,338353
2326196,6018647
6821936,15458933
15155244,455799
5075616,16683268
9544934,3764102
14439912,4563190
1109548,674986
1952734,1988416
8584451,4624100
13184770,2463769
9407150,12697417
2850231,16001206
3218981,14095000
11910168,10347802
300477,15570947
12290897,2203929
1317953,13115209
2429146,12561645
12925160,562308
13179736,3041832
603589,4166506
11606524,16326543
15708548,6415120
5516191,451856
6649705,12788423
2135693,5946809
7563907,9232035
14079222,2327314
9131293,14047826
1124483,11066163
8506742,15940306
12552486,6309829
4970557,13727371
13252151,15752300
16652168,5913953
14616945,3406347
9596117,15771542
13569465,15837296
15286909,7705148
11209743,8976050
12173400,14430694
9913565,1853685
4071446,12721562
15852481,14270995
15205614,3723289
12613179,3658944
14517712,9152962
11602657,12324372
6577195,15042797
3386687,6441266
66335,5742258
14850213,5138177
9660368,687886
5285431,15859172
15948926,3228409
13319660,3438115
3435734,8776374
9152732,5849961
3396182,10290250
2368726,688013
14204982,7697159
9356487,12915666
5889664,16779035
11744722,12950887
9682705,5123313
1945141,9447746
15243937,12369043
5143342,1233932
6746107,7192977
6188855,12575936
7947413,7966985
15140670,8014604
3048142,7190018
9253090,14466348
134016,3460688
10283574,11245754
4997143,11756527
4502328,12327429
10890973,7555528
3115368,14343452
9765187,1965197
9132028,5782661
15021179,15832262
12641937,14271015
12257085,8893145
7011385,300627
9189788,4150916
15049916,10651821
10941721,11728389
14395820,1833658
15471264,6508759
14074932,318999
12179997,1157584
269613,16636825
11713359,1796668
10434847,13741419
4779069,2976985
12109505,421479
3871755,10843798
3919617,14973587
355915,11366755
7993351,5266723
2531025,12429993
12721388,12589352
9776563,1517571
5981968,1818570
7325494,1145963
934348,15241742
2364404,7315712
127542,2979603
1666039,16665185
10685464,10507569
10121299,9382672
6667047,12448331
2343746,5068739
4697262,4481206
8913591,8075497
3871965,2583268
3896627,15615622
16009506,13262363
7369244,2981907
3755236,5607153
10193636,16733502
11973788,14110905
12962466,15360423
15385723,9715651
2462529,15210824
7348922,4109038
13507656,3709389
11886460,6650034
8828727,763496
13147240,11952277
3266193,72143
9724953,11686671
12772374,7493697
10522636,5382107
3797837,10567414
10981688,8231371
7114220,4803994
9249983,2849942
8275682,12674400
979790,15838605
3944580,10704333
3400083,795929
12888366,27875
5237818,3949914
3937295,6869255
253197,2204680
6686323,12192845
8226269,4918380
6429664,2636338
5724020,10797092
6417748,2228182
15684522,9881962
11922469,7427712
15862710,12569736
8173118,16727265
3837253,8099511
9111914,9761906
10882960,10419709
14638803,9152248
3941075,4085319
10423504,15477216
75546,2286417
3387129,4843514
6670153,2671675
10298899,9321259
1637231,11284335
10752714,4832861
5291290,2935239
1355162,13087872
14790582,3474074
16593339,3312657
3062475,14643693
13253264,10410895
1176637,1935951
6975205,4135055
11187036,7371662
13151271,9160903
7678238,14888054
12633393,9707501
7022562,11308534
3164896,4329519
6985244,3709101
3063728,2964294
2429689,2135734
11301158,10197665
12906402,7977325
10639132,13666898
3295024,8271865
4137701,6096865
14127327,749918
6065800,8526997
13746482,689051
4783905,918234
4808741,16457857
1266944,5509157
14965669,15453686
9194970,4965615
12035972,9055759
4689174,12855070
8645572,16487913
866947,15140531
507095,1114412
3832842,12649921
9501510,16769341
605424,13465988
1420512,10803891
3971835,980548
3378226,1137957
12830025,13856292
9046976,13452504
4425687,13310565
12381335,4578195
15213786,10454367
12112486,16222709
2730873,4981259
4939092,5951083
5414404,3415711
16686835,606155
1697757,5627481
15921285,6280941
14560232,16626855
10107711,7210029
8076650,4778807
15993121,6720390
12865033,6928641
3581077,8060817
3239290,2568915
10142132,465573
1780167,1582881
3944217,10029409
13172150,2602610
27945,14077713
882491,7948221
13941112,2498027
3278875,320273
7324457,13307089
12778646,463194
10241503,5267384
1345927,5989256
13416313,8777103
9133342,3542916
1999457,12918436
1204357,7334289
16323153,9069839
3710364,11224118
5984921,10839731
2767033,12281185
6406557,1119422
8348966,14796137
5925714,6125833
1899518,10522314
6090792,1276200
16257295,10217906
14768157,1078878
2550224,4313397
1150371,11320399
12242640,800877
11776655,14875230
6552339,2063810
4338288,14696317
9302730,4709328
5429335,16485285
7409938,12793794
7668911,8928321
1531899,3593271
8216101,4619902
11697422,8368545
9053910,14072075
8530254,10588481
11489170,5512941
6748030,4606047
3105932,13021479
4563317,3425924
15826779,1262805
12844428,7679937
5350046,11631923
9232475,2169478
13992441,15556488
3199205,4072380
6072638,5732381
8526591,4832434
3355840,4304184
12469428,15842381
3559700,15134719
7743917,11900045
9577238,5914954
8528958,9896723
12033644,13770822
16676437,10060856
15672000,934968
11950011,8024107
4377171,9113825
10744472,5213904
14940947,15494097
2366173,5724196
7531449,5214094
6155937,1766202
8449469,10051640
12596023,3149150
4067171,12210307
5830250,6285937
12569442,188172
10147982,10291072
5226558,13717549
15930495,10798874
12362736,16120272
1700742,1703449
14567259,3917584
7475371,2242552
16245745,14476692
11554726,4222654
5922383,1032146
670497,12563051
5956407,14924618
4234817,3770752
1923122,10116483
9014391,506218
6011709,9223253
15736260,8895304
2393427,213945
12801942,8415996
360844,14409680
3141501,6063572
7806811,2854335
5223253,11776274
721812,1534054
15000020,3429817
10988843,2544
10643828,899058
2422295,1252174
7151980,4317192
12460912,3147110
1651485,15637963
1995834,8817663
539024,12255819
1195417,4801098
9912813,3643320
11501675,2138933
13119696,15593935
15121553,15855678
13776258,3108810
9328943,7456545
11881322,11507303
9140053,2666203
8643661,8197102
8717423,10436947
13121995,13185906
15724582,7315354
13245614,9086635
11646268,6110689
12684154,16317319
15716650,12130065
3067327,11227379
7445709,5904461
14690912,6117809
3061005,2419619
5413877,533359
12908993,39498
347381,3634585
14269715,10216073
14010779,16290751
1071120,9947897
4526287,12704172
5648261,2072374
15364049,12236562
14664945,1632026
13096607,7509186
1950271,5657256
263103,14664818
1894093,5016026
14758891,15101140
14240179,13484314
14840013,1301162
6300522,8186172
12344440,7389849
10419830,6859764
10175795,11919953
15376139,15993109
9468073,9091566
16482944,9697923
13462590,2665500
4882266,11862535
12310764,6208246
16548121,2566411
4653770,7483129
5420141,12624459
3950543,2781755
8337373,11112855
629837,9758783
11214182,14159936
1275194,11510539
10260317,13050039
14677595,5017160
10534890,647654
15229092,5820351
12983323,2968803
11352167,9580141
12411603,11542227
5032292,6271777
10165534,4209892
7280032,11939894
411934,2527420
12001921,3721283
12935252,11703412
1311801,852075
10977715,11765397
5815529,794517
12447536,6966728
5308954,4228752
894476,3797795
12905504,5606712
3350582,12301907
3124506,3586565
6728850,8299498
4411479,14227980
13092793,6423953
2592904,7812659
15704900,10533279
12079778,15256107
5523460,9966409
16237998,5389778
10551749,6774795
8673709,1715260
8593603,11308490
13418505,3855298
15919564,9560483
6173746,15570660
12308799,4584461
5288801,15215905
3595571,2725802
8674455,10381366
13529988,14924419
16209430,16481456
481706,15723654
13454855,6645461
8477650,15817652
12530211,6860653
1494667,2279269
5763139,12400309
15695451,6948557
16146765,2814089
4681,3962424
9416900,6453215
3696380,16203075
5725961,11673408
11819480,4363009
13358786,6832188
7034135,1270635
9717834,1680505
3838057,16731722
1394376,46659
15536698,12145694
16472785,3428451
7120048,2097397
1103671,13967257
5291198,1579932
677789,15294947
16266702,15330728
8169554,1619985
2582720,4092512
7669557,746271
15617798,14978809
14128544,7261912
6079925,15614070
6338188,14299288
14846173,1509311
959678,4702256
11831185,29053
3120162,7769198
11421692,11642718
10227357,9298065
3869788,2180424
11581960,2256461
6669556,2431643
13252193,6315053
13376978,4892239
11593032,16140398
9618636,11156331
15908324,13817932
10964479,11642445
14763981,7949262
5465089,10790678
8483433,8262159
4468398,3194522
11504122,6365668
1824041,8968169
963073,13447893
1576524,879520
15409170,2183661
15864332,10646252
8517360,8359448
6571160,9555383
15029943,11671671
15756600,9523269
13415350,2868650
15489710,506504
9449045,1808823
13583661,8352827
3038149,15263134
6419238,6591545
4377347,3024301
1536284,10135676
15542869,10747405
6183251,14713585
15844938,12789420
6879531,16260404
10149026,9894934
14083676,3581790
7583292,4638558
10567783,15295417
4309612,3636467
11436378,1086393
14599286,8578445
14623857,7542480
16699189,585607
11521457,10909747
1251351,4557314
7710358,13571107
14592543,6116875
5370673,4880201
6939986,3187313
11517117,13190230
2568193,13134245
11320643,14965302
16635608,10197076
14594514,5938525
11793136,1739476
8616114,7888290
1469072,15582106
5202373,10547195
11465635,1413652
3632594,6598417
1996771,6799274
16110669,4773147
4038386,8963191
13149108,16496370
13675477,5786870
12862623,14796055
2023784,5116259
5480692,4728624
7692977,16561476
14297956,5138540
16320824,2589493
3471033,12995605
13911963,5272348
14648726,4031462
13830755,15759657
6262462,9645690
15084735,11707228
1671681,15706120
2094233,14536124
11485881,11028283
13787851,796289
7901017,871312
16349175,10818736
11768734,9256071
3842415,3762111
13380877,13285148
8991204,8700664
2071977,6445678
6230898,12866823
6044889,14406687
7335493,11266264
13308736,16687316
3874122,15085021
3993785,15554281
6879819,1058813
2563062,9457500
4361586,429401
2770023,6171414
10265126,2824752
7229015,6592116
5033406,4807220
12978585,5166355
5522815,8920988
15800455,7327885
11866782,3316817
6418711,13460480
14371360,897489
4110404,8524960
5325165,8471354
10824690,13878792
717775,5237760
14102998,1312800
7137301,1486754
11395717,3280556
1266533,13676209
15816073,15869897
9358653,2969490
10860900,13688677
5125345,16349711
12670415,6094678
14717219,7595420
11102308,13263687
16062125,12757292
2386124,11771280
7540828,8319985
3668610,747338
3165005,9088549
13989676,7362028
10451782,5226281
7172493,2980441
3611985,15378164
4738601,8176429
4931632,13648551
12500073,5672897
16548262,3816128
6786016,10853425
7629283,7832522
5492049,9155058
5614776,11832644
5866023,1865084
11647481,11377495
13632687,1994389
4068841,15910421
12244516,1007924
6091332,7226007
9957003,15599658
6782172,16466528
16111195,6232840
8610393,10766043
3810224,3956198
10981267,16088076
12981156,2793544
5997722,16007576
2920638,7433139
6102842,16622469
14293635,6500823
8165875,2149523
14016241,12408396
11704869,4971433
3335629,11621200
2567756,6630105
9866708,899023
3202737,10078192
13526579,13376872
3935002,4080739
8152082,10755594
1384768,7108650
3129687,3753610
7285037,12324211
16216955,5125942
6557807,7367562
8926578,7602320
9164927,16165249
1435732,13657404
1470665,12200891
2921176,7398097
3637085,9160520
3313549,16602753
12246424,1582499
14682793,14971609
2625833,12234209
4543467,4169354
13977836,8004513
13037743,1831170
13733198,2281172
10642279,4493599
6322147,9550899
9428731,6668154
2462810,1323461
15313574,3122354
6772751,16524039
12260788,13240649
14397007,6162766
6035046,11401941
2996170,11195370
2261627,13995480
14605672,3447512
3756947,1364835
557877,14123662
14608678,14845629
3383810,5828522
7468374,4175188
15817398,10368941
14568038,7784956
938802,7529302
5865883,9465424
14864561,13197308
11752073,2915043
2394355,13374490
11260704,9441054
3148530,11591314
8997104,10874428
5484716,12463035
1860631,2430084
3389694,8139602
737734,10477988
13924218,5803385
15497434,16772475
9152429,9635659
9951668,11656646
6092462,8366171
13629818,3399779
2203244,10281246
9898148,11693740
5592006,14419892
1757979,6565436
15640257,389715
14675321,12472128
12947797,13526728
9300182,6417579
1793172,5152302
6656030,10516182
345556,13952779
15136448,12913463
9979744,6706356
2775125,13461786
471363,13108540
15309698,4727923
10259121,4162103
2183669,9821282
2482347,6099283
14264960,8036684
8674725,12546764
1763234,7060358
10755420,14014248
12284538,14631870
7682822,4767009
11687893,10433354
5673697,7452671
10006086,790858
15615525,2504084
13696828,1934951
2821339,11490805
1340311,13564027
13116304,12077939
1941521,8606517
3063289,9960378
4514263,8425078
477760,6069652
14078348,13823371
926466,16671325
13206610,16229093
6961885,3036024
613356,16746051
13363849,2660304
549827,8266280
7697396,15231661
8620310,9121977
10686776,1966557
1080981,6630328
8152529,3031862
1241019,13021453
16123623,6070807
12514382,10002318
3086076,4337860
4369784,11359560
9153456,1741449
1970462,12636149
15347085,6444102
13098871,7189466
5653459,14706871
11290770,16285406
14517858,9138201
14521543,4761645
6267404,11904735
16332888,16653790
5049804,4824234
6733568,7476184
364356,5376327
2297364,6685321
5725868,5714259
1921030,5094888
13156412,12940209
676539,10286013
15148417,13342947
3905026,8012141
1586920,15573016
11737086,1949600
10915394,12338872
2881592,2154056
1631938,4518695
1851086,13260942
6237949,1420997
7078901,13253792
13031211,7940063
13717087,13529922
5997596,6695858
8091529,728143
9538570,853181
10591322,4096141
3854246,8603121
2933989,5867654
14628698,636112
462303,15383641
13475761,11731987
7119825,1023314
10755619,3811596
4439104,4723845
14345188,5821913
5530240,10942180
3419347,9900825
15339986,12271172
11295346,9631249
14160660,10906300
1241284,7143137
16070288,11607729
3659057,5590142
4344642,3006740
4149618,11750942
7694315,10307199
1899895,11066233
2274982,4846888
9051721,6356085
10902830,12818004
4761243,14023971
9931228,3091939
7970127,3435829
10389940,5831209
16484292,16187672
9663287,12031597
8909058,12502306
11838094,702463
12775739,595042
9938644,2779568
10959896,11100596
10903556,11857142
5292030,6368690
4743701,447251
10867824,2839904
14141198,16616646
5168935,15640734
10733562,6004627
11545835,9145897
2891797,1219224
5645171,8495491
10868393,6083834
6379554,2066323
8832726,12639101
13787090,13167580
68755,7192714
5600707,10546169
15886774,3761788
4338736,2974869
4790919,13460549
3238203,8821342
10058777,10202455
5594337,9410208
14752599,8025620
5338927,12078465
7244151,13852908
6203201,8447043
4727075,2506101
1991685,4062459
1620853,10527831
464519,11852475
9993742,248617
15197320,4941276
10623794,15742770
4814597,7729696
14654109,2780807
3494305,6566623
517817,15455757
420056,3903132
15854797,10731543
11590347,9819712
659401,4488566
2870787,4534834
9848953,8325234
15889611,3834285
13563682,7938444
10720652,13763452
16227074,8665778
10722427,1160079
9503238,2425000
9397933,2253657
3632633,12019797
560219,6682594
13903593,6454289
13552024,4006347
2581080,10007232
10614332,12619857
5948217,6774674
2840618,3787707
8325986,3681372
16717792,12936001
1178171,12190850
3879259,13398670
4903352,5211854
10598519,13940704
5158513,16359482
975716,1316752
15723432,9813143
8778731,3869013
12678699,12607632
12725083,7368781
8285007,4368251
9224317,3601337
15679662,14488647
9301040,11250032
11335187,9295376
85308,9178723
5747407,14395283
9697986,2344895
3538479,8433629
5799320,10621539
11556151,13990154
2831525,14180625
9553627,15047889
3122736,12815409
14766053,3917558
573238,14740816
13911937,8602562
15378258,15189370
3486154,8496777
7620210,5529819
5628042,14699284
790501,14527003
16742362,11847828
12691898,1598679
822353,3508389
7375883,827472
5025675,7051910
4263633,15736124
1235901,5072267
783068,15965456
694788,9506043
4060655,15348569
8397483,12784061
8325547,12691159
11554798,13748244
1971677,15051832
16357531,10940875
8119789,6421312
6581189,15449513
9808688,4497587
4528866,12697371
12039900,15874924
7154117,9546261
10316574,14456653
3860382,2696467
6704913,16103672
6793280,9469663
8875723,13359209
15572134,2204603
4474918,11830172
10212040,15262039
12150881,6479107
14543667,8356101
621367,8884363
14527113,4108344
8115624,11981221
2579461,15379448
1382110,7341920
3572451,5061246
14036528,53433
772397,13410708
5139559,11223565
10563802,14716551
229880,10840246
3402754,10461170
6951631,13838039
6087901,11767019
1003639,12586306
1335775,13996509
8423219,15967988
9969153,13721134
520693,11183699
16582439,5534468
13451119,14605655
2346808,1069659
11255826,10383864
4633491,1446334
16251862,10977419
9030896,4349897
6101701,15109824
4762544,15758510
299885,5688786
11496154,601731
15399635,14577372
2280604,11056655
519202,7114623
5604851,12386783
15469043,8269829
5501137,453583
611482,10930289
15533531,4255405
14932042,7177348
8086164,5724729
14376373,1574793
3382600,9485519
15414445,7865029
5869507,4755078
916734,9525241
1187807,6996260
4641159,4246177
406370,16559551
8063432,14741870
12045205,11633083
2167787,15680131
7963409,11257223
1328620,5803029
9844022,6541465
15903514,11154720
9001204,1887169
12510506,12345553
7400871,8007996
14076931,7179113
3512535,13098354
4318158,596760
16728298,5480894
7705770,16532015
7120042,14648894
2903537,4132801
1200433,9998260
12212945,268422
9711497,9673159
16452134,7505212
2364633,1790814
13898563,14866927
1796529,8891472
2612622,8042789
15173187,10633825
13410216,14302770
10499843,4062806
8844660,14476744
13880865,10282794
3965190,3401152
4636106,2644477
8670381,2273581
3375332,12655237
2314550,5985992
5157519,638603
9837460,12513625
12381102,16402762
2568537,4364366
15776320,10199374
12314687,2367784
11843521,16712064
4402567,5048338
4638106,16133475
1139024,1847525
12149357,9291275
7033248,5923963
4917273,3791609
5103323,16021453
8342682,12566145
1963703,12831602
12066421,3443963
3482582,419340
4211565,12070553
14003997,15282350
11675056,14644187
6996643,12025022
2293581,15008274
10184971,5942356
5992907,2107321
4699008,7035806
3857527,7907968
5198952,13943294
13428541,8452487
671927,10033133
8069836,6870786
2489648,13683115
2659968,10881215
14485550,13324983
14125186,3283716
10316151,7925698
2545044,9042382
7255084,9651935
9907386,5334761
168124,8646138
14716958,10538354
13785967,13635777
13212974,5915850
2247583,9806250
13063165,1401968
14539407,5525903
10419132,1944801
9786298,3698020
11109749,13794753
12907160,6740374
14365513,741875
7411094,1719654
16584147,2878762
15200064,1150224
3923885,11185704
7059008,10552521
5570300,7442612
15494855,14021358
11275878,11547104
15523724,323559
14654856,7621813
15136144,13996309
15230958,14021596
9916798,3353185
13841348,8933416
12787230,2319414
16359720,15784357
8102556,9019290
8948416,10350619
10584322,16470562
1280900,5621303
12906555,5074460
10015606,5655668
15627603,6638983
13265641,12732585
10500718,11480976
6124744,9667210
11772576,969503
3697350,11161132
9166741,247829
5592541,8668016
8999258,4807959
1289796,15133627
7282308,12750546
15380484,16148769
423024,7857431
16633408,6393794
6593462,9922074
4846801,7308071
1273051,5958208
11723708,5643487
15107123,10979626
2397466,8028067
15633696,7516149
11432734,9095235
15913462,15343684
5147601,11820793
2349167,2599359
87127,4410669
2662755,3852934
3749543,11877150
6341180,11059187
14893684,2797713
15685511,12666256
3184323,13585801
8024170,13047310
534123,7921618
6262832,4406574
10680417,15794007
880972,15111173
5167910,12117194
13288426,6832853
7991853,11520022
9681379,6556158
4804645,16745178
2311374,13592186
5046255,4997605
14604828,3508000
3038068,4013319
15313682,8576594
12549178,7018342
4880443,12058540
14760064,1798121
831501,13186426
15758433,1891474
7922751,565033
14782569,9962635
8312856,13303300
15076806,1687667
5593689,9915984
13754807,12763626
4844040,16585266
15904355,9993116
8459095,2380392
16715467,14487383
6200312,16610031
14882594,2320437
16478322,11150878
12620854,4771849
6656159,2814772
8462092,2467855
10789799,13302617
6405212,5739849
6556557,8263351
3267972,13970573
14129393,11337668
11990475,15684739
7531118,10301365
47600,10437849
14139974,11671269
4230379,13353523
13006195,10082006
12002552,5172371
9926833,9613569
5664949,16053964
4283799,3477120
6722210,15366556
12774456,13061374
1658301,6967286
1209644,9721893
15887369,5156370
12662994,8261234
13977346,437124
8822561,9727522
732696,16012301
1527834,12289288
10227001,5668768
9383307,5774058
8931355,9203866
2381844,4063800
12535440,13100081
4414870,12823633
3663516,4855600
15457292,7484058
13770748,13316046
6298438,3766190
13432858,14427335
7999098,4194939
3782520,6871142
10863769,6304862
12757888,6858352
15687467,12501954
4114377,11014938
5457744,9575902
3531542,13309983
8070250,15345087
2913639,12931934
7780014,12419494
11110074,6501937
731406,11290096
2452708,15664933
256282,11596336
16556626,1724835
8215035,12580048
13877873,1318418
13512922,12663379
4341570,13780979
12026462,9874945
7011168,3549754
9778707,5292628
5584522,10890948
11857895,1935120
14617957,10045576
6913784,15807765
10907785,12870936
7491515,5746693
5403801,16571153
16057035,4747309
8053039,3568095
16526448,10138162
11370742,11749838
6293035,9982781
13461245,7045517
8050197,3110813
7938158,12005051
11441683,4026101
65114,8242468
9877938,7311453
6647687,14337114
8362378,1342834
6605012,4620205
1455699,9028377
5169774,15408559
8588952,831562
9343863,7453192
4321766,8294378
3022866,14372690
1986993,8265156
13040875,13794552
4236185,4887782
5714895,4099704
6924077,10875200
12750311,4914804
459474,15661182
15421147,4177947
6284549,10143610
15351596,1367271
16224135,6296759
2597430,11036770
12595169,9267314
10278222,16057166
12228289,4063935
8149680,3533952
3445473,1992592
4635817,15996787
16058715,14765072
40213,603706
1093897,1182162
6801731,15682125
2123301,14696942
3985741,7883579
4027979,6357699
12218780,4911502
7736056,11552539
16571554,16707452
1377214,2706100
9004894,15488406
2716527,4363062
14860165,9176323
2725712,14591152
3266215,5609338
12871470,11670009
6453315,5349646
13012640,15971487
9170796,11826090
9897225,2838913
9412808,3361110
1317099,13126183
4604549,14467606
3587938,6193629
336027,4863877
8244893,10166240
14991488,13198651
4260241,11952634
10161162,13485936
16683486,194775
10701586,3760705
6261250,7625877
11104903,10041743
11455838,10596882
9304976,14267573
5770488,4510673
5118693,6859383
16602778,14247271
14371728,4188442
1152293,6971260
16761340,2222432
4225348,7845224
13135914,4954336
6674266,11220244
10293508,11863208
4672822,5500363
14227716,13590102
2812357,779935
10328110,4353431
10791903,13612619
3688937,2519182
9726479,7436750
11763994,13361590
15957462,9400332
9164450,1962177
15980933,16465183
8925767,9232143
4600240,6376075
12344975,8458597
68090,8347533
8550570,15520422
12258175,6490816
14797277,10274862
9324499,1575224
10745525,7637838
12833519,6960702
8722317,1842583
9798963,1098755
5977856,97729
15127085,7961328
9618428,761542
6927541,10446667
10123237,10467192
5982688,4417319
12871465,15614200
14716325,2061489
4743760,1161102
430220,5185511
16697640,15053126
14374487,11325842
768078,11069515
13373890,14212207
1795950,13556750
15290644,12715070
7970534,11688596
7911224,3809661
11578587,15176543
1645547,3000474
1473442,12506326
2957554,6913150
14753114,1459734
6099717,680167
10628372,13059288
4929992,16331103
15725793,7480315
13964612,2526963
15206897,4028969
11640027,11106471
12905408,11652655
3798113,8272142
7830299,3879699
9668348,14565738
8631942,16027729
5573934,4907707
5453565,1575883
10329244,7481115
5225259,4182573
3540541,13989458
5865809,6608725
6176789,10954148
11232195,16126152
14110694,15636017
15191205,10994681
13743022,1143130
10995015,13078554
9089646,9959501
7571209,13531221
13535042,4393800
5937089,12862408
1664102,9496605
3170798,5469681
9291174,2584473
2414923,12100462
13633658,12207393
2136904,11106893
9599121,10949623
682442,10063012
9349152,12945273
11535642,7577152
1135817,905497
5612579,1416796
642081,5830075
13271085,5829777
16517185,7385876
14327105,14636414
6452676,13173300
15024900,8886283
10430861,11364519
12646892,5561874
14521517,5596547
6032205,16672020
5736325,17103
14699611,14811561
12512680,2227481
15751354,16193068
2914707,13988782
14856501,14749007
3154692,1578659
3879617,12592841
1434839,3021489
2504096,7515835
4602434,8635129
10758674,2352268
4984980,7991175
15378628,10066905
11127284,9819356
10390717,14859269
1242074,1420171
1222393,14582105
3020155,10518217
410172,5703487
11716752,663637
13679212,9170631
16607533,71549
10572076,5269620
1449699,10097688
3758506,8746244
14264055,8007300
16338902,2237983
899399,10995411
16109393,8478041
1081578,5652049
14750792,11930050
10673252,13285749
14775297,15706075
12274881,16779048
15260172,11144209
6976853,4963924
775340,9371940
1136090,6561387
3070167,6880684
1711414,1336027
7563656,16599575
5356121,11937891
13343472,6226446
16296063,6896172
8954738,15568654
1145777,11468846
863448,6303389
9900910,15890263
9799225,10782100
4757153,11668053
15809684,7162105
3502077,10136133
3766554,5044479
3547159,15618161
6795432,2931963
4446695,1538970
8161544,12831098
8396898,10819478
6882528,12308201
3707406,10077650
14162075,12572941
6072526,13356904
7261866,8444066
8196083,2896830
9223775,11367000
15879230,1907979
14369847,12703747
14187984,13563522
15312959,11101116
13803846,1034998
15924783,13513971
16503602,12436726
88352,9975074
4311556,5114503
9236160,8123141
3839216,4596842
765610,7027818
13212221,8582955
7083825,15792322
5891042,15268981
13852575,11078710
5997841,3488015
6603101,10496375
3475252,7275871
9706678,8729905
5417503,2327438
10236643,5645024
2861802,9936576
11135850,7268590
12666547,3558900
11349239,10884253
9155872,1658603
8039461,12002201
8953999,3230994
6416518,574167
15439715,11852187
6041374,10696420
2992407,14081855
1904073,1314351
553387,9414849
15738681,14875813
7273198,13172687
484827,10130374
2267323,2698319
2852089,9102634
14858241,5513181
15953016,13133388
1032304,7975544
12290673,5504845
1222733,14804764
2198407,2320786
10674883,327580
6076782,2591141
277223,15149865
11590303,303569
8805229,16465908
5843954,3820512
10874347,1825049
41847,11862831
7921858,4114739
1688322,15778744
14761418,1081228
1403494,14557507
14992054,5638255
14321823,2842321
14240064,2301512
1756926,11814925
5520962,12180936
2001552,12222059
11562540,667896
7752345,11055457
932843,11389591
16253836,15332300
7531192,9984262
8159827,15501811
428167,8245585
387953,87660
9245035,15085315
6998780,10634867
16305245,3536019
3442588,15254903
3542431,13674435
15656396,1321043
5301087,11985915
10170653,9172236
4486593,11540438
686444,13096975
8474651,11079435
446104,15250273
128418,6851485
9240170,3299301
15253440,14328033
914080,14960796
10993817,2187764
502293,16763941
14631832,641465
1189762,2125210
7047128,14920699
6243792,8080942
15956752,8587649
10693212,15935591
5174315,9096252
3343867,12683562
11558505,15660787
7625768,12454817
8419437,5915661
12236073,13118225
2894999,15907827
4385500,13399907
16187201,10348336
425271,4808811
11633181,4149673
11067274,12696282
13915591,322542
11923208,10731173
15936103,13986239
8414756,7592629
5934282,10911987
3401805,518764
15284470,13439945
5681855,15640250
9878698,15358508
15672741,7013886
447404,10483400
8592677,1108288
9841361,16437253
4002426,7401475
4901024,12237160
4639209,7761025
8368700,16769246
12865302,2084304
512076,16199652
10714600,2225898
7033844,13806503
6332963,6941620
8306029,15394545
7574040,10732098
855920,6350805
12291247,14540939
4819956,7118856
4546705,12901190
14150045,5302694
8987723,7177576
14431196,47356
7142810,16587503
15298759,8470820
779156,6836818
3653438,13099161
7512519,12446478
7314933,15446375
14669713,6857625
1575675,8537458
5502358,13051450
8818012,8442110
11452648,5409584
8435472,11551452
14093215,4186356
703841,2725700
13877609,8072160
7924845,5202572
9406029,7407167
8860844,1628363
4751057,9183164
6992883,14697486
1065020,372841
6967767,15325691
8125121,2770371
15056220,16590046
7860882,7074831
2342558,6848241
11374602,14780295
11869655,14101275
1137890,988590
233028,3069363
2940773,2413522
8626875,5016751
7491324,6807749
5903830,1536344
15764263,12067641
16401846,12922625
13795371,11708527
6240981,3800308
2332823,11269457
1990049,11935910
10329488,15774655
9547760,16188279
15397028,445183
9583998,10890108
1033012,9522260
10760767,16783565
14803661,9520219
13534549,4722587
3161466,9098083
8032609,13484446
9374510,5995779
406124,7021610
11118993,16158837
848283,14396548
15978644,11387002
3157239,1655494
2732348,1936142
747581,631266
621501,12443681
11325972,16647704
12847296,16639419
2976933,16568002
1696768,7039397
16442752,11485876
8749420,15787885
2102386,9333102
15930722,7744894
7023651,2086199
10453700,9553759
12772710,9766303
11481068,8531730
3666759,16330671
10178787,9773169
14250876,11947230
2520673,14328568
5839849,7761613
317476,9150390
2437153,5326904
3908839,7704870
1672440,457042
3305505,10990418
13212097,6819620
16589751,9919723
8207602,15681638
4375468,5560796
9415986,9820274
788106,7547713
655491,7460578
13060033,13083164
3576630,7195080
11854576,6845810
109588,5309519
4252927,15978345
6309621,13670282
775293,4521809
13251216,8843265
3580441,5359298
8120263,13438862
1824349,8541708
427073,6883106
2937998,15217555
13857080,2503394
14910885,4339086
14001851,7293017
4811039,14523363
4373842,12160281
3221947,16208446
14192392,3441065
2625593,14536674
15341015,1905437
5405344,11067223
1441000,15928035
7860213,7416558
4067155,15075251
186180,11868909
206492,12271543
1216688,14948206
9335597,6711712
11719612,3199097
4498290,10188242
8602054,14551146
9857390,12876951
6748909,9666943
7295865,302072
15436885,3048228
11134881,1636376
12692443,4118099
13227405,15284667
4713929,12611318
4490753,16501420
839272,10189293
4336016,9216127
7947330,503963
6574863,13643878
6499296,13311235
5532330,7252822
10477560,7086572
16336899,13947276
2051006,6243737
9551897,6407466
15741733,11534814
1411586,8657708
5596142,13117495
15872203,5985183
4535557,2390526
6472651,2884645
2039751,630018
14446532,1964849
3447646,14704741
5490244,4799934
6877734,632722
15260308,16663365
1924525,1562689
15442100,13649276
6472085,5688500
12085572,16330344
6224739,12457170
2448462,6225462
2605059,15201284
4949990,2381001
7808803,13030902
5371564,4205593
2470033,8856919
14370285,14986200
493690,7201616
6452110,3781474
243082,1970461
7734105,10655356
6069647,4162758
3567043,11086093
3404424,16520617
16033462,2431032
12859662,10863040
8570716,12610831
8606482,9359396
4521732,11237163
977059,13313147
4441733,3131012
5608840,12181742
13695693,6616569
11584817,7995651
8575451,12389156
2787462,10828014
15517575,1475704
10401393,12937637
7705142,1241107
16695723,10717167
6986636,16197915
811153,16427048
9659113,1074101
3917314,1524346
8034415,10105991
3716335,1880762
13802731,10002847
10222030,4109506
2043489,330763
526269,11747203
12663915,2051572
14366030,14932936
1030206,8303965
927397,14456636
16468781,13029253
12836873,4289033
7528862,7683558
14849902,14868962
8201452,10343723
5927105,25983
9057006,6697081
4119870,10798072
13851462,7372414
9385718,12485195
13219927,2986694
12650649,11524269
610070,2462494
1377812,10625839
2570098,1750844
11852824,14698585
7171918,8047589
11560405,1516572
8151514,10806816
6011379,1021337
12250417,11090977
13244846,7629044
1583531,9247229
11374392,11646193
14681627,10399727
2943745,4914037
4399861,9898428
6913042,7950507
2991940,2761505
382496,14403434
11387843,861098
12252973,6177025
5845414,1509776
14495555,6158361
10448673,8108809
2741892,10910497
14970240,9059966
4900482,5851612
13963995,6403582
7643794,13370921
6945744,910952
10738851,5530074
15652564,12628164
16575055,10890787
13588164,10046533
4192903,2420301
15358708,8372306
5085623,3585229
9824234,13139078
2685160,15523100
7921599,12329720
821967,13994236
12121225,14099102
5258915,16241048
6134422,10899418
4925877,1278953
6635036,7347235
13464313,8426517
70161,13423838
8732911,4447894
852528,14772251
4620785,9452979
11585110,14637828
11492147,5460997
2379123,15289210
13057471,12310561
15380313,14440219
5810321,3983272
11314895,5028070
12844496,15322547
9028848,2996054
11626943,959843
9070429,2423826
2637591,15882392
853530,8600224
5139096,6986732
8927958,2840296
6737357,11245586
4753035,1028722
3947733,4590239
8720883,7422652
7500428,10955213
12920541,12489023
12764803,3754073
5771145,2999573
10090289,16024476
14979759,7268043
7030032,1248700
1885015,6965485
3479742,1033126
2097572,11900554
15570739,3048197
5659864,13232481
6149377,775329
2973813,14309072
16516517,2701558
2717415,6690690
9347113,4726814
2365260,10634456
8353864,5410192
11977608,9784581
14204669,12812742
12253830,1723562
15036152,11242927
8851251,804095
5192549,13407153
7944636,1788981
374412,2631957
8434901,6348278
4641406,7360818
6949336,2954009
14466850,8063486
12289279,3924873
2136112,10573752
5546802,6416052
8494311,11470871
3646171,10548720
6055500,12220057
4881460,7632836
1403462,11233512
9420179,15497346
6716597,10663382
946719,15641623
11726334,774089
4354204,10510963
13006533,1690111
3234955,15255752
824536,5769596
12637874,13629462
10825746,9794732
10923462,13781925
9788559,11460992
11985529,15560321
12644413,1691142
8001028,5890830
8884629,8602798
5522697,8426333
13425965,12796799
6573403,3721227
701605,304355
14144656,1906240
14377409,11442110
10734817,4997739
13219430,12868990
4125396,4439279
633942,3545647
13016740,15830550
12541289,764305
4248961,4343554
8618311,9490316
801493,2629853
2655086,10809118
13973718,579411
15492528,3018018
8119024,10114202
1647417,2481389
12531741,3795924
15810554,1304753
3827391,12581099
10902703,11333612
7358837,8627972
15205523,2712272
6830168,4289914
10469984,1158579
2711483,11024512
8942628,4480494
5439292,12443193
3549057,9408656
6659808,6747788
6493797,6870369
9296615,13878348
5573151,15077151
7940252,4240677
3699925,1177333
5291257,15035784
16374165,164740
8008235,15916742
11406786,8799273
15503157,6489323
9956216,13296217
6888424,7213776
14836258,13176520
5442620,16783057
10286208,6761599
15613273,9125608
14030336,5586106
11977630,7565152
5084383,15875103
87600,13064149
12545667,8932276
15336982,10127163
4669585,3637005
1826360,15644813
14511209,13798697
13324134,4073757
10359221,2033809
5772420,12458608
1631143,4609637
11836073,9433387
13112424,2096073
10916061,9548081
8291567,14978523
15007876,16721896
667198,3888733
2790426,9167021
3560305,12479961
8390991,1467296
2275035,11513120
1031684,808002
3746246,16087555
6593338,4677498
2780173,1226393
1571096,5661897
3721368,980285
14297651,4623137
11966755,723205
4210083,4613506
13399481,2375218
15139112,9878147
12417834,13640282
10560223,6241738
1358013,1202908
1386354,12316541
4764777,12308297
1252747,7494236
968413,2526885
13663003,6831619
15295220,11146198
16016012,502533
4930324,1998231
2431896,15309890
4940646,7123349
7918036,14091714
1557142,394246
4704972,16333445
3784423,6100936
6150176,8415868
15543299,6304037
2627508,10500921
4279369,7099948
8423307,1709010
7620563,10480743
5306668,3464282
1286747,1985356
7827802,15015853
10913022,14907843
15657285,12453876
835895,9192301
13464971,16551940
5336477,2653107
3697075,8305743
15846320,3928999
4047349,14140564
398261,12474004
8204436,16606908
16324843,390880
8910460,4196489
16528839,6848049
5800297,3312158
5524961,11174378
7767322,14939716
1663382,11379935
12377504,12436847
9719066,12439109
6984109,16713261
14979876,3125669
15692532,14128888
233111,13660036
14596779,2674872
5245794,6625914
8275562,16621624
8785041,7398708
10019014,8950005
16427519,764662
15689321,263133
16088237,5605913
9904423,5899981
10711152,3421185
5593414,11246258
13267520,13001431
12710345,6957404
7187063,3616042
8003596,9391457
7702702,16183958
13508832,15209200
11084485,5623664
15604890,1196751
4303896,14392598
5715857,3082356
11475455,3469918
2655225,9946569
2979565,9626179
14221784,12924898
6890210,115732
10371926,7091205
6665556,13008455
1106658,8930395
2796128,5071957
150028,4707310
10577620,15833368
557340,201502
7975651,8274414
3623273,6016933
15480986,11160901
16744042,5277108
9577923,11897211
524855,761118
1445291,7083119
2799081,7095096
5764053,13887787
1778935,12248274
52074,15946751
8195368,5909308
2908127,15234578
7615876,8321442
5213703,16644441
12800646,462053
1871040,2139124
2967204,9310702
6993288,2759115
13872781,8776426
12933678,12756547
9694283,9696356
13645254,11745952
6346563,10595940
13410690,9161616
11219111,3836423
10211090,4390753
12216567,15231040
1190500,6565836
9877310,12990541
8942914,2714184
14322527,6309042
4507672,10971376
10201152,9258835
16333466,13323723
15946780,15568482
3865373,12649359
10258562,675197
13769831,12911264
10814227,3746631
1380027,6989153
4682014,7134128
8867709,6733682
1299442,13145590
11542854,8635974
15953065,5419747
9533290,16028257
15617710,7021365
6921063,7174194
3025829,1046586
14036816,5906537
13153835,12884989
10674175,9340167
15672681,7992771
3807384,12005357
8583812,5000576
10566854,16120060
2826258,8631166
4574728,509348
7316557,3401084
6706095,3484804
10796283,4609804
7869795,7105018
15905256,6873004
1461935,4102044
15246219,8525943
5951523,10954986
12558905,15178691
13905421,740486
9304731,15242536
14601189,13644638
7638905,12870304
7067600,1859669
10678426,6076245
15943334,7053908
8530330,13142226
10297343,16107827
11856071,1372528
4845237,2976042
9065331,1802573
1297740,13043818
265603,2187531
15579162,10383938
12644207,14044478
1265238,4953561
14587286,15142156
2151394,1147943
2584614,510626
1300694,14177652
13998561,14590309
11289682,12576326
11569161,4436303
279662,16539217
7471612,2528968
2088521,7613908
10539539,818360
3079743,4956639
10084340,11560960
13238793,14165443
5480220,11952419
5140017,12975375
6160269,8560135
10952579,757593
11936090,7214261
4244219,9455491
7689332,1117207
10348015,11461657
2689770,8773615
3943767,8727290
14464641,8289869
11234213,15927861
7891299,16089189
16064191,4099578
2127979,10175037
2343143,1229805
2628971,927992
11895287,6895209
12652718,9032716
16544532,6794177
14460382,9305999
12518906,3056518
9554363,8106158
19309,3423296
12280854,11070151
14641975,16741081
4192328,2771010
6867578,2651136
12706677,6562211
3992942,1416621
2392463,13264339
1820729,13008617
3217248,10504381
8656795,2527172
1332352,15824674
12861031,595288
14545720,7573368
9752395,9987536
7009850,12779245
1325056,7183552
11495669,1844087
4840788,12236186
13811912,16509280
14811550,10114441
8718124,11349633
7870506,2473411
8472594,4374803
16465784,2494670
7983619,1601787
11309877,13047019
3474128,1856132
12601423,3139071
9098619,1627398
10247120,6189900
6513058,6261989
7860651,6079950
5471968,7659584
6902469,13124752
15238263,15177432
7038299,1013643
16712517,229664
6503321,2228534
8316017,2178260
4170223,1570827
7192910,12374713
3767225,6359232
7302741,2872406
3184921,10169086
10754387,5755797
13156522,4188244
4529099,1728297
1942295,11222344
15148505,14450542
1562618,2321828
7803180,13235790
5193835,9503265
15953552,15560029
15881887,3476776
4444863,13039018
6485548,2950325
1459573,10890769
8342513,8684406
13110026,14817631
7971009,15260754
2361026,6756888
5998986,8516360
16003280,32473
16560033,11793774
14892136,531089
7178581,2207623
10301661,14998256
2626952,13915387
12107679,1863182
15182935,3010069
14492695,11829378
16417859,3209077
12010429,15836773
4011496,15357712
13475019,4609654
13220766,771249
2285595,16065478
3240697,7858026
14544235,10516465
1259155,5300793
2453287,1745940
4538122,10561985
1635872,1244620
14695681,4802293
13946643,12534884
9434875,1890436
16423699,6853660
10888388,12078344
1263216,2424347
7726271,279467
447314,4404726
13097832,3172585
16171101,15487148
7005049,2344473
13599525,5093554
6741268,2107600
10725747,3577721
14788533,969945
16254697,10119659
10829001,7914122
6525039,7817608
13042846,16445832
14883843,12028870
16251731,2396119
11945802,16616821
12846160,16675103
13205283,13151515
15469509,4581490
15266321,14858024
14086705,13523921
6737473,2173642
3958534,8099388
8457367,12751500
11628888,7440560
8456777,5710435
3635548,5136786
9672917,3288983
8359712,13962019
7104221,8250627
5936834,9569020
16447602,4938130
13929539,12971521
15075879,1028559
8756760,4535611
12143526,902065
961335,9423287
919489,13778447
14874851,3689476
10507976,6769881
2916489,16253423
6826453,3519357
7078452,7629350
7159799,10588635
2347644,12945162
14135488,13299494
15804059,5093520
8816806,16477100
7606491,4494217
4354108,9618194
14279471,9174045
16385120,4493416
8037965,8009468
9625235,15226477
16043217,4826657
16382647,6881045
5872971,560383
1944409,11767253
6559129,5347999
3760880,6048418
14435540,14780537
11179106,8250511
13068406,14168188
4687373,3674513
15264574,12053178
9445150,1221038
6690591,12420067
4175156,13103841
4772537,9656169
97691,5099533
4458073,3438017
12949736,15883049
1520813,14579949
16537072,13141407
8329930,11757822
11931746,16209235
3197920,5625337
15063151,3910509
11760315,8663056
7531211,4137405
3318493,11488014
4311942,10046597
4547129,15824374
15850289,8905906
10955318,8600683
5464357,9723534
4454195,11513272
71485,15541998
6186782,5248071
7633751,191620
1580797,10125464
1131682,11461514
1475331,10850550
14355103,6304731
1886965,16170807
6756594,14948040
3337539,15678665
3680808,8873223
2484885,1595163
10918165,1512330
10933472,11815444
11245864,12031056
2679618,4836873
5355036,7835707
16601466,4278597
15414205,16340260
12956194,1583801
14063558,4674224
6749101,9528929
4802673,16043760
9069908,2047122
12718449,14900936
15584972,15920642
15980755,13105282
15839459,16221220
10405007,16741839
9362536,6571730
7511324,825781
3453285,16381514
2095775,3891339
13290084,5813758
4415862,1093139
3042694,5687729
14241737,4370435
14030656,11662925
3464689,10043031
7323854,1560053
9248170,6819065
9617489,3062352
10167821,972500
16524408,228380
14511887,13150273
7172826,15607957
6999226,3980354
9162901,4384165
7112851,8047536
2999643,6813806
6665095,13661779
4913332,2576526
10989742,6898257
8500719,11596484
16051468,8538748
3866458,12832742
12110073,3316528
12287907,2712605
6984919,12397035
8326963,2774904
9585975,13322461
4433710,12644294
16662610,847551
13729909,12864697
15709236,3614031
15666970,10986861
3811742,12426934
4892308,7305173
759193,12461640
3326767,10796701
1082006,8414338
7495243,2223721
12932097,7537364
8461157,6607167
11219370,7138288
7120453,11193583
16203426,7526614
1235119,11546295
15463150,14245382
1721303,11162767
14062831,7316450
3530392,9988950
5184538,4571975
6433143,7261526
10585436,8076896
5997613,5823439
14493018,12356269
14716910,6305138
12982959,9013643
12561689,1503405
10016863,16112449
2173062,10006911
15152705,3332661
2782076,16142504
7778485,6393703
4866238,4418277
11855910,7870606
10411973,5306817
9781626,4125235
10413081,10318790
16248200,10180355
6605233,15094381
15647223,2321756
6626846,10245037
2535827,9924219
13995844,2318173
63663,1800182
9316981,14040008
8383438,14336159
12126304,5593161
6160525,12405420
5315754,5377670
4861225,13023384
14294326,10075852
14193783,8226666
7747058,3155683
13198076,2810174
192930,16131364
1151356,16475925
10047774,6296265
11362365,208337
15544315,16196743
1025912,2545235
3004237,1608115
2171301,1196302
16097241,9174308
13409303,14680210
1333250,15225268
2333416,15129527
10977450,5259287
7285182,5149739
761027,9222486
64377,9361075
14472285,13795268
5987207,4224675
15599464,13430481
6081717,5786575
1231165,8475880
3001832,10205407
6891069,14319179
5553518,13841354
16037014,5543965
13161434,16004436
8145519,10787992
8914556,9508850
1074158,6594699
7011912,2792035
3108307,15215818
12858999,12484828
16004276,6769549
4192709,4282767
12493537,15286395
13506432,3305785
4067705,12203009
4595202,2077003
1275697,4337404
8629042,9523259
13212202,4018905
6773660,9906438
3201310,14908884
5511850,5055959
12024589,11114721
15119703,1347714
6169497,10657186
3343072,13272559
11448520,8039019
2868825,9274787
184144,15011221
3079041,11647287
15267083,12261152
619664,6920869
8089716,9343367
15766270,8693553
7186669,7034963
12584293,990008
12922630,1475109
13378977,2859765
2950058,13381412
8562870,10536979
10741789,16097069
634167,6556273
10777214,11063302
10115568,11090096
11451567,4432951
15403290,9832001
170887,12116354
9613859,9820388
13507789,1347579
13843264,689298
14187562,1107448
13990278,10079638
12062544,313509
11264876,15721971
5459065,8363771
14338528,15898700
11754181,10009154
751790,12123483
14736997,2734026
3867710,12660846
13164818,16472449
5286494,7315899
1960590,1779980
2932020,3676669
5949953,3600868
9970662,10074081
15630842,8778950
5410412,5872253
678769,5674674
14468621,13045257
2383461,15947854
2476220,8524268
9716988,10117103
5470583,5475688
14905022,7028648
3157622,9510681
89055,1101872
3096214,4270721
4233151,5796959
7033086,11556514
13437552,10689770
1010015,10700919
3664953,11224832
3544218,4300423
15980975,8562303
1621148,72173
11305717,14623798
8277258,16629267
7559695,14986488
11732000,259950
2036480,12015953
16347704,5690352
10303973,3102818
9560627,7410992
98687,3059503
332822,1886695
2454069,3477394
2303024,9915007
10368519,6130565
7341839,13579465
14676206,8657574
16421687,14712974
7179707,7357864
2929766,15599638
12223459,2803499
4840138,4444352
12132177,6077604
14719574,9955533
15973279,12013235
12901822,5532182
5317325,6717429
4555639,16700764
4169701,8771123
7694644,7356426
13501266,538531
10622278,6311173
11184849,10145664
10477702,10999592
124426,5508910
10157768,4047171
11654697,16250288
10245552,3019259
4754422,12662373
51317,2832790
12853136,2713328
560258,10949597
8409854,14306796
4320453,16711979
3594572,11672817
4036166,10586679
8513940,2816265
8664062,7287485
15656207,3968274
13870375,3467944
4552340,7032824
4651872,1104059
14959009,12927343
1892180,11614582
6247338,12576088
3859363,13618264
15636269,1586007
7400676,8147455
6251007,14019281
12949084,12550285
11157824,12300257
7872974,1885692
9732138,3244979
3665359,13942150
13562205,7661828
16777015,9934552
10277956,16104649
5633629,8611353
4801465,777992
8374615,8410566
15705340,10709188
9510,2968037
2052000,5970476
8892473,5771926
8946628,14511910
15622045,9421648
4085688,4659622
3569420,8816014
3573325,3435148
10264818,4128072
2575501,3291769
257139,604389
3714968,8500801
2290534,8749699
1838215,4401010
9521079,11578472
8626119,3590039
11618521,8869596
6577760,4151380
11415153,6812872
5969295,8830623
6691593,8938428
11342177,4397558
11377337,9615624
3346180,15646372
9818528,9015876
12121032,3991391
9634148,1320204
6932238,14310453
8072885,7618389
2916475,8078740
9988881,3556579
12699221,5818237
5289361,7699571
2493797,12342152
334490,12121423
7883132,8504096
6582399,15134605
7165633,15535811
7877483,6635130
14460444,15033053
12319589,6486975
13315573,538593
3795195,2321999
3722772,6243104
10456352,11641168
14073369,8403901
2765015,13155866
11008021,2269550
4697285,7744463
16709569,6081372
3092280,10062864
2520440,3637125
1816763,941473
7164141,9164137
746002,5315388
6147448,658500
3177493,16121037
12050583,5773320
10099288,8044368
11840474,224249
3410717,16542326
8122595,7622916
1896775,10977665
3364449,15279252
4291372,9911937
3791363,13858822
14618315,343331
15687842,14258868
8990002,10749019
6469445,3702012
12107531,13826938
10014134,11591084
12311722,5716233
2328110,3507393
1989648,14898792
8132950,9465153
13827947,15161431
4699588,10067444
1058140,10525053
13497630,5578788
11935246,4382664
342598,11001452
13941260,1318152
11789385,9312871
9931911,13142843
7274788,3218877
14456878,5177555
16149943,4919871
9893098,1184145
3762718,5765710
7097726,4606151
7359245,9404424
588281,15066370
7815740,7816593
13132662,4321914
1974154,16205789
798585,10101445
9446138,10532332
14457880,10202532
9426259,13769253
6266358,7453273
3824598,10974318
5172494,1327599
16398331,14620809
2285941,7448610
2588327,14249057
13203009,12595338
8543959,14921171
12920064,7626544
7126040,12859266
13451423,10138172
14596739,4694475
12198430,6674361
4068710,4842992
11355318,7796857
4136369,14301150
12528011,16482924
14213659,2399520
15380470,5528747
11485367,10512593
8301604,15529833
10372440,10281044
10303811,9956887
7602388,15648807
13936735,3389866
11795882,16376781
8122323,13001939
9132399,2252960
5564297,9947570
1560823,9257886
9936486,13397985
981459,13308396
1845614,15072591
8166944,15520997
14040984,10865855
9924656,9701785
15345950,12991988
11388760,4831974
11927331,8988329
3621460,7106188
617664,14144972
7212661,12406250
3770929,6835599
16566452,9833360
16720663,4097883
4161271,3557626
9072011,3594864
493166,4659631
15210022,10461225
7980624,6531018
3974717,6789604
14053802,11185372
11263181,12496226
8492073,73319
3628668,8189033
5177646,4183903
12182073,3471184
3135343,5669012
9850214,4946194
3647191,6396802
5512399,13141309
13168483,8953582
252801,5653162
7657657,8885852
14290029,12700536
12856419,6172478
10494278,14527760
3957695,1712449
4202719,9385793
11659802,2207704
11230513,3331265
2373819,2708709
10771499,12391333
13461978,10098547
3228525,11977114
4959172,7752784
6193822,15616306
5613018,2797766
155741,13882385
544103,16770942
8648767,3108146
13322450,5724654
14547451,5418352
9433529,11167497
7740278,5931026
3045301,15637088
6938748,8642190
14605524,6323402
7084658,4457328
749890,12333276
2549125,10746390
9567338,389875
16396596,2085635
3967582,7329798
3782845,7872712
14279106,16434192
10628155,9525567
11208513,8645524
12043117,3167676
3114988,9564030
8557356,4043707
1455348,12710296
489067,14798767
5121362,15349486
9118769,12065119
7989829,4134241
6019480,2428067
11747975,14955200
10485656,13771489
15772176,10455610
2208474,4734095
667350,14455009
276155,664906
9521141,11104634
11804073,6826488
6855947,6352671
13998913,12785089
6125311,3757390
16256710,8763251
5473361,6383812
15286172,10918300
2369017,4084737
381715,2507138
11280082,8032212
11137179,2421439
13321292,1722881
16117604,11640952
8491033,15889270
4060431,16111965
15974704,12854205
8316098,14685379
15845705,15163871
9020735,11430385
6052979,2386194
6579779,12629531
16078935,14183535
12085914,4206352
3634226,9978437
99197,2658370
3903547,1340462
13679790,2004905
4777470,4921912
15737646,13654699
11934457,16443932
10201896,13840006
13113799,12559874
15666512,2629062
14785975,4881097
11046263,9091133
7498867,6071556
15248039,11219470
11542710,10493397
10962655,16585473
11492057,10525394
1495495,2715622
16040332,4558777
16400379,5833262
3906847,966141
9837074,12243863
16163104,5432831
5301456,8686222
6272256,2462532
12356589,3442293
7192353,7653956
8504315,8006142
10548758,16215314
11791486,1303403
13368896,16008763
8487781,13552696
225739,12186920
907747,8203532
11178676,15091013
112784,9878823
12500699,4923298
7983,786574
11870671,15944261
6150728,784644
9565845,2706262
4611927,1700794
8046227,12233464
7778025,9318302
8070332,13704165
1928011,6837273
15263535,60973
3883884,15253759
7745266,14022195
6269622,4277415
15656525,1471258
1450404,10456365
885082,13335115
10826195,12539459
34481,13636611
40609,6542544
14622630,8392007
13510480,2693970
5777441,4350846
11825847,14793163
15322447,15966271
15171278,7020945
15245948,10281808
7102324,4603522
12141885,15730151
8678395,4445451
16026476,16695902
1868913,3845500
5843941,9300324
3660076,10601347
10424064,11093599
9314752,3883070
11774141,13249207
1721051,3972688
11582771,3665025
2878143,8887985
16757720,143222
4642248,5280204
10064635,13747722
1175269,13469486
9443824,7310726
14984985,12248287
3904902,15639983
1988157,4754432
7442588,14992500
5528824,12013813
15663799,445252
93468,8937217
1690461,12573894
14084148,2671616
1460684,1737424
16784367,7825225
1826243,5925462
3946247,15484313
8720029,15666344
7346405,9032914
9565711,16157655
12385220,16204752
15422140,4776493
574873,4623935
16532252,2797062
12909603,2574241
16708102,15678746
11846754,5032953
5745609,16072890
12827758,7108234
15215069,1645226
12845534,12189659
7382126,393045
11151652,10121967
12926978,12832018
9274618,3531532
7650456,9188928
10940351,6550949
9504343,740822
9689675,2596269
1018217,16229206
3054300,2679223
4502457,2242469
9548365,14351185
6404528,6591081
7792818,7489749
12748642,8821716
2413078,2500861
10209204,11341812
12947691,1216890
659729,12766936
16528411,898017
6494964,15147057
4883706,13590058
10360712,15514965
16309416,2916045
6500191,15024252
8499716,481215
13132972,15906118
14531205,2240188
15626853,1525558
3855353,8109443
5193871,3305311
1952,11203922
5819936,105843
12678656,12978288
3010344,13344466
14925168,9819129
8297401,16201678
1264262,13603807
7068357,13415466
15481722,2099432
5131404,13138691
9198426,13428408
114932,7978360
12458165,4720075
16777178,9317550
916372,6343453
14289245,14447736
15623039,2359401
13226789,16215673
1878947,4909635
14833365,8802600
3169489,6232535
1551117,579670
1417834,4622671
5843711,8340681
4373575,12689701
11521721,243129
13772297,4213404
5923884,10595800
10388903,11613132
11897991,6260714
3692443,1416279
1985059,3358580
13111133,13755379
5532593,15252713
65757,7913804
10851925,2980151
16166352,11294116
2214791,14692511
16368018,15848571
3210071,9516551
6094221,12731522
9418611,8410223
10374139,5081638
11997177,4699932
2266737,9608090
4792707,3862973
16079344,4696109
6881157,6740543
7281076,15588334
10602044,3619280
1605533,12728417
15769931,7141517
16196138,4005082
6543897,6675825
7242747,4265277
13467732,5792045
16681354,6704020
15151823,2867886
7646272,16139309
4270743,4632033
12676235,6164011
7852174,1555886
4489530,3324934
9855871,16708007
1544074,9402422
11688704,2618024
8514810,3704024
7108460,10082204
12389912,16052831
11398767,15155723
8910054,5131313
1694531,15332965
935552,12280236
7681911,9669290
2874555,7768079
9564849,1870946
1255565,14174520
13209283,13736500
13392718,4176300
7218435,14339008
13889280,16549005
11505330,9931287
5909185,14943804
896148,11260798
2892611,14851438
10267492,14148356
5595356,1029325
12716352,4324821
8024122,13107040
1371759,13912206
1443166,13705254
6204602,10251114
14822353,13789497
6052960,1747981
1564114,2680086
16084472,7473501
6940150,13512651
4632605,9896490
15154065,11484310
3525764,16556802
356040,879193
11954930,4947107
12768774,9236079
969827,11546754
9813697,3504946
11017057,1253774
6850060,10312594
14059572,12138580
9731183,4214478
4284753,13330860
15484783,6153106
11414078,10073539
10543561,2230821
16366978,971023
2703971,16023823
10606851,5046146
487211,340847
4812168,11754036
16295308,7875828
16099703,12581651
552650,8480054
7437176,11368721
4740254,10993057
15207171,15511612
14905905,6956906
16035322,15049653
5597316,12680516
1299004,997154
16349050,11741545
9007564,13540396
16200953,13783430
8632523,13093595
7750138,10870158
7464694,5351809
2341965,7111928
14587897,9535999
12807025,11152167
10465405,11058124
8494709,5450941
14224884,12344370
10589947,15447472
1715429,440079
2072835,15015503
6190888,12480641
16111559,14766750
16663672,7329564
3216712,12016985
8208387,13340099
6826918,5873663
8989150,4475703
13576964,13944234
15856025,589013
8586004,7411380
12157087,4637400
11055366,435944
10195921,13807474
6982734,14577577
5104606,2831507
13404599,12277155
11886264,10003653
11730372,1483514
14236093,1640276
3126668,9504749
15992047,14647397
14171012,7029943
13870770,5063784
5260173,12222229
5158268,10571520
16781025,12135334
3328003,9311255
1225371,12388558
15370878,10426992
16523590,13995867
6269432,9130366
3530867,3812450
15756180,10908595
11359828,7608156
11735168,5405097
3729158,997929
4249570,75253
3565191,6061878
12556892,311996
11125915,15833715
15756588,10140522
9656883,2666733
10982168,666132
9064876,14085924
5869989,9443570
15099767,12447439
7167129,10829591
8262094,7584555
5104820,1072930
10775910,2827347
8924998,3852202
8512779,4632786
3840852,8376803
9735397,10251864
2009498,6877276
11834220,2302847
9657941,12596497
9399447,5473783
8727481,16239815
8029054,6452236
103217,13385591
6417382,10953354
7334828,16488783
11357290,2094426
2017771,3241533
1629004,9105033
11248332,122819
14812793,10463064
14901577,10503863
8414000,11543535
16791318,7462818
3052378,15977923
12505947,10095023
7466172,2555875
14966329,7993821
12033136,14936090
12440345,6225470
6630896,7725451
9382238,223914
185655,7970397
8932434,15923063
12148329,156379
10596900,3522114
7774775,1385227
2793957,5418374
2292563,4881779
7066693,10916301
7272124,8920571
12961324,6586448
1472560,11567623
3287631,4085589
9017731,14716084
11035641,14665812
15766915,7396072
9608421,1917296
5046568,1782996
8722515,7982975
541517,16213609
5259532,4005861
5567524,912551
14907042,7688393
9947437,14990011
13296969,7936870
10698516,15349543
7674429,15271001
14945146,13678232
16373277,7865136
763177,1580229
5756992,4101450
14595813,5570347
8613904,9960046
8742019,548375
9940312,4903837
8057444,11231604
2093871,14293840
9454472,13912435
7580529,10581117
4741194,8140029
1945524,8123695
16333441,7907824
5375223,862973
10893856,10544414
543946,12157987
2397651,9614097
16688160,2666755
14844063,5232672
1794952,6684968
8760020,2253119
6995617,9548481
16711428,4230388
1603213,8237536
9320229,9679192
3848901,378505
6777852,8506629
15157009,3363889
14234500,13002452
13352885,15902945
357132,8771227
3738472,683265
16770517,9011883
16017322,15758637
9659753,1594004
4812264,6499265
12671229,2229703
4978431,12782407
9955533,3243894
8580848,11052215
1938245,14624384
9900167,4942636
15553850,12159769
11214737,5265709
402947,7014506
2865691,4998723
9768502,12038425
9432981,6649023
21693,632142
1648756,5686682
16349017,1272566
2461801,4600645
4712174,7338524
12261766,9017325
8361880,1894325
11674914,14986368
10348483,6479289
71721,11118314
2616243,16516672
6498866,16381845
11138700,3840081
11710530,8002932
7121565,10717298
6555910,8041678
1446143,1681283
13871481,9060537
8702037,5898226
16145252,3927992
14687781,5723293
14618844,8379751
15700546,3169043
16644990,11536109
235296,8975424
11942228,714062
10503086,11641470
15046509,15808332
5586624,16331506
6885896,3533445
5850113,11275892
8898149,16768716
14636429,8354025
9606750,8502984
2959712,4111874
8975585,12140465
11243125,2536165
6587978,8100375
10089765,14441942
11576231,7946086
13415556,3347867
13463458,3408073
24811,2988330
9642457,734185
13613320,7958335
15612137,3617912
2533708,1711100
7416440,4009098
1774517,16712465
2316255,8347236
3909867,15228281
9819511,13860757
8750979,11605955
1090614,16414367
7186127,3407150
11203411,4906002
573988,15763268
12806767,15806312
7864680,10660686
10969116,13098707
10878099,5198300
9647330,1599181
2471850,7541005
11667646,1983023
1823364,9079322
8197224,15989322
7526158,14978070
2943371,13828006
5951857,2841657
12110938,16381407
1462912,4701589
236316,702455
10993311,12069616
13499849,10282720
6310451,4569261
15658905,4121221
12873336,2044842
16185667,13117937
2849506,8150075
11221546,13041688
7373564,15369216
5031736,3649343
3576633,8493287
11420297,4962608
16341260,14282063
4316962,14652142
1420889,9407769
2178150,12899633
9356453,16624335
13415232,9977366
12039038,11227811
3243612,11267491
15110679,5692077
11656728,12435991
6007434,1576662
10998881,16475899
2166728,13402959
11568537,7182839
6157768,14294508
7576088,2753087
13177049,9575349
7398864,7862247
6645093,15616802
13642885,15106697
1867276,10601693
9107428,10830180
1033219,4780243
13699326,8916253
727461,10029324
13038688,1484017
11312664,9933166
7101052,10958901
16156786,13701503
14632791,12273650
10749921,1449465
4649856,14086416
2799050,15572396
6157491,7536207
6988409,13990608
1614069,4352632
2819321,12565286
8340770,4776562
12557760,10801305
5125339,7913335
15377793,14435453
4622837,3486470
996927,13476508
14925957,4075935
7035221,6577853
4656511,13131093
745713,15432717
16391510,7137642
7651146,430252
7216272,14908842
13679844,1896413
512580,9018675
5904684,1645433
1521232,16377754
15207712,15755471
8318418,9925513
8467457,5052777
8515467,7933592
7585991,7522369
688242,3289710
5892080,4602007
3838638,8814046
8118419,7522251
8217564,16474196
1629383,14083976
15420274,12512112
4267492,8832428
12128099,14218633
6029149,4651703
6661648,2811257
7009726,3172709
3295377,6171852
7443917,5093754
427132,3848105
6116388,8819445
9449551,16363156
6677809,15496118
10056037,6779263
7340086,15645535
10409050,9992710
3276481,13335105
8740658,7228794
6870371,15198087
7272981,9060508
2588093,5609459
13041392,138751
8868776,12666356
15878304,2390384
16440288,3056253
11401284,3066850
980081,12535570
16243061,13666724
1517409,12525994
3412428,11290182
7852383,15342879
10027728,9138285
11151521,2271864
13371518,4785300
7961549,5449908
9146944,6097510
10282088,10018547
12369296,8754313
8804798,12430013
8572892,13960865
5843374,14971262
15269549,10070400
5269333,1391946
12160143,16275581
8525144,1038919
4217377,8845135
8291733,15576477
5317475,356373
7333832,13106967
3046058,803380
10550545,1117153
12310133,16756109
13315416,8940585
15692341,3036545
16647748,12584782
14095205,16106147
12123238,1627047
12887791,12594619
11481186,12920597
10609723,14135114
14270292,12339614
14923211,8292992
5654208,16339860
5570609,8337085
5446594,3546565
7373363,1891637
9390180,10007871
4871647,7231174
1504060,9820624
6405305,321693
12260410,6421889
3268235,8413205
8503919,10206798
2066239,4085225
5030343,4832007
8367146,1408351
15002956,16022565
6683014,15851318
13199215,16029605
3257162,12267058
8895593,2622057
11753697,4811015
5966237,7074044
7603353,10356450
624397,114177
2872544,7993925
12717893,354591
4913126,5169419
11049649,8411816
4582135,539533
13130777,7989838
9780689,4931409
9158196,15845959
4669032,2304128
13841972,10847008
4729810,12599454
10180846,16440761
5049053,13156762
12635185,3694225
1164419,218816
15771666,6757909
11462520,3593748
14711438,14074679
6257010,15481026
6277303,4111487
2055247,8530098
10019296,6527024
5190177,13961544
7211808,10397651
1560889,8005481
14702235,15772007
15191035,9135362
8164317,1348822
8205462,5787529
9782285,14360572
11233332,6166353
506500,1593720
11265801,9090500
15516764,16041026
7531540,7238998
2743329,3916587
3346640,16358666
8623392,16008525
347112,10605684
722576,4902811
2702683,15409124
6056320,5452157
1879969,7951710
1351108,923958
15798740,3468095
4859129,16154549
4502315,6256598
6525299,4211308
6534728,13724155
13344179,16702381
6539922,13428016
1963894,8203436
16350504,14596398
4006105,4360192
258768,14572354
14639251,12080298
13917330,9445420
5018304,11778130
16276187,10661356
9154966,5616806
3169550,1343846
11909017,6511712
10708882,15816390
2577288,16531194
8934408,10008721
1316593,8014218
6618329,14135049
1537954,11565101
3288303,7186893
9437847,2790725
14380376,4892455
4796800,980676
11524606,14705909
1489994,9760916
15694464,8204730
8704765,6340082
14992323,800248
4083030,7898360
4367684,7811025
14638351,12797112
6473621,9802762
11417993,14744695
12124144,14521917
14426320,4580296
12253025,3576198
13502989,4133440
12032662,13039585
6196859,13755853
14683856,16535616
5213285,3285688
8035683,15338761
2152837,12037113
15088006,10336903
2703211,15245870
7436932,1695075
14596170,13925703
3998548,16485678
1059981,5127849
8954860,2102070
13946565,4489380
16546651,128342
13405194,7225161
2334139,6958276
6321358,8845798
268480,11044997
4250606,1261303
11475814,12751174
8650506,2050141
3679995,2797018
2378342,2725717
10632724,2233514
4621128,15674046
16327174,16030251
12902760,14283435
13143663,777311
16683534,9199663
6150836,13486662
3702121,13793822
12637859,3558272
5812027,13586790
8063292,4990145
13672139,5261431
2581571,2270494
1410633,15004776
10328191,9790450
9412548,13439841
11199108,4526640
10354409,1324488
1673268,8920274
16472554,6293422
7248132,7011313
4706551,3570878
2967018,9697552
12161009,12466238
6143113,10025742
16069678,3978850
5794605,10093778
2355703,15126535
5145267,12922601
15942811,802404
6403272,5274071
11657993,7838866
3242079,7645613
5967205,13086260
16186186,11402335
9412844,5211966
12838500,13921247
3825326,5806426
2156636,6473392
6604032,4698513
12870375,7104098
8477972,12962644
6347112,8358384
7822144,16252329
8285876,1471899
9167571,851665
2799066,6618393
16631285,12760698
10024655,12860887
13003091,7088409
16223093,8520987
13597337,5584061
925528,15591862
7852234,7417813
5727632,8419119
6305458,2738299
6083746,8583878
1680214,1348197
11759814,13198185
4259667,2290386
11824992,2766657
7409689,9944453
5773095,3725331
12644732,3778272
7128791,16691626
16332851,9781453
7005596,756520
6960305,6017665
16535551,9520581
248898,6995437
16436003,311448
8157430,1371326
5104118,8648226
15108446,600084
3851313,10187160
15718417,10528357
13726196,6980060
15904951,14144015
10108453,3635713
2027886,16307515
4624687,10867594
16324129,12448948
13406210,3248888
11801866,16140925
931613,15979436
491334,4660249
6180983,6908582
11283142,12320266
1224086,9784366
5941049,5531966
12851955,1290226
11483048,12264098
11683847,7779634
7253293,4685960
8382687,4712975
10919350,15845829
7682377,5571484
5795914,2323875
12576893,14195415
33109,12709225
199205,12353416
11763733,320742
9434104,2148945
3736889,13847286
1643699,15633345
9420299,12373905
10930883,11818555
3431479,10910211
13091603,6072150
6413967,2386419
7187836,4888662
9358538,3092249
8875744,16444751
3116398,12656043
8551415,13190936
8117963,2320847
4295525,10407679
3967572,14241649
5732667,14961262
1528268,9038349
2646053,3516193
10076437,4163088
13945836,4234766
10561358,12599578
9504075,16467552
16119603,5367620
9003512,15116284
14876810,11386500
10803760,6606464
6251248,5612812
7660693,8787336
2449984,3712589
14280722,4198469
165037,13032424
9277794,10668627
5506027,14905476
1679881,2540735
2357736,8519118
15018495,3323142
15502130,16113484
5720501,16354138
16793340,5080088
9909163,3630137
4860935,11465146
11089288,10989202
4101166,15734146
9837430,5050223
13740367,7053209
4130720,2880198
7337243,16438307
8782164,13426317
2301094,2717554
11462074,6413200
16163750,16225769
8974344,8283179
1843312,1113000
7556177,3613986
9596149,4546309
1519538,10778382
10235887,4613658
11401958,12616186
13693028,11354141
11158745,14566632
114577,9961771
12404666,3577711
8158096,8473362
9391108,15625908
2967545,15772878
5282971,6680640
10437544,11653297
5047797,16332017
11263578,6277901
5374695,3203544
15594326,15009687
12728813,2054364
784434,15654978
14522445,13505275
16294810,1794318
4155662,11570851
4696066,1594665
2192936,6546647
12456422,14602833
5276604,14308980
6173653,8461215
3342477,14870445
5328158,10107216
14958211,5538744
7068315,14175651
5573330,8060940
355099,3206061
12862897,6003743
10102223,4028960
11050916,1229163
6216622,12566494
15135398,8510472
5015620,6892966
6996736,3672604
2116891,4143083
3593150,10414875
1498535,9202779
8764422,8449207
7544187,5911346
705507,2703915
1011786,1314430
11528363,169155
10021702,7231869
3437044,2926162
3699025,16093926
7348235,1652536
11829039,5675184
13547061,2773269
4639712,1017623
5272356,15031906
1582924,15699200
9880455,1240521
3234048,16698271
924943,667273
8323635,282625
2792258,12864468
10409111,1945997
8660624,11443092
9534036,15895228
13067187,15388451
7457551,3907510
9940261,6788406
14339429,10818700
5476607,4530444
13963823,65150
3821180,8259870
15903499,4521265
8564699,6211818
4395484,2100225
7952957,15400280
11824426,7852357
13758075,2497919
2574785,8796822
13630528,11643295
6429127,15167779
9755905,759669
8595332,2530301
6393542,9800338
14518506,162543
14378226,9771104
2088693,13851533
659222,2454919
4805791,12724156
12571297,15886098
12080918,13653696
652335,14917089
5592458,10948363
1332777,10979699
11728021,3531119
14830030,3231311
16039697,13268625
10249545,11704883
6678397,8958040
8554224,12805323
14131250,14949035
5867829,12528203
5549198,15780748
688276,3898959
10112183,8791161
8043273,8408641
10895749,9409483
6265402,13576812
928595,15530271
14105878,9780476
16460662,13762596
16690654,16347184
6215433,7287043
5293242,4668552
12460560,1141557
15280731,9138094
10336383,3869360
6906323,13719090
7352818,13175331
4133512,16296045
13491350,5466329
11925428,1696094
13228824,133058
8002727,8918067
7764913,2059411
1117209,3064294
8606373,3812956
12006631,2055804
6430973,8811983
9787601,111986
9851877,11229678
16344415,4515132
11986032,13353479
9232240,16585546
4294776,9898819
7053867,1240052
13407357,14614405
3128998,9802989
9807503,4459849
8354202,6031002
7779612,12644360
2350291,8143597
3983368,16507829
420165,13615726
13001110,8392109
9931453,7186338
7722000,14323376
8326666,10202178
5385273,15341209
3613703,5737156
8086363,4913710
8683402,3121704
745138,6499544
6583837,10100202
3037146,15146255
13783046,7548394
6768609,9711441
826931,2324645
15400619,10854547
16047648,6142935
15281552,2716834
11990789,16529501
248205,15374745
8312700,4511106
10665586,15570172
10451828,11946182
7833125,11545102
9322132,8835437
2449689,10546090
14406336,10155370
13052263,14846285
9014056,9677303
2032369,3026360
3130461,635507
1131004,7832883
13274454,1252918
7350162,15975538
3080457,13154939
14197962,7490192
14812214,3663741
15202907,16409169
2734745,172423
14440585,4128436
3129434,7994598
7615947,4328286
7050623,2628394
12543292,15021644
1243195,5741909
2530300,4767749
9039628,16065906
5026934,13840777
13584239,7325034
11524613,5248840
15393721,13891917
12855006,8791759
8048338,14058466
6271095,16385035
10751789,10878499
13523579,10447220
1912626,12834298
10786061,3504917
11965528,1310226
14722994,6792515
13129512,9140182
7761603,5278085
4858895,15146678
15961266,14550204
9237072,10499813
3886856,4349481
8373840,13116137
14453891,10858960
2360880,1965852
2637403,10417339
11391305,12030529
5250605,2856625
9431088,16364534
13959175,2370397
11838800,8861709
7215321,16793671
10654884,13694091
11873872,5792132
4209732,2969938
10324288,13587087
14627674,172390
10968833,6637227
13584423,12481684
1400201,8780125
5854131,3033949
16442088,4499135
3073115,1443201
5782926,8783370
12315248,6677247
15741494,2689377
11238773,9963939
14104780,14809356
15970181,6466215
6427200,11372513
11907450,5620392
14942002,15995096
6238797,11135531
13076612,13224098
5967792,9452532
133801,6625811
9656987,6027042
14453499,9810076
3174925,2340903
12580693,10683204
4251323,1612279
8424030,10558528
14517034,9628679
2836504,16558905
12149534,5883237
1428257,9921894
11513766,5511336
8975263,6071261
798023,4379849
3887171,9979133
1302017,4898630
13911274,6406221
1071253,586813
5914232,14132122
9981441,12758489
16032694,389583
4303530,4101106
14631385,8787425
8140271,8937030
4560279,13537984
13266413,13120241
3040925,10151778
10192761,3252161
3361479,13653442
1000730,596890
2558309,5749254
5077328,1775008
12221040,3262831
11694319,12819006
16759785,2968788
1140036,5776141
10900447,402238
8240185,4984519
3011802,10082424
8093447,6258699
4868805,3920720
3365805,14032683
4323015,758050
484756,4837161
9915158,10212036
12987201,11429077
2500537,2825671
5391715,11862603
3111184,8843021
14352702,15475349
1835192,11512469
15215237,8766440
8834243,4936395
5377472,9524216
10850595,5330094
15709221,15353761
10589852,1218555
5815261,14613141
4857088,3660479
11090827,3471849
11005244,8924692
2371523,12289125
3721188,2804926
1613713,5119987
16009771,12230557
11697005,12844426
14676440,3667155
52742,7605470
4125674,4016823
612678,9311529
12453380,11452394
1067504,609388
15641901,9336602
13406460,15810026
11831818,6891142
3548417,14623647
974290,13053167
12660923,10995191
4831006,4171965
10182903,7397789
16462915,10469066
13640358,3793287
7359235,4885404
11070434,10180126
7700039,2509979
848953,13775344
3565357,828762
434705,13420079
3169792,1756132
9496320,6367560
5972112,8169257
9647158,11994222
5128694,903311
13703082,8590605
12652484,463566
2032908,1346201
10624924,293041
9134715,10590547
10368772,15181424
3761705,4603933
8349784,13966098
10236440,10025738
2267307,3532341
7613813,16450541
3857717,7471586
8468644,6976451
8995779,12674474
3953620,11154127
113728,5556913
11914891,1941447
16297176,4370798
4533354,11367297
3289766,13991260
11217320,12112444
5172661,13025997
11793553,15498794
12609329,4708142
8788374,138704
6155165,1754945
13973476,10419395
9926063,1354259
16119386,11032
10449291,8605594
4368378,11458542
15188130,3307476
11635339,4903236
8020700,329481
14147613,12109062
1942645,11888280
7272772,842637
15663530,215313
8768465,11414527
15285912,12166841
1349760,13243547
593934,4715391
7565028,7395171
1965597,9167463
2542767,16347326
14861271,11566486
8164420,535828
10414065,6077443
7861686,12208222
10389291,8137122
8760325,15612713
9072266,14741553
5204548,4995046
5560467,16785110
6803164,1956575
12616755,2228773
13774217,204404
3751300,9315221
2333252,7289243
2210803,757266
14928069,7307961
588620,14957733
2894744,4962669
5608693,2317751
4839125,14272501
1867662,14187591
2624016,10629058
14929327,652476
6075549,4971935
9103474,10471649
7649579,10820801
8637994,9341751
2000493,15261857
6941415,8600843
4514566,2881338
12958932,16333969
9118969,6587204
3545889,1177129
2365811,16543954
8484054,12443867
16568198,4331139
11375155,12981803
4834411,2411950
10285152,13671867
483115,3511298
6586140,5023842
9624510,16178982
2233036,2996535
13456958,7751201
9492203,12929598
11249083,1076586
13752001,7531745
6072541,7999085
10029559,5324356
14432267,6563842
1096823,6073361
15854875,3737327
16613464,10769179
13258302,12579828
2116286,10497763
7313694,11808041
9795412,14454282
2665973,13406014
2872159,15718947
15014531,7215332
13310885,3673045
13576948,6691076
4895455,3133444
5376535,14007867
8029802,4994788
13974416,3039327
10358980,8388095
8681000,10681916
8166897,4335952
16742597,15757384
15117465,15093888
3566381,888046
15232458,2881237
11070335,4661451
6394939,187771
12515788,4828542
2023138,11080134
15773602,1406179
10959409,15423452
13768521,8373477
3875080,14742823
7552825,3731141
8034427,4297171
9145111,7188725
2272836,13735123
4557542,962991
8903496,9538962
3226616,4796352
5163549,8058338
12666945,7066863
1777823,11915041
10313173,2885976
16758708,9032433
14639957,7779933
7426387,15924665
264024,3528902
1379662,9727218
7296366,13576812
2737970,1172166
3900588,13152023
2171730,3618629
15530983,9509925
9551693,14031831
9212290,10618044
15402045,7885152
5178031,5549083
14129031,2446982
190845,9276771
7197346,1989409
14779850,12926335
476553,3277481
11736339,9912367
1140133,8527824
15961908,173706
15545023,2790603
11830818,9281124
8910741,10362024
4847657,640737
14168041,8772602
6180682,16158575
5093344,15836500
10337614,1952304
7107439,3044780
13090394,1534972
6148460,5148551
7409652,9615280
7524554,8523039
8186513,9151870
8327440,2725401
14673327,15094768
11922322,16158735
11185213,1036619
8854867,14632932
2836157,12620552
7435510,2833368
13141611,16581472
8654283,13035165
11540949,9366190
3557918,15176293
10101179,3411257
5632338,2332059
1339244,15219781
7760607,10881273
6059900,8146943
8993187,13996500
6598181,2640429
14135400,8129051
565327,15315887
3553008,13768686
3409690,10416218
16760803,14004201
8853034,11725201
15560915,1100809
8107963,2034425
1380323,5307963
14033380,15787416
3382328,3111664
12080052,9928645
8185650,16501321
8334840,4825517
2519507,15601211
14015818,2365249
5659807,8434406
16339258,2525587
8773213,16692414
9689052,6086473
6251226,12841023
241837,4153307
1824276,12545364
1506158,9158182
6049407,5327050
4706462,3165126
9179160,13422697
15661043,514663
11643915,15265948
8357599,152414
11102187,11737742
7207142,15759370
7176109,16253938
6393405,5288430
13540452,11917742
6160291,467747
6223922,6816008
12410152,2724697
10926008,15380078
6950549,4981826
5245646,2054747
4519290,15700933
536477,16773456
6713071,4342041
4128370,9312382
8917055,6664510
10378675,12133970
4556250,8796936
11732544,10959916
6475552,7799954
15094478,14123848
7198434,1431006
14455414,13575826
2674439,13494292
4249892,10493290
14922681,13925842
16115701,1260631
3043674,1286825
5723503,11734712
16641585,13564916
9694008,1341468
15638927,15689255
532780,2070288
1243448,12744825
15140667,1582013
15425979,2873048
16037281,7647218
1910106,11370457
13312077,5372729
11034265,12027731
16622096,15214166
5725140,5083007
1127590,6985259
5585814,11581638
15933002,9950468
7140244,2354586
9701317,3366996
544757,15226607
11539519,6512752
15513537,2770199
12528425,12330644
470032,16463684
10977430,15691742
15230328,8796130
9012116,9815400
7115096,804901
7122012,15382916
10448745,15223947
638708,8245089
16549982,955451
3215618,16137919
6477876,13342575
15713718,6999944
12220519,2433169
1910894,10878491
4543850,3583597
7738264,5235736
7035479,11218605
7888480,14369693
319455,15508278
2821912,1794587
9846907,15233381
289284,13607424
16693630,3789098
6435309,9377731
811994,15522549
4947580,15236544
12531648,7041804
5930793,15003138
16155582,8287651
392816,13714074
2084490,2707759
11968368,2887806
14931441,14683462
3354868,14753596
907295,5166863
8262959,6517407
3195162,15778519
10134924,5759636
3351158,10192105
1606844,14022018
15873430,6605908
14738600,2644757
1131227,7151768
11085345,15000475
8251792,12351829
7390885,577914
8647380,8392488
4012953,6928278
1549808,13694788
3989444,11496422
13487036,11925358
14349672,999992
8942264,13680840
1826254,13839947
11246115,5097363
765142,6731340
14166852,13001930
8606887,7437793
7638845,12673257
11282999,3396300
15613874,13991141
16580228,9440562
14611076,7279484
3911883,14698256
5792779,12361070
15458937,5777544
9186225,2449092
10282119,8080430
16655405,9761410
11131788,15871390
11238889,15909766
4194540,15199484
12230323,11605120
3344309,14004489
10715739,6549104
7335552,14433832
3739056,16584563
7904297,10017656
11237797,927116
12583559,14933920
1738339,10278854
7807739,6558529
16185530,3747151
5931079,4408706
14501630,16336161
5173839,7600752
8154135,10675755
686615,8396908
8586364,1522882
13893435,3110135
6586983,16635454
12410584,9752169
15629733,3707764
6819452,11499010
3028255,12888830
5712628,16499142
9484328,2596603
4038945,15097401
1056022,11657624
5756615,2036348
10706411,11982478
10729629,6469188
7614725,7210412
15881612,14612103
4203835,6249530
8372686,11378554
9154918,5411385
7492205,7770086
6030203,2002817
15516145,16198497
10067979,15840776
5476848,15699291
15040905,11578632
12227205,10595917
12614856,11542436
10199886,11405666
12245053,14289737
10770083,3824479
2180943,13826915
6739917,4291055
7375595,11740423
12861106,2922739
11843965,5258867
6127332,14027567
13119333,14814774
9494608,5683220
1223253,10048934
14024703,14578781
8400132,365178
4134550,11270827
9606989,12454645
11251036,8044295
14635491,13578933
11211561,9120520
7374537,1339422
4058515,5364348
16139418,2838113
12918095,16520377
10996605,12619911
5492653,5244601
16564949,7800062
16510007,5505462
2176814,9280202
16014504,4511030
15528583,12749723
7608512,12975429
15235093,11684151
14530086,12914298
4276242,8903357
10325633,6105030
10377249,5275017
4915497,12753621
3493925,15462792
426247,6041149
7439634,6249139
3397952,5339459
16102281,5764655
4426935,14711809
12767672,2879155
3247967,4784557
13858608,4647702
4329167,3097798
7651763,14566902
8010969,15393582
13755793,13899902
1611801,630531
9822319,3211127
7240449,6128951
9753088,16472419
4754974,15096595
9118646,2782961
10679721,3612979
9097209,10861067
12653876,7066805
10151741,2960805
16137906,2868715
9231766,3959081
16018980,12829752
14256025,13242741
8266562,12897540
8677849,14124745
13995834,11175835
7693081,5258297
7548005,15290842
7599813,2994370
15200704,3960222
6967707,15158748
8872113,5555687
1238282,8067821
7780763,15367548
2711718,1048099
11344356,13288976
9200258,8150705
1106598,16207169
8613211,13602168
5094090,14439771
2645505,3202501
13814600,7416119
12732449,14915283
5951775,5111550
5126773,7849291
2628992,4993452
3064952,3281303
14465962,8077266
1508305,14819052
7964236,2088479
12796797,2820464
4308758,21150
6180905,8559622
3501510,9151537
14284701,7834821
6180300,16316993
7766552,2612915
8551560,2515015
14171704,2404768
3442277,938390
11020898,3911928
11344317,1133045
14880995,6266677
8906332,16354627
11709059,1951917
12235364,13566611
15083363,5258591
10519018,5927427
2352959,10842773
12363320,501903
4890945,6973508
874881,2060859
6680224,15027964
16348405,598972
9328263,16045809
15268782,14986110
5849379,16007436
15859527,10324690
11552630,12419457
7092308,577765
3588054,13798553
6366863,12480060
11521379,1867553
11800868,15971532
3588651,3857462
3739195,11340054
9111752,9894810
10157011,3146055
12694408,1134235
16007994,14069597
13473798,10198147
7625995,14667724
8982144,16667703
11889974,15690718
7077087,15588547
873910,12379368
14210980,7409506
13895695,4928996
14076131,4936702
8611131,13995051
14036879,6192564
16585658,11307292
7033102,8593928
13136774,10508615
5284193,4260241
7501414,2528991
15359970,7180916
13871157,1021252
13145134,8099764
1211281,1168338
9602925,10496884
5256397,10165170
15065753,7327057
2015418,11336595
1398729,8535640
6473508,9985219
433796,6964800
6006769,3054834
13153513,9831020
11543710,9436328
13664920,3234772
5587267,10958143
4331741,13067123
3126232,4173776
8808413,15670291
7542719,9260053
3408840,6724844
12447908,10845180
9614834,3509829
13725318,12284229
9917456,16415198
617406,13346443
5901837,6726350
12491291,10014267
8781433,13268556
5756552,2454853
12556948,16263040
13180012,9193278
3117756,14717662
1939082,4095684
2624523,7907381
7569395,15040919
11335577,15821793
8889607,8017915
1542140,7726986
9653629,2800321
3184473,10054326
15225363,5390187
9968368,12161480
14258285,4573970
12794406,7432478
3409536,1106008
3165366,14386173
1160514,14760645
9852015,2324520
15450489,11132626
7630838,8819984
10617353,3310920
6281452,9627045
688661,11563312
10437699,3781273
7890916,13250589
13430510,3000939
6830815,3951102
8258853,2356300
2942621,14020398
13368151,2059871
15214512,13227339
7170247,5016859
2541558,7320135
6146444,4755956
15522053,15227669
3533442,7861992
13678523,5724181
728295,4269112
4326434,6940290
16366185,10921260
5807726,2584244
6044022,6618086
15846650,3589477
6863437,12807148
10633742,11149087
2093849,7220686
14386568,2817539
8392432,11317804
263370,12711257
4035814,12952321
1040026,11746327
14214501,8953414
9206141,7290307
16648560,2613337
15028067,7718131
11509791,10003500
5211292,3335886
80606,525015
7235823,7681305
14708667,8509252
9800990,6753871
16609781,12159990
12312563,10086658
444362,1008854
7544609,7237932
8495953,12017430
8068825,15055538
14000440,8501332
4639161,16119375
9020677,10256078
7276847,1155514
10493801,318347
10156329,4068110
12834945,141304
10725840,16571781
950167,6142477
6843294,3288139
4788257,3345504
4536694,5764417
15021458,1268784
9851936,14318914
11188720,12124428
2766126,3081307
5072661,5946189
13563234,10261206
13224683,12375753
1451884,11573975
9806109,8656971
14494399,6546330
8286593,4847017
3701917,14370105
2988993,8216683
1915046,8541182
5798540,11180547
2603620,7037973
2230606,3344399
1555553,10943392
399728,6333240
15254284,5342084
12452583,1108958
3772405,8672755
81795,12369633
10187254,9035634
4848177,10143045
4412062,7092482
15219859,7760429
2466477,4512485
1545605,2636811
11059085,11769497
5590696,2648381
3520783,8799930
1627226,11842620
4638072,15463182
12356988,6409284
8767969,16560002
11799243,8620969
12666499,10237273
476297,1721927
13819485,3109040
15141,16274015
2524870,13723255
4448392,10242443
6906633,10732162
10774894,7501850
868904,14960773
8809912,5154246
3580367,8907910
1725439,2008976
14128870,7178474
12178957,9145339
10606621,8356376
7200469,3241758
9629958,4996511
13458338,12918287
10896309,13200988
3967901,4582566
4224572,1265261
5467498,5850531
16121007,10876356
11838370,9244808
5477453,9158608
9337732,7580923
5020258,2070744
7926208,13513387
8608281,5798544
9186951,14637295
3907417,11519438
13826533,13997351
14305014,2440751
12237051,8800928
12963549,5503059
12522934,16032713
11112111,13706890
8214889,441324
2678964,11422251
53498,2039721
1576492,3638782
10819846,12110369
12798775,3231360
10303076,10592918
13320609,9048807
10294153,5470971
11331952,2111378
12806159,1715656
13713198,13688235
9908733,2292353
9381661,5359553
5368302,3614970
8077314,10592240
244037,8569611
14361881,433629
1563224,16562287
7647466,7080678
16344297,5763936
10271164,9024845
14381190,5488213
11650509,225336
5621179,5612580
6499592,4169494
3043106,4610870
11671118,13101795
12854851,14179800
10854218,5353502
9934525,6201935
13929420,3721142
3127369,7058127
10025003,10269936
1878630,8117491
4317309,14744861
5907454,1083766
4812313,2480133
11948123,15933356
1065191,4894283
12493937,4999996
4047320,11240592
6102172,13113053
1492659,14385558
2105307,14963628
8000050,1694595
1929345,16778880
7750498,13761361
4330729,9132195
4268131,9519209
15197841,6804134
13602146,7974906
11270600,10252639
8496921,15112331
16201377,4547892
8360406,11640426
15063088,10076403
1524575,586473
7418220,16028442
784969,7490209
5887905,12832141
1404203,2870398
10562624,11256725
14983986,15916314
9998211,136627
15075179,135246
10246340,13797108
6521201,8412507
8317042,16511999
767072,8138142
403510,6741560
2255828,1558051
3615550,10943941
15657766,11808740
15469418,2697782
11545502,15023622
11370777,14571655
13308685,16171540
9205628,4147477
4201690,6007153
172543,2337443
12812378,6854942
4997469,13399653
3091606,11821439
7344775,16084268
13704148,1144262
3664215,105515
16285447,3092740
13710022,14938697
9390804,15966156
4858007,1177804
15710131,1500279
5190448,8460695
13640093,3738633
1336097,2645363
6107753,3653915
3378310,16359378
8504212,9380133
15122679,11163435
8413110,14864871
13571991,6859551
4306396,15858110
1387533,2932972
847609,10422603
7929110,4393930
16252428,11700285
16748795,5394669
9027679,15672591
12879279,3827511
13356325,6750676
8899979,4240890
15865629,6122057
14777074,5623051
8272850,1027044
13674165,10362566
14050141,5162384
1222265,8977547
3729821,7737014
12406831,630845
67628,160692
4153327,7487439
7325931,10194843
12882180,10755819
9218097,2584342
2472889,13256727
4399578,15863733
12041474,240651
14941234,14827039
14436577,94017
3693551,5084641
6184487,13852793
4163602,16378434
12696946,5855812
11480313,7403341
3241107,15014441
11295462,8812917
6204495,14910620
11599556,2293507
14019241,12936870
3969322,14966696
581967,12429274
11276628,6999993
5530006,1913929
964622,13792024
6801439,11837214
7045674,6872296
7979834,9588775
12747591,1453222
6534916,4913294
13095950,1643474
8012008,11416792
5128557,3337570
553296,8909636
6638865,14849298
2639548,647156
7301889,9946711
16594347,14006985
5173059,254749
2850860,13053784
14275313,3990056
7973373,2261282
13442764,4642990
1844898,976210
2148905,3223040
9882086,7935541
11534710,4603480
4746532,6272284
5801448,13383950
6650736,12762643
905250,14645433
12514570,10094582
7089128,15308081
5200803,1756005
3653607,3305770
15935057,16606660
9164395,6249564
7305635,16473751
15073820,8236025
5587953,6163729
124798,13518792
9018825,16017094
6031176,5215587
2033859,12252724
14649528,13448807
14995911,4659871
9260977,1117377
1276063,14607038
14958250,5720768
1344544,9948861
14754711,11289715
10854654,54882
10529622,12385053
8750977,2995295
963884,2918070
16104092,10685667
6060978,14600684
10282947,16077141
10550782,8751610
122896,3492548
13480282,4229086
16347392,4009257
9746154,13590008
14832872,9494414
584889,3203583
12977620,11249188
5176938,9475820
5812881,9405837
16070571,11146657
3560469,7494843
7071684,12120375
14069990,9887056
2270701,2091150
6082666,10865968
2285544,15499285
10640947,2613168
6147566,15534652
3937683,15022833
5990438,2662258
6880383,12005773
507280,10787324
487382,1755741
16168488,12368891
602410,5729423
16082681,646121
3069165,6189638
7398034,10405538
15724957,3310103
12439121,7290874
12762611,13808121
374065,10939682
4243202,11753570
12835661,5377596
5900851,1789878
10193872,8863714
2767828,15280111
14695146,10006970
15841356,676902
11620268,6618708
6847385,714067
15940813,1070041
12145304,7335314
9359043,6202776
6724624,5785613
3396337,16625474
7547664,2752534
8059193,2622623
16201961,13587953
1712663,15026394
10167682,16560171
1476738,8437984
7656972,16755835
12150685,14634111
1875818,5217472
6867339,7848936
986976,7315612
7681297,16042875
2597117,9294370
5542789,12069850
3548130,1828665
8906918,7441188
1368180,7935455
1141674,14915813
3985659,15023430
3089023,14658248
5246401,879508
3487342,4932432
4555518,3816408
15007863,11175595
9490574,7014666
12807913,8671142
16774881,10585991
10598767,3586951
5570913,5938840
16002540,5567075
6435217,10940221
6536465,9786105
15594109,16124932
12516974,11935014
2860300,14932371
16302827,13347881
1832830,16768088
9177758,542978
1711762,734807
15329191,3130819
7322846,4370882
5812446,10331076
12465562,9933181
7097731,14674831
9585517,11274937
6691982,14587635
16590158,8380366
11730925,12429240
6775968,15818829
3788215,6091154
830573,6725426
4903800,4221667
11063178,3555234
9567419,13294775
16371312,710839
15081550,7241294
16113915,12551522
6027865,7929014
2425702,12332036
4724905,1375124
10835451,7372371
12383697,98231
6789601,3622101
2516837,12514879
10000191,13593069
8456827,14421326
13339270,5237600
8359239,959541
14338019,12903069
4409853,13920425
686927,13940046
16376440,11282216
15860519,1451818
11848638,8014405
2025496,8320215
11017623,11951230
15240869,3822389
6085213,8672704
2814425,9096080
9506539,3604044
8296636,13761979
10230051,8106269
6036388,15353528
5720976,4333751
3131936,12728618
10792583,15166039
1212865,14330526
4979131,6198701
12241014,3904253
12549983,13731910
6280710,12328989
4551007,11863413
15022419,14133062
3540737,9937076
13511013,15325108
1670479,1116513
12790955,323473
8846437,5638467
10609263,5666074
2075066,13890702
3295292,3950296
12635011,7327642
6073,16020666
10017656,8472028
14268262,16478064
4878979,16710322
14204014,7997186
6397779,12159824
1637238,16353664
4883790,10442668
15583197,14011042
15627405,10784673
925215,15228186
16795759,15336524
10898494,2103032
9261383,9522423
7583731,5724154
16717274,14496384
2955930,12124716
2505398,3301101
15764936,9593392
3206712,1822243
15027259,13576596
9495962,1290917
16063570,11805912
8930923,13371791
12092937,603712
5318534,2072921
3771668,12783275
8481513,3150438
7715313,13165711
15093546,4272284
834220,13603084
3667400,13042197
6929278,7525656
14132581,15605750
4327095,7489582
3636131,3438692
7471484,652523
849788,911647
14830270,13604534
6463232,15383813
3461622,3112045
15351003,6547237
5370646,12327876
5729991,11440553
6038563,11264851
837803,7794766
5761227,16508848
10437833,13371950
61788,2992820
12745875,10762562
15836570,164736
10001245,9512184
5406575,480105
14673041,6998718
13738002,11657149
10561096,10621151
15069616,10930104
14985964,3448356
5672564,15808688
13718580,16565726
7781368,2997511
5739214,12496783
9554925,5782891
2468345,1123459
4636779,3915328
5562328,6910850
10202245,5912794
6295959,8937413
9375604,1090580
4488103,10271809
2588936,4640215
873066,16324905
592605,5130081
8854335,3981358
15723728,735716
4775885,15804127
3346036,342056
3458191,4196238
14956179,726160
5004403,2860403
317542,966681
4212070,9923233
14406006,2058826
11249269,1433389
5525445,10250407
11115092,6838022
5845913,11448961
4356717,14062192
1118727,6531101
1091940,14536647
15965219,5156403
8331550,15414504
10675964,7897855
15582732,12903834
3087190,709490
12233105,1478665
4631189,7643261
9066490,10103553
7584597,10403494
10970003,13595083
12848087,9483620
508718,3006230
9505198,8844409
5159898,8258429
12743628,14809190
974384,4339216
12366794,11257064
15520063,6987292
2673769,8429845
16041530,752117
4929024,16466037
1729737,15557164
4880210,13686628
14471718,7243358
12907361,1676744
10534128,11433331
2975656,39617
2675956,6237509
5512781,12981429
4581944,12695702
8398558,3636394
495316,3052976
5701799,2075461
3292402,6023646
41281,6732335
4051454,679556
9114548,10042010
10775718,13191788
13235344,5238168
5568562,9971278
4653813,3578418
4653054,1148027
3441578,623596
16633975,13492747
8338934,508472
3120117,6401721
9665397,122238
13249376,15208191
2333513,1594909
14373098,4901852
9867395,3373542
12454499,9856776
12095757,14444540
9053785,475474
13453461,5820291
2669617,8272591
7356243,8223561
11302888,10311722
16724823,7444408
14551557,10805010
11761471,13520931
7500285,1528936
3578733,1537526
13802811,16277443
11299996,1175031
989221,8502416
6883296,14346675
16444686,14428029
5817632,4358936
5044632,7133143
7393148,732392
11704590,2366436
2265505,3880000
9898676,4099483
9298940,6765748
6730501,5471370
15364770,9798758
7793901,6761738
211156,10850304
3391248,3409736
16535715,12484700
1779248,15908201
3248628,1947965
588109,16077214
14023036,10503622
7890499,13493191
8171836,15397070
6963894,2922244
2448589,11023361
4798405,200205
2780783,2667866
12671203,2512454
16469739,14218432
11392727,9031749
2467721,1432269
5469650,12299097
15510012,1487309
13013330,5298452
6379040,15878687
8953884,4236483
6028914,2447147
9679214,12719080
10009970,10620815
9914858,8692709
16561792,13097093
5882078,11703321
5569133,5581862
11040531,7457096
13791465,2016418
15938034,14503737
9857159,10023078
4065142,8418832
2150154,15901093
1029303,3515104
8815572,486066
15788217,16339586
7282524,6264983
8319344,12487839
12480786,2505988
1035681,11144376
1724573,348394
14642163,5732645
14148400,13863727
8738981,6680688
3187914,108747
11184328,4616062
10745677,10108589
3370271,4027768
7183130,11525660
11764168,5281483
6460937,13960030
7084924,10833211
4399481,13102676
13837919,8478643
3570444,6684586
4381420,3445091
7642911,13320379
8123795,12884310
2013472,4747594
13303145,10605212
5585688,15837853
2113099,2930734
15613294,11205177
8415445,9990366
3263189,11297298
5338783,2132252
6056455,6849039
4901144,828194
2898697,2184317
4472409,12364688
5861853,4893130
7994886,7105128
1432572,13602351
9869899,14255710
1221401,8079985
1314050,2264332
5366683,13040765
5111778,1655190
7547072,1414106
1628479,688118
567880,5276290
7077974,14749270
15378314,3812773
2091098,9982227
1376005,9663918
14475609,414402
15975722,9546544
6961163,5740087
222775,4557940
507049,1995539
2194461,5013945
10105961,4122618
8610449,2592421
8336143,4192658
7184140,12962784
10971527,4048124
9848050,11852490
12500970,1637468
11965922,768977
8563078,4340139
5122285,970482
2284560,12211861
13376632,13173039
3026186,9594871
6887255,11552739
1887565,2581612
4944863,12370957
11458877,8312646
10320713,16662041
15590454,2585949
4678663,10812898
4992253,219611
10642387,10196549
8406719,15577422
5298733,14415095
7139446,2671263
14321412,5839853
5415526,3604759
15623257,10520507
726606,10459402
15494022,14006615
8726236,12649799
14863486,7524173
12584081,10353540
10921936,16306511
427285,6610301
8421541,15616636
8294315,989239
162988,14990277
16630087,932610
5440069,15796452
266267,6578548
14596767,14957183
15177320,8508552
10293591,7476093
14378482,11538049
11962475,16067360
6279721,8121114
4007030,15058488
13073884,10461362
7229396,14592976
16050118,5953147
5531903,12834925
16473485,12921267
1100374,3250126
8833766,3892666
13424788,3566435
14445091,12822029
15929136,14212983
13241926,14395427
12008716,645574
1451995,8161126
14008288,2372702
5192844,15236457
9029447,6579968
16572074,15920279
9949978,3748484
3969907,670268
1544537,3064233
10405782,8128495
10561375,7536781
90089,15592189
16720330,16644085
14105671,15394908
15063327,12270708
7032954,14406161
2918333,11078073
5685185,8974674
14245757,9016785
9257661,14745387
1731417,16068823
9622781,1583625
6227660,12784322
12369424,16072424
16287293,5985502
14511865,16012741
6625048,8895809
8598616,9586105
12020101,36508
12071771,1961024
5615998,12256443
5475451,11090889
2218870,15634872
227390,2128922
14053004,1598467
5497626,16469032
3010075,12383625
13391341,9899287
4871547,14301259
12832702,9578023
2166589,1092045
9071755,1747559
14804805,6617696
13631897,5402710
14047211,5537680
16260863,16588489
8086623,7662466
16102664,15352847
341947,6375717
8845121,11119440
590950,1053210
12368062,2297812
557198,13515864
4912723,15333556
10213374,11771162
16153556,11063876
16163985,10252794
7757229,4203117
1432211,6846868
10167780,1658022
2192082,2042512
14330013,3072190
7680903,5326831
16377842,14478620
5564090,1335816
9063848,3279890
543731,5582685
6266854,8988324
8658605,16316828
15216212,13149142
15592130,106055
3701087,16785317
7762571,3615930
6695044,7965940
6880129,1684546
10128594,4491476
4539251,3207591
7866860,4390074
12573269,15619255
16293858,115324
13404506,9196822
7436988,5798871
15185354,10679575
15942751,3394204
14850328,3871135
14646040,13568301
7173561,7586678
16419291,14267990
13079033,852932
1492153,12253009
9144865,8947838
12164149,16190091
888548,236011
7533643,7922368
2660760,10658058
6138049,14266965
2650561,13404485
3708480,5089105
1287962,9693708
5813506,14486229
16022880,13787565
5928790,7703601
213270,15251718
10284317,14227655
3591387,7223014
735718,8623655
7086478,12031363
3661784,12634559
16208023,8807964
2122610,12027393
10051816,6957986
5184867,10122977
3473643,3275094
14403884,15004015
2107963,8993125
10325975,8759433
3449540,16470628
1002498,14566135
15363919,16707127
12476551,13675641
9516903,3635916
8547972,2701182
14058501,9596610
1478359,12368221
3531501,14245725
2384481,3643908
11030897,9353479
5292128,6338426
15577002,14447540
2013349,9776833
7952327,8742615
15396956,16506120
14113367,11329203
8867303,6550608
3661560,13812730
11822160,4401903
14743859,6887551
1486601,25051
220765,1986685
7944681,11324669
2515587,14812736
5963023,5735406
3355761,3480405
6318049,6515770
6904255,9713793
8146484,12960526
4167622,4787319
11476708,9260149
5228808,16788956
757995,11428913
16777681,11942133
12588000,13738772
11538394,993343
13222813,8864295
13014316,1617928
11612375,8026279
6713616,12340154
2188895,16725332
1690683,11063402
15992574,7354579
9393356,5575862
15729451,6458263
2711512,11466508
137405,617850
7528820,5634329
14247305,7166445
11788615,6504014
10138568,5420497
2145576,8113786
12082841,3651839
7681051,10992148
16393029,14968153
226112,15992323
56852,13246550
12072520,7071643
12439386,13056150
12384208,1273749
11399279,11752416
6223711,3152281
15099292,1435291
9061593,16000185
10376983,5010837
7164239,11722097
4807977,4434878
1308967,4885055
12166676,7891946
10482301,6700373
5786552,51880
2170593,3518099
146870,1179501
15600877,3996476
2670889,8733279
14271994,12622215
10151217,4271468
15719009,3341238
14283224,4927925
9946914,2047378
9573955,4359362
15747539,8469319
6776456,8262930
7799415,6130231
15715028,14918034
203224,11865094
9720681,14128048
6413872,16749585
3519673,8394798
16457095,1224045
12340377,16015077
12254859,14905889
14486393,4611270
8304883,11725
10645283,6126195
6656671,8535541
2632592,11419964
8610278,893475
1459038,6929182
498935,6608100
3294215,5626700
13785885,2403705
7573163,105254
6471770,5233356
12281021,12112722
8260080,14110388
5265601,7163076
12594656,8690778
765134,11317827
6298410,10976495
6282424,8869982
12731996,15975712
13904952,4959939
6980713,14812473
3561843,9439790
15442246,10611909
12452522,2771107
465898,4543505
14861397,16522834
10641277,10244231
373056,5103073
2718840,12439104
861774,244183
3824233,16130437
8434390,12520574
1724976,10289834
14819104,4586135
13936686,9749997
3355455,1911024
9740223,6571876
15906321,13266437
1160707,11145433
8113943,1569727
6752845,6725516
16306172,4644997
11452163,9313350
7415269,3310060
15269089,7169909
8433558,14039708
10455128,7226201
2747621,16072317
5916000,16117912
5574543,6841049
15098126,3093124
10983594,10785950
6140814,15523017
11152674,14876765
8420225,4002058
14565880,4949798
15717292,8560800
5225691,5934703
15836774,6207373
9435688,11574836
8928908,7720206
9920543,1543013
5307784,10560202
10309864,7849441
4164157,9746702
11108677,6120441
9634612,459372
14264106,11704727
5098711,13195478
8073741,5379014
10874977,10563887
11843909,12577420
13954032,14332509
1014306,9055275
132790,7347221
8650970,7319854
1335515,8831985
9986608,16000285
12098604,1596929
6429565,12818011
11591172,874499
6117074,13627577
8957174,9482609
5704071,8122320
2929920,15213136
4887073,502310
11613242,791665
8218990,7803208
12700171,10331148
12716398,14969173
13799150,3192128
7289062,16640917
16545975,4489605
2841979,13354199
8321853,7981911
3753051,8248446
12509070,7517129
2299970,13753121
14954929,14197764
11949895,15176778
2820735,9617362
9257366,11150923
16191238,12238953
15229477,8836587
15070082,1726993
6151659,5063935
7049045,12942101
9669917,15257356
5822975,11617970
1599347,13780254
4162092,2434473
20564,5331265
4119919,5918601
11258729,5525786
3729266,13664630
3242420,4649885
9147897,10878554
9168682,2358033
3437797,16096944
8165324,3304248
9846151,10213924
16586648,7799645
12016741,2680448
11923410,10210881
10671534,809926
2661140,1138721
1147600,9343836
5521143,8025546
7777839,11415493
13183577,13271597
2915121,1432318
16401065,3303118
249267,2936198
12421158,3283806
14969921,817370
10408310,8375772
15171730,13037264
7035587,4083114
5626263,7960377
10643235,12225050
269170,1218557
13492824,4663104
595908,4338178
3330225,14526469
10021593,13283441
11941932,3826569
8258621,2027539
10459226,11075437
995000,1380408
14548309,2142108
14213701,7984368
1049236,4655794
6659684,16656620
15650408,4707730
7646620,6773931
5865134,6143447
5833341,5101990
3470797,8396409
554338,13918673
5244079,12919710
2374208,4318043
12168449,225563
8099808,8379341
4671002,1822184
11385412,3980327
15128663,7157400
13475619,6346730
1490629,5545845
9725306,10726875
15277081,13365096
15866589,13187775
12680898,9892448
2050063,7243820
8741663,11302939
8606041,10391744
1625580,15106233
7185304,15465544
8818531,14344828
2911406,778322
13270792,13676278
10627668,5209961
247644,7786600
4193901,2816861
6863795,3653473
14405535,1093781
2498466,13033580
13402880,12534135
5515530,9923008
13214454,4405101
3069400,15978760
14014062,16158416
4603541,13569973
6116185,15693372
11682815,14598058
10449367,13618437
2026604,5719924
7100762,16051527
3068580,12018114
134429,2201605
7134356,2164549
775798,16419809
7250032,3853703
1019485,6851740
348989,15107547
1705238,12025062
13624052,8407080
14131351,7265949
3168259,1157445
11641187,10967419
15829817,1121946
8132188,1638050
9734438,16060181
488643,6272094
3493787,9859578
13837277,13812957
6540019,1183309
4153211,6379090
4389392,14919882
10998897,2898055
16615906,12411904
14440343,13925134
10361947,8115542
8704947,927942
7143003,3546914
5828888,10615551
1657580,2510753
10097185,2861194
11342013,1941557
15744393,13257418
1324452,1340349
12187415,5470398
13044650,14369030
6303061,11425484
13592777,3949319
16474513,7608622
7944139,12194430
10324287,5169418
1695332,13325921
846120,8216157
1816724,5887192
5453388,15894603
8767431,11038600
12769850,5285089
8907582,3734205
11942327,9131008
12174886,13101554
3200421,16015249
9831909,6627652
8383152,14108598
11634502,14442080
4062365,8138447
3155509,894371
5297253,2607372
4371675,12801965
14115151,10800391
10806820,5609644
7898808,7126249
1692207,14779252
15833620,12266136
10062589,7904112
5057328,16753224
5181699,16112543
6478934,2007113
3558503,1538891
1712701,5442547
10544840,16304708
8468598,15706177
6514146,5023502
6121476,5642810
102964,16509247
14356860,16410564
14169421,1976013
2234285,10148012
8775263,16267764
16145553,12053916
63333,1858029
7918434,8583494
7194328,6466858
11122200,5669410
15592194,14273863
8517479,2145909
1194527,13547210
6834275,10034296
1787109,8797421
11732057,9639027
15183749,3494080
14346607,15936947
6995424,1103541
4412960,2040880
2644544,6480434
5916611,11219495
9512532,6106516
1675649,1669899
2735063,3113113
1553355,11450789
16099490,3671753
10820061,538033
12829281,2614530
2779972,10768071
1311487,3338110
6456300,13772820
13493627,6521926
11034383,12748526
13591908,6795790
1939782,10904264
13505580,8744346
4408364,5812799
4065168,4613152
4799715,8747490
7293447,245015
9298645,16264539
6995080,7571365
5150654,10109978
14939947,11503652
13701859,2905866
14572529,12386343
10154477,16203144
13747533,1213222
14789696,2961001
2267576,16178152
4500695,11203531
1443604,15410814
542818,7054060
11377298,1026411
9767786,5135087
2543595,7034736
5184200,9837980
4812155,708491
9832147,15687435
7229332,1837548
8197373,9919828
2213218,8070645
9330890,15268386
15587327,8784286
2084284,6990622
9656556,7203391
9108951,1261796
15417140,10340465
14489417,11482292
13994361,9376356
11433353,2421825
11728357,7862473
6454688,2453382
9958541,5486103
15611393,1688421
1412275,3201785
1835874,4168691
1781846,10996496
8974496,10043901
5192776,5284816
11916123,3865225
7429556,8568171
12764986,253341
14197703,3994542
14646845,13806556
15998050,6033634
12554220,12364204
3603165,3525303
7069018,2877202
16394455,6672172
2341103,7938560
15141825,12984860
9695818,2959578
9274239,4546111
2388342,13862976
2552278,6202051
900397,16283428
16428594,11233325
12798165,10453857
6838776,15994932
8300459,3459282
6005550,15805982
4367686,6927085
14466459,16485428
9294975,13409540
14204617,3444423
8495545,11513634
5047148,15427787
9211268,15187542
2208378,8443402
4307874,4469607
11285002,7167230
11673392,8192198
11786328,5442860
10163214,8010905
5066337,819947
9398948,7406849
4032809,11157367
16063914,484928
2202327,12550851
7691996,14007458
13100031,8559975
4144335,12830214
13659696,2857360
397039,14951575
8099443,13689572
14057176,15092211
2472666,6311569
9771685,8769454
12645391,1535359
15958317,11965442
9487215,3534041
14407356,4569992
3119549,14411270
4372499,10695779
9105881,6129860
3887399,5895888
15565344,9068264
11193129,7751308
16231012,9320096
5137766,7765319
9639445,8124312
4819901,14817657
15221302,14768673
12931129,14351466
15252296,11007817
12540414,11705331
2229068,13283388
1148501,8351124
9609661,5498917
8925973,16614149
2110682,15505953
3529237,2413369
3122829,13712453
5507015,803669
129291,883657
12883242,11559705
7384297,9778957
12116580,15312033
13518243,5072950
12446193,7992003
11376187,123286
4100872,14478554
1835779,11018134
7955836,13266987
1577114,12285629
8372417,2456975
6362214,1410179
5363225,7658626
16658903,14674640
6855646,13738210
5960556,4638658
16463763,11106906
8092042,3709379
15015144,4691664
486816,3151402
16585831,10737845
11509238,11679137
8040822,4165341
6323807,3602805
10545007,15223849
969014,6372760
668558,13004455
2297214,9500832
5235547,5251805
5181838,7323437
3452069,4157424
11356328,16592594
2648531,537014
5112161,5258889
10520524,1164527
13366873,11028133
16481806,13071764
11248170,5443562
6247557,4090072
13722604,9793112
1436096,3120532
6038160,15834784
15542450,582949
15671589,1946228
5389184,6546441
2393641,9488491
12594594,4117655
4999076,12907618
10963439,14435972
9643417,608756
3460437,15986536
12943238,10029254
10710220,10089841
16160487,4663125
3119699,13566061
12862483,11303594
5038235,3394140
12078763,12365209
139394,10694409
7523306,2464631
319561,14228499
2462884,2286022
10559864,12330286
14092759,269034
2413111,1546861
13725574,10358394
5419823,11909875
8699656,12157054
6804731,7299604
71914,8770161
8631889,13911364
7092021,7974656
11346885,3958294
14559303,3345474
12646443,582565
12300272,7154700
16762051,5546442
12302941,10309499
12355765,12628985
13803170,7775697
14954280,7298822
14746581,7655783
14656315,6287981
5795955,6956912
1549947,2685037
6754984,4338814
15028143,3000199
9508183,4501119
2115349,8897645
7933877,5513990
699571,7740918
8984120,1247535
14389602,15945980
8859291,14205015
6538653,7528509
16200311,6560356
7888229,10049004
11292659,9909681
1493370,15683466
10073205,14735692
2985198,5586034
2236615,6408424
6295110,12693003
2542833,6514792
2675405,10055425
554246,15054629
5943813,1789401
7102370,4303158
14445773,12394486
8155518,9555771
7130553,12525859
11437395,3820917
11345325,4725960
2388151,6459659
986080,1037666
1246131,11530513
16040850,14820423
15829943,5870226
13528775,9823678
12178123,17930
8376917,632219
10536941,5910244
8232241,8545485
1630558,4470601
14822788,906061
12728356,8423296
1018872,3314124
475719,4850838
6447097,16333011
439838,3662194
3868247,7898874
6630840,1939281
11850218,14306528
263205,2228451
15859952,11051669
8658002,11827619
4532635,8994576
11206774,2905589
2569880,208176
7119659,14001025
11597800,2594758
9556557,7450938
13096881,5562157
2961793,5613998
4707173,6027683
6495148,12556669
15348467,12743292
1011351,745863
5504220,619387
4805912,14917418
10602739,13290344
16606096,12726489
5753143,16101892
11978987,14905049
8475095,2370549
13342047,3243079
14976564,10506410
2382911,15543712
11480354,15462223
14401446,1122472
11351121,9468235
8133668,10049536
12576331,1898258
10323465,2662145
14720686,16323965
14386877,5364605
8672894,13825672
4776787,8126330
15620860,7923814
3326067,9905200
5034741,8438945
4153239,477173
13702206,2430416
12307780,6750797
13208777,9213543
1730812,13395078
16580426,13130992
4650730,10573198
2262843,2425027
2710426,1519651
6705180,12885777
12995465,6537677
4619755,10406130
1256173,2846410
10282351,2588189
5367389,8365932
13251184,13396802
8199037,11650114
5450218,13745405
9048143,3491842
5488731,903420
1948296,766868
2227504,3745121
933725,2727803
9468330,4684309
10649969,3899761
1721206,7074391
11479648,6333272
152442,5642762
6964062,552218
4919319,7996215
4122182,11752676
9039626,1284368
341065,12543549
9665483,9473233
5224846,7471077
12220976,12357374
16139838,10683464
15669106,1317629
12162872,14522346
6731139,5459878
12615719,2499646
526078,7992231
15124675,13052081
2984243,7403131
5111930,9056533
8930595,13394526
1774926,4558476
3616438,16259890
3221,15446180
387165,736432
12154215,7146457
7647782,1985454
7884596,1043719
9517967,8819930
2124097,9956425
14462429,15495518
5950639,8891974
6986013,8217581
12374757,10707524
8675869,6558680
11264732,6224378
14179267,5430428
2325767,4113181
3998452,12043929
11448641,14019947
15667869,8422443
7576342,10805852
1095980,3613301
9863299,8981055
5108903,13912044
4585813,8970466
4331429,16120921
6863817,5173571
8990031,5719650
8175761,9545318
8334387,2383706
16171771,13532775
6678647,7448504
12023067,12714958
4951278,15782040
3155948,10470810
7457743,16247898
7088112,16312611
10588277,7702028
5309069,13231282
16258826,11124763
2891733,11016299
11936921,784401
14979636,12305265
9382457,834313
3944734,7465693
7675962,2343802
1309470,5365663
4825452,588531
12226941,3612355
558327,15473324
16066995,8355893
14157071,8523992
8660118,2588238
3003921,7560837
10920082,9625030
13212230,1043688
606179,6436287
8459770,8330733
16366421,4979983
6530903,12549032
7920953,11150584
15944250,339252
4775697,1860957
8180724,16106908
3166382,12077725
1309888,14120764
7582789,14607329
2411959,7752264
4793633,1361075
6537474,9779844
1877094,7751476
4741869,5218278
5341114,6222294
4840689,10416435
11435219,13278192
4501748,2141890
9403370,16306186
9771094,10820732
10960303,13004604
5831653,8465792
6673101,9291177
15350454,16315639
854478,3718884
15762635,10019085
15162467,7191543
12393740,10584467
5275283,5646131
6641025,9873748
11748608,2842887
9385110,15438983
4926439,174878
3529847,11515998
8861426,5945986
5665914,2438801
5103909,16628597
998759,11993549
15647286,4627699
1842533,15169243
7457744,16649718
9996689,7645185
16139351,2621773
4195812,1027974
16100065,11581596
13654469,8477824
628418,6986669
16500760,13377730
2661347,8302185
7057207,7918782
1876188,6124143
14175451,3593192
8288481,636450
2179694,6791701
12486176,1521699
16241866,16111772
13162844,6819206
4480747,13768374
1828659,12847647
16609662,8013093
16315974,6476952
1723408,5460640
15819807,4971850
13201624,16066931
1118685,6631785
7430346,3270310
12881131,1554792
15442150,507158
4535084,11266485
6612579,7896578
5773481,11045722
7996079,2996822
15685807,2343055
8721171,10542920
12966079,15836197
16711124,2137887
4512380,5005184
2549343,4884585
8621760,12965979
2735932,8283051
1478480,15730512
3012471,4316385
14736702,12856373
14936402,9652688
2480811,8562494
9205146,16506908
13120671,15243780
7260572,758335
453755,93626
8002163,14665817
4182387,2921057
4480117,16682316
923893,5010474
7105678,799723
16299147,6980380
312956,1381896
12508087,6036120
9610612,13688712
6649489,12128703
3993432,4645997
701783,4810642
6067264,9392456
15546900,14792924
14390787,14684712
1386871,233843
16312076,1084371
16526446,9782640
14815856,3691063
14389219,13227500
1211047,15076686
3370783,16249308
5437362,12254789
13977082,10195750
14340131,62525
15616609,7906893
3815046,14584399
11667175,16509031
11738608,4975518
12917969,7419205
8668505,3316639
15585760,10324513
4903208,5502898
11669931,14264083
3403585,10164460
6077187,2925959
6541182,13778791
15038919,13851899
13909046,15030438
2705663,9890882
16196545,10836442
4614883,5948945
7649566,12403387
5531420,11731839
8977263,10974176
7822484,1569685
1672618,12711899
11016301,12144823
2583396,15404765
6418632,1615767
7438891,9500767
5248573,5666518
9248048,75013
13946904,6055943
15438568,7839706
13037847,2930796
362641,3793344
15175127,9130470
1170132,9671627
1382802,5104976
5214850,12153033
362502,5181644
15930014,8211535
528066,13426773
10652046,14192883
14296355,15945610
14939484,1230188
6694910,3370688
15371039,8337111
10989990,12460364
11621316,3893807
8380270,9964067
10655915,16013659
13065237,6596890
1954601,13449690
13882662,3482358
1037575,5934928
15696569,12803688
6790953,3458146
1766072,6198589
7964775,210427
10496936,8917821
8865256,13090889
7755341,11820545
6651370,9819261
15955639,11528817
10142197,4893920
12434702,12355440
16129260,16292834
13193245,14611115
1668794,15237976
7462374,11515340
5403485,9890594
5757421,14305840
10285496,4455988
10212289,10753257
9882035,6385396
6584943,6534702
15550866,11427524
15077119,3959424
14017487,2022767
7413774,15976460
5411235,707851
15768763,14091020
2310286,1786216
6313695,10780199
10324740,13565662
14903664,2456622
7703264,15710568
12598550,1986657
5633926,10342350
9396856,9417802
1074968,12924521
3322998,11129510
8586070,13513385
11827963,11093252
5239459,10133491
10129259,15355403
6781922,6328924
2244725,10800546
15699410,8669063
7611463,10097594
11266008,10030309
12484890,10116222
15725297,10620993
15876051,6457124
4658055,7132369
14074069,10118294
2487023,5123364
9271548,6867022
11599673,11052894
5970187,9717643
10096339,12860269
13108997,7485455
15154878,12135846
11321482,7536638
2711417,6823122
7939380,8577947
5414207,4086857
16299937,7491050
16292374,7202885
14050807,9773559
12516283,2463813
6822089,4164599
4559588,5098705
16304112,8425174
100048,7911173
13134115,8605431
6682002,5372614
12144478,4037521
9804037,11511877
6082344,10137009
4601959,10389506
8149759,16004161
15329797,9058168
11857673,15483018
13254866,14191699
4545456,4812580
12554314,11225743
15762746,1221345
16681177,3633785
6552125,16064367
14047058,13335921
13713235,5386382
15128286,16601757
12147713,5118688
628045,12180868
7315188,3950666
10808492,14531531
8799221,14686260
1252331,8658483
540317,2179801
12580690,16580593
11038523,2678510
6091468,13903878
3511630,7501959
2040384,9693254
14747075,12592642
7546175,12017716
4968495,3406818
6427718,15635321
313594,9631413
3146309,14032815
9238313,3821440
12065552,6455538
15256720,12046700
15335225,12476305
6000086,10640475
6690481,13257430
14260869,5654693
2121608,13940677
14525200,13981786
11735672,12733826
9775203,13385065
2664219,15521679
11892705,16696004
15090898,387903
9139099,8857579
13043408,10455136
9269804,7057027
6187748,10038821
8301391,14863006
913186,869148
10308249,4532422
10425496,5917161
16636665,10148937
15114365,10917853
699633,15152506
7744222,5415518
14156767,7213643
2162446,16276457
7991707,14581131
7890568,4359310
384078,12117942
4665338,16292060
8495686,2265836
12392644,15022312
9635785,9981031
7087863,208128
10384235,7363808
12575225,9690381
6684653,1671722
5531457,308888
15860421,16017122
12972567,3450015
7718999,5457795
15749385,4051282
14870849,7637257
10601676,15714299
13773662,1693962
10056847,12574824
15529844,4253885
5032063,1650624
45654,15140668
654889,15321672
3202665,14179853
10582751,15439607
1074892,2363887
4140029,3574136
7405152,13081130
12985756,14985880
7049569,798862
4778529,6372287
3716765,3573769
5433190,8775263
5616739,15235461
4047740,7389623
8949307,14215063
12079197,12240862
11288742,4398671
11625516,14617931
7083460,13108141
10009622,3934424
10866892,16552598
173463,45630
12612626,5754076
15459654,7253366
12043558,3499156
8842498,15230537
184228,12920024
3460065,10069255
5695415,13820952
15621725,2883759
13205713,6555970
15184325,3042296
15226419,12523629
8496229,11935539
13381681,8006479
11782157,1048662
15603491,3170278
10335982,10413427
11508959,7091786
15047788,11961983
10805286,6441861
16067964,9775332
6301215,5315802
15095394,5587804
15438514,11416633
1305075,11811956
7472863,11697343
1602750,1181962
15623681,5869331
14026155,9113768
1800890,3175924
10528822,10596099
3760665,5026139
11721215,1808156
11211995,13459314
7327431,8928967
11492782,1029096
2353702,2053880
11585766,5620523
2357837,284841
3370763,10378622
9246040,8035443
770955,15765029
11464160,412271
10708585,9047040
1098845,1801142
1349876,4524890
11200728,15146055
2632044,9272875
9177549,9522763
16403774,9838379
16427394,3886820
10460502,10380242
7519294,1323829
4870574,9855986
12876215,6797317
3592237,3097399
442755,3760725
9277393,9130437
1439650,12048053
7452833,3900591
9155602,11897920
12928965,10715757
7885151,14786765
5399106,11731437
864701,10300733
1456846,68454
1489453,6590820
3585833,7068934
16389265,10427674
7481927,195005
8416978,3669210
2953862,3306678
9271233,4042921
2818493,8243458
3326611,13176847
2705181,11293671
10174887,6940785
6797222,6665397
6246403,11417989
8439937,2697436
14996214,12703287
10665156,11261932
16550436,5523896
5143309,14352562
14491767,63828
845479,15609703
1764711,16094415
13292706,7107868
546684,2636481
11258505,13839935
5993798,7631803
3046932,6858421
7727611,3231878
9966600,7529364
8248873,7350042
462296,14330964
7845818,13837009
3272957,16670189
15204183,155870
7582075,5116725
11979664,14452449
1197672,7316128
116509,12805142
4617192,8115149
4637916,11963045
16787407,16348024
5908890,10403657
15511602,10852251
7450236,7986451
14698830,13443885
3359276,2918126
51170,8970112
8604678,8247616
7369035,8893784
7396425,388531
7186494,7521218
4270836,1675735
13126676,10831344
12574079,8607749
6691553,9644254
10706576,1960373
3093862,9206821
15862477,16385814
6376256,8432654
6775551,8574407
13322524,3218749
12126065,1743732
5831273,8964238
14422934,10600153
8934632,12496867
307652,4348143
121266,8030821
15779278,7750946
1051478,7389242
7809985,4755259
11049908,6691464
6189205,9674691
8371911,3240555
13733647,14067935
1213838,5850749
4032824,5762681
3508561,8336657
6067954,14496577
206417,16779679
2651936,5301760
3776930,10791547
13679933,9377225
184679,1180489
13791900,10590548
3685486,11886
6418831,10337374
15527301,16452308
9151333,11500868
16199235,5684190
14945540,11146996
4433979,9865829
12037830,4064251
14645806,8833640
3067028,14332575
4950456,9965038
5267270,946168
8690057,7086278
10940434,803123
14249912,4149195
10108863,5661493
15432629,15673976
10474389,14494811
3440837,13971700
16637579,14864478
9678705,7763160
1655309,15838121
11069751,5974786
538554,12038131
5710902,1559871
5093389,12032855
5678809,9473492
4366526,10377668
5703197,10550480
2168069,163036
8739987,961911
207021,2667939
7543783,11731953
4880483,6023519
2850922,6373745
7577748,10613841
12425656,3690073
1255058,3726806
9044167,3662959
322588,9387327
7720982,2398404
16630976,16656394
6801931,1591918
14487693,8338463
2929656,2288726
14491047,9667614
6457056,14567342
4329790,1448047
16767430,14753235
3227784,686095
1357541,16772875
778783,13813118
10133644,9810617
13885400,3593500
14682258,1602219
977224,6032313
1642089,11262368
9159866,9488503
11133682,2250847
5031720,7570081
13093955,5069948
15323481,9698804
6183200,7611420
120531,8528890
4767804,3361886
12640882,2774693
9493419,5381530
15890215,9739740
6958258,14259539
6680744,12689090
7967389,7832194
15786174,12965726
6740037,2674774
12776712,5743463
2824968,6084296
10457015,2334152
3736212,1241133
4647906,12403604
13515753,15723456
220578,6401958
15793989,14782399
5165684,14393782
382952,3161301
9804272,11083570
13559052,9223003
16520358,9658678
11722669,10416560
1133682,15165743
5676069,16319577
7710085,7824759
9649183,12632918
8697472,10395928
9164499,14563102
8139014,16074133
1646423,13972267
10462905,2496317
6601515,6264499
14698207,8155468
16531415,1920998
5789072,6585365
5363787,16302366
714302,16549055
10102789,4051714
2746803,8391606
4540976,4349932
4094364,14659431
14946537,7703424
4994473,14898662
8807321,3626096
14050020,3745494
12460199,9450717
6943834,7793170
5935176,4908899
10111786,3998147
6758087,6877266
14165816,14234868
16418036,10126945
11545705,866332
9060628,10100724
3053370,10765169
14029931,15219996
5094840,147242
3911783,2417240
10690561,7202058
14226581,5585604
6937740,13962169
3720184,6151394
10553873,8188517
3386797,6293292
11023062,4662154
523041,15360076
4836266,2490189
4151633,12799937
14243503,4563172
9187139,1424126
5681023,14223732
12090205,16234245
157283,5228374
8137376,10621198
12257981,6543535
4282638,9048254
284831,7343391
15044445,13090918
7691926,10064064
1211009,3203591
7379563,12734725
5922203,4376870
1776619,3057226
7362326,15931384
2537053,9296789
1557816,4304451
1931955,4626260
1548885,15976397
6660354,12448597
894119,14364957
9315408,13695922
1913579,15320412
7933503,3329455
14690523,4472665
3308968,12335044
942494,12082015
16638527,8091181
7130498,6993583
2735603,819401
3226931,9495901
506375,13036059
14749695,5196248
7965384,13578644
8196171,918740
6123268,13582283
9709289,9827118
13403753,9392994
13100229,6784618
15041876,13475618
6460918,9870730
8996978,13691240
11231497,12260420
4286161,8426601
11105395,11585136
69795,3872212
6869422,3542037
15164673,6501389
8909442,13810034
13950501,16286038
8531813,2297609
16363662,10842986
11731400,14536837
15066864,11701189
8693574,10098210
360146,6572801
11130378,14005635
1785326,6448774
14884123,13605650
13133090,4426727
6158601,15527552
4483936,3025026
6981285,7319056
6834356,16245883
3659756,12267678
6089452,15608565
3214648,14039698
15023933,6432921
13461828,1347055
14842079,4091994
16292968,8482279
7818090,15741092
12421235,7116254
2297169,122494
11764271,11752112
15113652,12406565
6457601,9412971
11538804,16685037
8413733,7722539
16082607,5566186
9341969,16723114
16517620,6524712
14166488,8870320
4998050,16273399
3595660,10065923
13438032,3269453
10980726,10213422
7656791,6480647
13147467,1723895
9570853,10054143
13474544,15737032
6469497,14674487
1408858,7911218
7707716,13386009
10818093,3461815
5453953,14818070
16033649,469340
9953934,1498934
4321149,16566026
3651680,16553953
13536294,5637735
2429367,15634744
1325317,5238008
13424954,8003874
3407135,6960976
16465775,2022944
6910164,2730297
3779236,4692152
11873787,8828384
15803108,8290529
10539263,14387926
2340380,15282996
7533524,10503655
4129554,14689183
10147035,11686793
10074930,12996053
4929736,12974989
2768540,10928371
7691719,13543774
12810679,11847589
12273128,7753721
3991067,6909083
204010,12789681
15086717,7653676
15589433,6038226
272620,2697871
14061267,14503907
15274116,12603795
16459732,1760634
13333766,1653838
10510518,10118040
3308205,8427064
4124174,10273403
7843081,4414112
1078410,3487038
12013445,9702402
14505659,4259239
11446043,634860
6191608,65076
9603085,5009394
16078145,6399120
6809668,12292666
6076888,1055893
8725264,371785
7908371,2360713
10931622,13569945
6184355,11953514
694507,7945660
4041551,12178234
12464949,16147636
10265150,6066548
2391433,778958
11687980,12126285
10541397,15289804
10032655,8308751
12362468,6371968
5218905,4564744
12082226,3843237
623897,1052149
1845921,12808649
502696,12112052
6636312,947180
2083222,8542308
17791,7980035
12709366,14915210
954495,8440408
16279158,6883395
8417586,10674784
13014291,1074510
8584808,6746493
5745554,3328973
11887508,9808365
9854956,10520163
7625633,9492191
16386072,14802953
1548409,8326794
12657477,11046770
13045028,7533399
10651695,15285908
8675890,16365903
4218579,7954851
2125635,10738473
4227140,16042527
8384309,9943532
4561482,2457862
3015083,1922511
13604897,1853973
7892268,12935239
11987290,2252637
12962264,9454513
8174498,14957540
15892115,15204175
11988891,8478723
13312550,14070575
9152830,5850749
6994981,12148217
1412388,850903
4882245,8531159
7582117,1831917
1675744,11773878
9497328,2350472
5879905,1486657
1750754,13389231
4886225,10996065
3916411,12845798
15471427,13572330
4887643,11058271
4066395,2658384
10670133,9877939
11004208,818157
15000543,7430721
10961099,2386371
1745497,14778328
6377021,1113132
6746504,5933901
4175670,7804380
4657999,2269115
2533805,14281622
14862338,14529472
13657904,16559426
8542386,13074335
1924490,8351842
15325237,4688856
10588417,9790480
13138467,3588578
7619055,16420966
5499600,2628248
5404684,12070988
15147301,12340185
14515538,7641101
6590034,11386796
13608352,14150752
3135462,3755035
9354005,14005469
1351946,12406529
5030073,10720844
13689270,13031596
11591635,11590197
89833,14902831
7266972,15532461
10700369,6929934
8796981,7770119
7566086,4987327
16344778,15559340
11563128,2153994
15677280,605642
14396442,11913842
1710651,8879797
7546775,4425834
16691842,11640690
3680082,5004849
515470,6398842
10722305,14024058
10752832,9966072
11064717,5817191
12831957,215813
9038981,2846267
4140914,10199843
16740238,2474654
11463867,12894147
4036285,8227363
1825010,12475411
13006974,13030521
741118,7531088
8966339,4703684
15543102,11086629
13255431,14445930
14148740,7042618
5312995,3900826
8843658,14990224
13707269,8894814
13317529,4021868
5054040,2973062
2690148,475248
15876460,14208305
14295524,13934895
15947859,2172066
14278,15391850
6895319,16262666
9563770,11566465
2250570,6317708
5489900,3041894
5045647,10879514
6219338,12847850
12415121,12583985
1368561,9036477
15400626,432949
13166293,16210456
7464399,3130521
6667828,14890586
5531543,10452799
11312867,9089535
1578592,13393825
1942145,14950494
6888108,10727354
11277372,11390711
4867902,16787668
11032472,7297744
7881030,2446745
13055232,11766931
15217231,10769255
4778255,1453202
15960706,1296778
10325666,2832546
6848736,2609733
15314139,4797467
5121874,4855935
8204299,4867139
1656290,15877041
16087069,9456622
2040108,6507369
15145074,712644
3574820,14232148
14251399,5917173
3172925,6124890
16461123,10067399
15282605,13891207
10333599,15851412
16432276,759623
13133362,13507467
10314831,13846117
15573563,12840101
2607176,15760395
8080075,2034600
4968000,13267573
1390113,15316675
4727996,15068658
12090578,6117518
1679171,15677272
4932272,9721290
8251725,1541446
7576294,12936913
10947125,16756004
10417302,2501395
6932427,1996828
15694645,7829121
1141145,1853983
10419096,8075543
16542912,13141724
679232,12011547
11028507,3930670
16372537,15576181
2966124,5973173
12542450,4233923
6657221,3893559
4453445,9981570
370501,14535787
16662330,8939159
7231798,3175688
883150,16346340
8847165,2807025
8152242,14228479
19163,4311916
3449267,11951004
3487233,9059458
5754464,6097286
14668204,15009184
146721,13947063
4680230,13658237
12972265,10965445
9213253,16085365
16383743,281083
3283545,11661575
14305747,14990611
1406489,6242085
12264473,7914952
7079793,6735003
11289433,3375883
8277974,13656968
791868,15105973
1818518,4519472
12711214,413425
1375362,3911751
13021097,1275789
10952753,12471140
8834675,594258
16186256,8127426
9435754,8617259
11985725,8980145
7610244,3555588
5573111,16464993
10819270,16186282
12486313,8450315
14184483,14853008
5948010,12718805
9705185,6531520
12197013,6529737
13197182,1518481
8080202,14369717
4176531,13899001
9465406,11809466
5000821,5098630
11999897,2434717
12281350,3559664
16524326,4388969
13239183,15335724
1614635,1295874
9018487,2854297
9710630,9294164
6535861,15335899
1090576,3940598
7598954,13045395
7710323,10945659
9023690,1170685
32941,12375694
9808702,10583918
6132081,5935588
9587065,15073642
12847674,8838439
15894237,4509208
11493778,13703035
13342634,2796072
14662926,4613016
13012979,14839034
7333144,8038297
1583043,4195793
7673995,10911277
6639859,3486827
8876811,333886
16456435,12461262
15614863,555021
14784618,2727282
11983024,7971412
13456353,13678060
564660,3189619
6727221,6188511
13450095,880041
16712090,5151374
14073764,9831095
6455369,11782816
14962108,15172473
14435518,6942647
11783796,6002136
14040514,1363420
16666968,6730442
13713424,3675431
10353920,14480804
14210731,15615912
12597387,5281842
9160328,14677975
2124645,13500677
2878670,14534563
12537844,10304826
13875853,2748769
9592849,6797399
14184472,3628229
12676314,7285941
3879213,7042849
10986651,8046029
5573307,10193858
5880307,7141475
12067386,10164622
13593712,12713004
7691394,6598513
13515392,8997434
4666208,16136572
4094422,13048436
16787958,13804813
5092098,12338219
16719877,11426524
14544638,8662549
2894127,2875610
4698266,7371903
10630793,12873314
3228037,12397122
12732113,4991656
8865317,6656697
3643765,6418555
11026421,10296358
15165281,15058415
5557341,14714079
15354100,597181
11274070,11233157
12976431,707997
9089288,168882
11011221,1271515
8414769,10073404
145917,6528338
15608835,12994111
15690298,13570283
9810128,16015026
12562065,11055032
5847268,8916743
2167199,4682386
14415100,87289
7648386,13946621
7112430,15012472
10492633,7488334
6474772,15492740
6506441,13407048
12906019,9383528
13767276,3981141
3304754,3108334
7967833,9405539
15441193,8936759
10118939,5212433
2654161,8298984
9670957,5587589
12434784,10864310
3156744,2937942
14457481,9352618
14627960,5653318
1384871,12997040
12376745,15598266
12671937,16781623
10440608,7962477
5845525,14871508
11878340,16397781
10359001,12278097
1431951,6306243
14191808,4621313
6873505,6395119
5129553,6615564
8472837,2465697
2723192,2012243
3517270,2658618
2861727,10484486
6055982,14043338
14373861,65009
12676529,13764039
10219512,3067751
11250168,3025448
4346268,9837098
15084001,933672
8298319,4277372
9695580,8740347
15858547,2966859
16148976,10610435
2885500,2719150
7443721,9097614
5901667,15503736
8958837,14026315
2928814,1225290
15138781,4100111
1193653,853194
16185469,1253114
4229409,5151672
14133102,16705920
2758142,13579641
12138919,4875478
4139837,5110325
4148273,9725256
16014042,10777012
14821166,16487355
1378255,14677825
1766858,13457465
731961,7304203
10232137,5087652
9366644,7754779
7585817,16591957
10002214,5023484
13644915,3739889
447255,14861757
2380695,14611073
14116555,12905212
1753986,6780895
6827160,222170
8812176,5675721
2890651,10370419
15122094,3660702
9815989,13008228
1663125,12555349
6819647,5856060
16125299,16044254
10580622,13414622
9403072,15350142
10974135,15562705
4576144,15652267
6151995,9830185
15900464,15162730
6220043,5713704
7521482,8152981
9648150,12978300
8764527,8851553
555203,14094163
623297,12674497
11046882,3133393
16267114,5425719
10917209,3309081
5966285,16262453
6790030,13416931
16322007,10113289
9141424,6969001
11455239,9046586
6277052,10260404
1450411,4725794
3841188,5934050
10648076,3466455
5601484,10434224
5196522,13168922
7600686,15718486
2615656,7292930
11288030,10935358
1167749,13833409
1521741,16530662
6349376,9321639
11093235,11581542
8704038,15073316
10285081,7370091
1859583,1886497
16493044,15053617
12898362,13846233
12556962,4810760
6855321,144594
14730716,12105262
15901351,2699748
11530802,2054831
9490404,4970408
5907236,10747673
2144133,15425650
11977409,14192967
3706478,10191381
163447,9002803
16297221,1020137
13205503,15027463
3584063,11394968
10658233,16479744
581285,7170345
3156035,6881462
10337249,321087
14053842,14269336
3439706,13835131
8650193,15880775
13202017,1791278
10019770,10755931
3240799,8321955
10897696,14600761
15013925,587373
6571077,5190243
3758250,8773961
843270,12249638
7150788,13434080
10679678,11109454
2651849,3532658
14461650,8858232
4297089,13568595
5959826,6585706
951871,5536202
4526079,16555522
3566798,12998966
16293213,7069463
9793031,3697799
13103050,12575378
10418463,13796472
13977465,16737716
14259127,2425787
10757852,4012683
7886133,3187089
11162219,3663830
479538,14139282
1404764,14535695
5762660,8430756
14475130,9875339
7653982,4478164
12107291,12965560
1428141,1192544
4596185,11977157
551511,9664814
12230562,8399700
5546431,11855479
5799138,5006893
8253091,11649497
9797209,13408131
2040904,14146907
3186495,12925547
10040884,7523454
6080481,6261300
11897601,4360016
452533,6588611
13509004,5549007
4171425,12654279
14547080,2346389
11502422,5823095
11180132,14515978
11315053,14148576
7054526,4483079
1485111,9740073
7165529,405655
7441788,10305998
13373892,5762794
4981151,5016209
14962369,11543614
10651991,5272620
10936814,10825685
9996970,14711298
15754076,16535263
5611399,3767783
3553499,7189172
9413230,10591356
4389685,11550366
2480673,7168465
15358401,6710152
12747663,11122422
8436127,8840778
3933758,6553336
4360087,13604900
5080741,13120167
4293109,16124869
6868806,7165121
7483928,3645915
11225179,3738629
15278431,11467788
776079,4355489
10878208,15697639
16150832,13939475
1517500,11657005
6114901,16342406
12140956,8001863
10659618,3574411
9451464,8692449
298862,16774364
1299379,13037858
7363756,8261762
1154545,7841052
8570176,11212423
14050692,9661807
16159595,13588072
13329338,3730259
11653905,15946307
16326221,1808108
12868635,258712
1339926,6081511
9814747,7573334
16296445,9269590
6968516,9108572
14193602,8959433
9466202,860762
11832355,5866774
15213211,3859356
5996638,10818277
11385012,11318777
12556353,8624184
12748426,11628295
10359404,14694519
12827563,8419381
1491815,1576705
15630684,1787187
15011965,12854450
10964857,2138136
2083832,127423
8502761,2883591
385251,12239956
2171166,11468954
7866240,6399618
9308770,11217270
4812556,2376677
16401839,13722237
12415563,16244410
5374168,10390191
5941771,9728654
326429,2248212
15054445,8152860
16015010,5595637
7543985,10393233
14063381,10799979
15457006,16248766
6471387,8484750
2502091,13859792
16671702,3625770
10388868,1801826
13372528,3155420
13337821,15211147
16769641,11237687
10957939,16750612
11562679,12077037
1478916,16288172
7807272,3575030
3482900,5429680
12484292,3230098
10368602,1907222
7010284,12088017
8255329,14771292
4993466,13907994
4677266,3712748
7573088,1625847
4553729,2366228
10096654,13478785
10705085,5004011
9879601,4578279
2714465,8774586
15593691,11938717
14492967,14496610
3390833,5109741
4945857,4894442
5698539,8205082
7774522,14076036
247858,1914511
7167016,2436207
4741412,6398947
5115167,12224590
15725541,7630211
4451288,4720000
3093744,14085425
1702133,14232981
2012532,345751
15371801,8518850
5621076,4298884
16159005,11081702
16332604,5357961
5084156,723784
11411064,602594
15027636,5570388
3753326,10551161
14076181,14392990
7634959,11740476
166238,6710409
8504627,3905516
2053165,240373
13474795,7861292
13964293,11028111
15171450,14200136
13820978,10790699
5500398,9587594
2840025,10099570
16729673,7101607
7067074,3033331
7456204,15192297
6761405,6099938
697485,8177191
7733564,12377407
11530064,3466570
10398847,15520499
7228227,525435
1982394,13519068
8394032,16413025
4198639,14699604
9821939,2493809
9826742,15982286
13958679,10879337
14452121,12518069
15589362,22224
14246171,9746603
5130000,2974403
821874,7645305
4222431,9136639
4869126,169863
14336839,4853097
9951886,11856198
13862235,13163581
13503165,10875186
14590946,15778055
4478062,11578174
3052147,1137707
8192454,13884425
16201854,2020061
2216158,5172915
122532,11974772
3916940,9589362
14676625,8150971
5472687,6889163
15187352,13969041
6681070,6974580
3949831,1891046
14118263,3502878
736097,7395219
16235174,14783516
3803202,13742221
16493911,12076585
13218246,5473981
1657159,215294
10648662,3443669
11324775,12043508
12163253,4047628
10590850,10697568
8212625,9842666
4064813,9334726
6523647,9855742
8931026,4314364
1400653,10720159
4525107,13967532
2741324,10999767
13571530,4255373
3215703,11752955
14155343,4405253
8612073,8831996
2060974,13299269
13454241,6447628
7475122,407212
7994575,493207
5549968,8802610
4051018,5454612
7917662,8121461
5560836,6534667
14226635,14170927
15784841,3134530
2488705,11854842
4363199,2289012
14448411,4186681
14554554,14479908
14670307,6380409
418672,5588075
4060605,15141182
13772359,2986563
14676214,11903200
15112700,1972177
7645020,223187
14765704,16004420
13712779,5904461
11260689,10442836
5824661,9749920
3562608,1092284
4980074,9729783
2719932,2562095
6648055,13127600
7783236,1373051
15381309,7977395
1564989,14006446
12670943,6299896
6328295,14056459
5094029,15744918
16425600,15709425
12096687,8565990
11545876,10590730
3292420,3650555
10631785,1916873
9614632,11847590
11443200,15536877
3926632,16746770
10203588,2072536
2839996,4380002
11043080,10967785
6601008,12242874
10201736,794404
5708803,13699211
3253945,5072829
9275236,169896
11078165,10770628
9050653,9333762
8567129,16062498
3933769,15023821
15468182,14012866
10888176,6135966
6264171,7583835
1336210,2743237
7463277,15368946
1234194,6812004
13788742,9803090
14686463,16490232
1145713,11684206
8841538,1358309
12241706,9437908
6320638,2818788
16148446,12727938
8486953,10458675
12950269,11541559
2105498,12120937
10390015,13513118
15339510,7024657
14866277,10872618
13382704,1305545
392354,11449257
15316335,13216173
16222560,7448604
15371486,5349761
14659834,5082690
9496525,15606590
1955699,1325942
8032790,38716
11152228,6647612
4252799,10088521
11111147,5414113
12842883,7248805
16030871,12302514
3064988,12818692
10974636,15184528
6701606,4173132
1477534,6438645
1415002,4379340
3427882,2978819
13339845,7026972
3989371,12151160
8084366,15376845
119596,16117667
9791632,7429812
12762902,6669118
15463453,15752751
7652662,16083252
491286,12731384
5122608,65663
6381527,364130
11991329,13566954
3445627,11655400
3333000,15250195
11020011,13578409
15452490,10784855
14818536,3771079
3107147,13843120
6380163,4936221
3094545,2637530
16760139,5717844
19786,5495070
14255786,5256628
2393531,11125267
14408819,3025390
6474502,3934979
15744101,10613438
1895938,931838
13707047,12948549
13957658,3335913
2534995,7825956
11266005,8521170
8039824,12749864
2535689,8538900
172143,4620481
11436022,7059075
6968603,11551896
6008306,6803058
9199321,9442740
542475,4386137
9918992,13688998
4338616,4020396
7586171,12256730
15455823,10842294
3399096,845123
2583461,9282197
12375801,8920942
14090696,11491770
1815632,3127618
7870597,3880590
11716432,5143232
13746389,285924
7882556,14085730
463659,2034458
12156696,16029472
2567656,4806801
15259919,14700376
106699,1833764
2697216,9485804
5270884,5106517
13598945,14742343
11579791,14460992
13136272,5448247
8021683,14154381
11743443,15870726
11263013,5321458
9624589,849259
6656606,11817694
2163175,2091944
6902840,1348007
15688491,11943066
2067354,1672727
8885582,14621621
9010767,15174265
2639632,14177938
13162164,14485570
2086026,14332719
15774466,1129573
11090094,5420582
3716470,16487316
572569,10129961
10235240,9725493
1994112,6055785
13198915,12347685
8409541,15485474
10402797,15146753
3560526,5845672
2549733,3627598
6699408,9695884
13218081,10905949
12403578,10740182
7634276,11984465
10507290,7273110
6267016,11226413
3219688,9099915
12264171,6717711
16448635,984957
569513,6353764
1379502,13350042
3284087,16434419
10862267,1237799
9833334,1036392
1693299,15496484
8047404,12448542
10433593,15866926
16653771,961592
12622277,9045941
1964038,10852536
5170617,14415312
3872537,16599435
4802477,6507283
5576906,1612057
851721,5523127
6534004,3921329
257513,44608
5634768,2785178
15359812,13370260
4357647,14127321
7839573,11540521
8451353,14179427
1952469,16707996
12265702,1321604
9332735,3414377
529640,4880741
1795458,8364382
362251,12183178
12571753,1690833
6521243,8931415
577465,16491905
2987419,10282844
6310258,3243932
13108516,2706632
12691061,10323823
10436651,13157384
11125975,2534798
2914722,11510196
4047677,3695618
2620880,6366208
7187374,8302442
12908210,13461341
12818496,5817559
6307788,7455602
14766096,5272297
8780028,14951165
10239384,9474599
9336789,8358942
5296722,16217067
16039747,9776963
15168579,5016655
6519459,2357307
13729813,6113893
14763779,2323293
10806245,11701499
10780087,5027413
12546633,2174852
4691965,16396733
15865608,10058477
7900294,7635535
480368,12079100
3480414,13787773
1977462,8272310
3787058,15852162
1035745,13817829
14687521,11084472
1646519,2954929
10990351,16499105
5845899,1537535
15746505,10847584
6673089,2748804
14484871,6917098
15377789,3933993
15858102,13706859
6333973,14478315
9489697,12674287
14039769,11239803
9544581,15436752
10953975,5127015
40126,10552492
6408296,15394906
7236304,10911615
9172274,9060524
8752974,16369438
16118868,727860
4039971,6394087
10927751,5417465
4521617,146558
4921673,13568155
11194319,6910354
6328627,5334130
2607333,369844
580196,12002459
938692,8162798
12976447,12858495
6829903,7601705
14898605,15828511
972260,6797039
7738534,5617773
10949289,4562999
1164517,11658046
16733667,6140578
8880381,7872376
3180425,5457153
16515901,13295903
15769308,1305549
5935505,12060387
9090080,12416512
10863515,14620072
11211459,14664996
14051419,15421687
7835121,14851140
16714282,5197630
1031466,1646170
14721488,14838831
9076888,1665400
9579796,6729228
3872834,12253869
8785348,9577206
7628327,15708021
232760,2907304
7990363,7136032
11121970,11226860
9902044,7592494
6611432,13738599
10509715,3869443
13857834,12958961
15115305,10889225
7893931,13795125
2052407,8315068
10313851,11848613
14425272,541663
4740535,3472552
15473964,12081131
4741053,3293150
8061577,15510804
599866,6182288
15555768,2175780
14803887,16335299
7871366,8520770
2115266,7995619
14785456,15102964
12872392,11509934
13808060,2863148
6179314,761257
8246396,3732852
1726215,2931290
4010953,9338512
7469979,14518819
15811217,12603549
11802456,9764532
7730019,6345004
4909392,15814075
16110867,3335927
4589383,244064
1962254,7502816
950783,14834151
9890121,7806547
24863,6928093
9854597,9874266
6798382,13227758
16116817,4796621
14455737,3537828
4940406,6395702
15048884,305919
1628944,16128965
2345800,748369
16126005,4081123
1104339,5550079
8008612,11492521
4723872,499774
7716157,13391903
8165123,15661171
4061118,6026994
3762875,3101405
14117303,8615565
9415516,14697806
11568314,2160002
6886608,10264485
13043928,2089096
5878021,6278005
9754819,10759883
11248970,8994891
11385863,547422
9714127,16660003
13807592,7501629
2463876,7719958
12882232,1157542
2910099,4501425
9101568,16605239
10834595,3991808
12582237,776850
10548482,9578212
1182691,13655111
12454112,501563
532781,9790517
2445463,556048
16790720,14987551
16601399,1985791
6590871,8045011
8698962,12491219
14490052,5000285
13271427,5532141
9432742,9177323
15853276,10091878
6331775,11479535
1025497,5697554
12504984,6950198
6139376,10694756
8960181,4624088
10818743,9791568
4534315,11418582
4380683,10570679
11044976,4584374
2252756,4494857
15438513,3475318
11543509,14332874
12752219,13992040
1509085,4857099
6978622,9438251
8581083,7446612
2758777,3257181
1243189,14640502
4706383,1807933
8707370,4109336
14309808,10504400
280762,11685059
12531072,9461121
14880292,15301571
7245511,7127573
2964447,4876997
1578556,9935818
15171294,13015894
4284052,13037499
9151714,15217368
7501777,7723480
10366990,6113366
10684470,9797664
9321692,3341591
13880723,11564648
6076410,1205005
16699728,12868560
13494143,6503849
14482921,9704537
5975831,11948531
3403345,12505724
3697460,4758990
4120413,3052027
2885713,2584338
11635349,1412875
6238115,3146479
9793521,5424853
5086552,2236134
12597995,10215310
14498091,5395292
7719516,8251540
3302533,12295136
12338946,4056878
7365575,7790414
7556187,4640007
2282578,6160208
10514914,14468597
6059032,4595002
15790234,1170001
8224641,11565056
4985518,12848397
12198206,5135017
132486,636489
247254,5752932
8093121,15216992
6910715,5666634
15748691,10564806
3158926,14620525
14624379,2727842
14072036,1943853
6122817,400524
14322622,8737057
4242153,4083417
24227,11250567
16027347,14996361
10676514,1472040
13764273,8561476
8355368,1885316
13643691,14013935
530167,207546
6128398,6145214
9659416,11457305
15427165,3132298
1671069,6521061
14012065,12542096
16333126,5864297
7585458,1813173
9916687,1782408
1734949,3289819
14849569,8403239
9605795,15822606
9278264,4160399
8086228,16784284
3332051,3162352
43816,1477711
2216730,16428484
6296009,15493322
15849165,8192265
9667641,3354474
3704460,16468706
2086323,14362093
8360985,234341
3724559,2806685
9690837,9555718
10504568,3588627
4332051,15622209
16278713,7108278
6743438,8452691
16574034,3923916
14084816,2831854
15929413,6461909
12896350,797485
5031788,2739395
5189577,709746
10974499,728620
2482134,7759271
2304565,5281255
13640495,15630160
5696336,7337767
3189530,2893801
5668080,5563712
6123506,13147660
10023498,2622081
11170368,8069365
16704646,4563027
6455152,10037340
12241682,8880502
16683953,3846457
66588,15481172
251916,13882016
10813073,2360927
2174439,4391956
9886299,15225838
10126305,9063189
15340564,12226892
14264064,16510843
12827968,5842055
421223,9872089
12871626,2280246
5013902,10224234
6650432,7022751
6742707,425030
12430911,5866205
2119232,2322511
7005445,15858410
13125668,287865
6790368,14223109
15471189,1008941
7906115,5965885
8006288,13232522
11358041,13694441
2041216,13096959
5144324,8695954
13858695,10171042
13602579,13276203
8290971,14900306
1792184,2754906
2857754,10157517
15228426,7945834
13551704,15999289
4576652,15394613
15456705,16351152
9230733,11875578
4033041,5762465
6666459,5160061
2737199,15870937
8517721,1539247
9843226,16465460
7715290,4056121
12892951,2473644
13951863,2368959
13818851,7500220
4066894,2264346
12698133,4056960
13699740,15182237
12068292,12225986
8072382,7532739
15549858,5404194
4134270,3506618
6607290,3705801
2338503,8508902
7428658,2202327
15363465,1192991
5592124,2468835
5192308,5618932
5109380,7249624
4877879,1818555
4182220,296811
3699783,2247781
15894422,2698533
11988998,6768965
6248782,7665387
440547,5939233
2857294,11859681
3907453,3482666
12841501,4437691
10829049,1530234
13489024,4157506
3310251,8102835
7553758,15520120
13369608,12137802
13251464,14434935
12785988,16540999
9137753,1256284
9441064,8625825
1084672,1962166
15738346,3887444
12980163,5208160
3203052,1197182
6449424,8872985
2246840,9297068
1510464,14447025
13660709,8713083
10418963,8369173
9852877,13919248
16042572,5773102
10453279,16667822
10002855,2581988
13221290,7808468
4824901,2041050
13252861,15537176
12187757,890535
6630893,4029744
14911953,2225202
10488754,11580231
16715312,10258684
4190024,1919498
7841096,13361368
12958439,12112975
1677284,12820955
8070086,10078936
2429826,3834614
11082024,3352512
13797066,1553262
8284102,32795
8660595,13802549
10762456,13454170
832526,8191232
7102664,15455383
10556648,8980792
10349729,6006192
2867606,752239
8875069,12756622
14907147,11464703
12582329,4478709
7989136,9559355
6278384,3454866
5026995,7724316
6874892,13927965
16261280,5244641
6422549,1136858
5695480,10691234
15601995,13441705
11670763,15491824
16724916,15220783
16637245,10757004
7914216,14449753
3129306,15531066
1148251,10728336
10732618,8371020
15348214,5170657
14289465,794189
3918413,395933
233914,15295348
13364593,12317955
11489322,6017972
13614422,4972275
10241290,10249818
5344291,11928872
14587739,5459607
1606954,6380372
1554138,4105746
5066390,6768267
10445920,2958600
3032288,9988292
13335231,7609036
15486309,16382046
6930717,3902650
6368573,10790920
8396621,3218590
11284956,4786047
625262,13973785
14912219,13088085
5214847,14709399
12971744,2865750
12704355,13211236
2845603,12190398
9223411,95416
4674604,14723592
16375761,2158877
1133014,15604456
6236323,5908808
14814354,6218990
6079457,13124192
5911454,14597157
6130363,14285012
12639252,5499659
15621537,189032
3693567,15525867
1214353,16476120
7616233,7415069
9647616,6507134
6549489,12657084
2274002,14797425
4035868,7653572
632471,7506168
6059171,7066897
13700989,10684286
3589653,6048994
2627451,13998915
7007889,13140872
12687313,11848976
12239294,15477516
6340721,13446379
4752982,10665008
11419197,10622508
4674136,14472186
5623201,13814739
16171026,13014860
936262,7455335
8618967,5636261
2446101,415398
13698660,12189898
5169919,9893825
15304165,10740927
10619554,4488057
15004461,1154798
2502535,11278592
3340191,11919489
7691304,13021312
5026144,16563779
11409915,2830738
11292746,16064641
6743849,9804875
1434781,10109930
8989495,14596010
7141859,7332455
7009698,10624720
1183507,5371842
5057260,2034850
15896581,14989467
8412735,5046930
13577314,4042680
4708280,14668615
7608348,7329922
14895710,12244032
15988553,2738367
2462028,5924091
12382563,5784998
10246584,11881305
15766406,6593603
6140493,10819659
12512070,16428887
4474467,7830749
863457,10529483
4962502,2783875
11206409,9374818
8260053,3311007
12733921,5379404
3089518,11871229
10075252,8473342
10827484,906917
3695289,9308727
14898516,1226310
5277797,7451800
1025943,3401179
7937624,6291779
10020121,10415910
6631153,15595302
11801808,11872038
7537999,9244402
625493,1837860
5925656,16765456
11936298,6370889
12088395,14903441
15282405,2667351
3019987,7714429
12195748,3737466
13147428,5732077
7335026,12772618
202384,14777320
15702480,15130656
4865252,6673683
8670808,10010400
5063490,10157196
14059991,10474494
14572790,8707994
11866706,6320903
12178354,779439
14633824,5184334
172955,584917
3874026,228082
523985,10291433
14315932,9527295
6464432,5156518
11879068,8907508
4327057,11717842
9494764,8103202
10251496,8539516
4094549,3561977
12236951,16640041
11740413,4963016
1872285,16393318
1298603,12559195
1890439,2552873
1878366,5586610
5816452,5492647
3670319,16540846
1703668,5589580
9762130,13124948
1436548,15058325
2415192,11669442
14840990,12289702
15046557,2629323
14206671,1241097
2884116,7430260
8607741,10542601
2766554,5310822
11840259,10265126
12832166,6134212
2085845,3201838
14560214,4701115
5549839,16479907
15434440,10507
377951,4494728
10814162,8476764
1414365,11389797
3767624,5866569
3793839,16636041
12301088,13456666
6017743,4062516
10964528,12159530
8769865,4194794
2020432,238156
2808030,12535978
12372579,4203071
6182311,13975189
6175646,3720823
9671550,4126242
16398793,12859217
3354671,10096809
7086737,15929578
3673864,815643
15988684,5482561
2628323,15433415
2387932,9005109
1942435,2956551
6490787,15780548
15174580,8565593
4784428,8314796
5753933,2218998
11128287,660267
769507,8874553
12486182,15056835
16608303,1923173
3655870,4108042
13223143,5343317
6607459,9195025
9209585,10229537
8659918,10210161
5253256,5199755
11788329,6182502
16634215,14540528
2790906,626913
15654102,15706714
15406729,9232578
14238737,15049230
379520,15638542
3533458,775983
10843499,8875615
2080555,9418580
14577049,5918733
814767,65615
11235708,2087768
6519968,16355667
2153468,5655331
10471746,2710562
4708670,14777188
10288956,12382645
837871,415805
6093110,9300610
14982673,2025648
7404096,876560
3230010,4130861
6529811,13727990
16218422,7621560
5096575,4745569
15422487,1156879
4925641,11345132
3400855,16294777
11285403,8509183
16743302,221168
9501622,12716396
11803847,4146270
2292203,11816408
13763796,3362872
3682619,6814158
4750047,967100
11089190,2535785
8314216,7650203
1809002,13527824
15211510,7006037
36164,10346087
16350159,1120365
4736105,9161297
16194036,10358264
3461631,12234044
650507,11100791
857085,16163596
3499454,12452302
14667917,11777693
15164776,5830180
14938138,14466531
6083969,2004326
4789973,1384647
7200175,893386
15184387,5004243
13801953,11573492
9660327,10006916
3106574,8434196
9850741,2546697
6759314,15664634
4215770,1357959
8214528,10794147
2185774,3253341
16078921,424782
15013108,12006580
12698610,16493061
1542664,2683196
3250893,9690575
2695046,9856787
12557726,3181122
5109217,16103372
15865476,8837529
11435272,12903357
12439442,6751205
14008810,8240411
2065629,6723770
6321345,12823328
10736739,8114978
7460864,3109036
15827029,6732397
3097197,12340191
1222471,1852204
10730187,8947908
10032615,6362566
9634648,11845906
10491426,6671136
13646471,1918045
10185834,6477249
5119486,14739769
839418,5105548
4331006,11628338
12947934,4704485
11590404,12626948
14339583,6195762
4255423,7177705
707287,3322703
7308891,8260668
5436611,10429336
14915556,2319728
10776743,2103703
3420261,10069600
8348594,1008
14624044,2612454
15036991,469899
2568391,2708903
12748014,5830729
5546982,4525496
2604315,14521464
4224343,2936883
9884658,12383612
828925,13496731
3384746,8979268
656850,11404170
2299588,9283380
1717700,13188420
6142713,2277604
5357120,1624300
1702504,13676846
7973678,3519032
16097816,7752782
12997143,1291942
803707,5728087
10396965,15456185
13997955,7570163
695312,6694535
3248953,11857309
3368351,6326269
8028720,8874295
14094266,5356387
5811212,13105432
14578831,16166917
9484621,7492789
6591648,14395468
12892317,127188
5039834,14143239
13655085,7995061
7204535,10944953
1524506,8938984
7169145,15369014
16459931,16789189
13374885,16621011
1255254,8651422
6280735,5090464
3871675,1431945
8833360,1792823
1145930,2063554
1803474,12720702
500721,11171905
5203783,7545361
7348057,10400647
1114217,7945075
10762933,12359219
9520892,2682421
16529139,3274420
6378743,3129046
13137400,2857688
2777538,2039338
10136888,13534622
694996,11521542
6774132,12832393
12879200,16305553
356315,6906357
13372994,3747706
9540473,8420591
8529440,13036944
3626119,3262430
15858922,12895294
15870056,238360
1779644,16145967
1109153,12321796
5000522,7707067
10261010,3713013
1405709,11161629
15356185,5102534
9125887,14252732
906763,10867980
12860451,2645781
3805283,6914830
9444417,224113
16518234,15138658
14986412,11439564
5563884,12594568
1968504,4012652
4107931,4938893
15862249,14811030
4660505,16779757
8177926,3666890
12062979,5136899
2002459,2022626
15245754,9351443
15617326,10558140
12242593,12452157
16125168,7687890
784860,10328079
2477234,13229796
8568016,1039216
17473,55233
10036971,13639807
8240433,4248182
13797335,11240593
13717152,4623011
4947702,11017270
7594302,9531335
13753801,3763287
6925491,5312483
5297031,8710511
5897550,4861071
15443387,5410150
11916413,8054352
2848452,9542175
161804,10537371
15521584,12712198
1624685,3383609
3086371,7355235
1472599,9817712
2545853,2411914
16364813,2676290
3675833,5118190
2866505,7652211
10395721,5639186
16335009,16118877
10942925,1381007
13992584,10153390
6738310,214793
11531798,3027961
13848943,4706388
15831540,4094578
7294949,11747498
9646508,4727254
5383570,524622
6165680,9864321
13292191,11975806
16114704,12387862
10475143,4081854
11098577,3264533
16338203,4820407
10665879,7650555
1243181,10445226
12211334,3538194
9583313,6898737
14852255,15002443
14448404,4725965
10449783,14903795
3389051,4364916
15846047,5630719
15091751,9116656
9294061,8867362
4936098,3233652
5388893,2242799
9678023,11828654
12704512,4217591
13547890,11680970
12872475,15857439
2108524,5477317
6363428,12271311
16293537,6264539
14594086,9804079
7858823,579829
7023641,3099796
1598737,11016369
8629084,7232698
13528377,16120271
10432728,809421
14764097,13565893
3111728,7536195
3299433,6241432
14038046,13452381
2017204,6470383
7579889,7004512
10692154,8803691
11648933,6796737
16341869,9572467
11292329,16794818
6432014,3870417
4084177,6944242
16788513,8360989
15592366,14427336
12170013,9484498
12025380,12250660
1217534,6267763
15934618,9683928
4525136,2031694
925440,5661618
9761573,1836931
4163243,14676656
631212,13534836
1495406,5925379
7765020,11018915
16510254,3287732
9834614,6873798
7548767,10003585
4921047,2433723
8768155,9352766
7935472,15039799
4883712,2129251
11470909,9074748
9897827,14475961
4367773,8221515
12467568,9203005
8969469,11298671
2957173,15417151
13552208,10750383
10104084,2537425
6863412,2063096
7876526,9693849
12070144,8508273
683101,2051424
2773306,8987862
8245373,11828836
4522744,7395292
12898933,3412786
6297392,14094409
13435026,15055483
11092104,6815270
9684842,15330841
13530315,3649989
5721163,1608685
11368391,14208334
8880167,8183314
4713399,2697750
7246921,10185582
5965490,14916925
12427918,11361725
7653860,7306119
13177308,15875839
14901044,14647170
4557979,4230543
2122475,8099072
11062405,6602041
8811057,6169491
15304013,16020974
2790886,10107203
8247483,8135835
1895821,3314494
11651114,11444945
2477622,6586650
10644460,532724
3940857,9204345
12641482,7017616
8167010,946611
14031049,15750505
7065127,1893603
1826417,10498511
12089642,13310045
14653724,13323423
9838779,8223221
15131961,4095408
11474432,11871217
1143808,15252842
223821,10794286
8068932,7121866
1264105,5507638
4376771,5286345
3298720,8022771
9875642,13335235
14929840,16412359
1137459,2132198
8564654,1316953
16787452,6696004
4426755,9662268
11363127,115311
8868186,8150971
12320066,2213253
3475684,11605076
875546,14995261
12698792,1866836
4265606,3104490
9271571,5598867
13483985,2121151
3624071,16542901
8709793,10198753
15016113,11617087
937325,9621787
9949045,7165104
5689822,8376978
8185728,13319759
12276879,11011528
13319668,2360451
3961058,6802431
15513534,16055007
13616862,15281941
14765959,15708298
10165329,2932991
7990314,3239371
14587938,7419652
6153559,4489239
15541244,7787988
3524187,14926427
13915740,9960031
2707460,12510291
10121345,8381209
14757788,11368248
8621182,9721905
12105413,810021
8668812,2521589
16028930,5207751
1652655,7059456
3579598,11113608
15731211,11356888
8181442,1399229
13765562,2701022
12418538,15645839
13192508,12487974
10931415,13601610
3888674,9952319
2233831,4232576
14914702,4769072
10498367,576250
1197562,11631652
15998572,1903791
3061398,6547499
7505775,7303090
12455819,12960651
13916759,8264975
15930303,9407321
765800,4284414
2272318,4189767
1725610,10014696
9023696,12228280
15732479,11595100
4126931,2563781
16218193,4731058
15486828,959262
2146732,50318
6690835,16793179
4243153,5569226
15330415,6493123
5146633,8623791
7481730,3851
10300723,669311
11178247,2105514
725985,5221019
14882843,9988070
10175340,16230991
11734200,9102028
7603750,8961808
6619085,11446278
15272963,7403803
3208402,13712240
13472900,15865125
7278336,3751138
10077998,2030217
2249302,6941384
14307495,13497194
1734200,9919354
1210279,11779681
10307493,12293420
6807932,9474691
10215054,1366191
6942364,7217487
15934506,11094772
12424863,13975687
8892353,12261631
15070727,6504007
15846122,13909355
16730453,13417863
11299355,5983848
14740913,13280500
1455275,8685051
5391278,8681020
16399482,3027714
12124751,12449772
8789693,4945751
11053678,11430777
15767923,973198
12266128,15745470
13582007,5843319
5287304,12442359
131860,16030193
16380807,9487203
5560694,13615823
10921752,7009067
10688289,5615193
2067441,3302605
477374,1345947
3325669,12636499
3065618,7818865
9778695,5946947
13768206,11429575
8698473,1617848
5810922,1847622
14192169,9395624
16517729,497595
16290591,972731
10775165,9476575
16306744,5234663
15729646,3963952
5968683,10136485
10567644,6104382
6218886,15230793
6269373,4731366
166879,16004784
480758,9225051
15179458,14296400
2152487,14017136
14226199,2618810
14136264,10651084
11019095,357453
13723928,16465291
2236334,15374827
12373970,13997747
9747304,8245859
2405637,8229789
14336919,11732069
11464779,16061750
11558020,14454957
5427008,3529595
3780485,3277023
7091458,6304334
13333805,10928332
996528,9455361
8585713,9689986
14254873,16540019
9879703,14734801
14835838,5364252
9680862,6568247
4902544,6084202
7507942,1914831
12712501,202495
2807431,8152789
14263330,4781976
12291653,10878542
12512980,9551945
411205,8296549
12060972,14733281
6294121,7858305
4234856,11224629
15534886,15592421
16641667,14443731
11200065,15188349
5075515,3326840
7489771,13207259
7471605,4974830
5784937,10435023
7370222,2106128
12558619,11380645
4112647,13778461
10201362,6053522
15009430,3103745
1463060,9027867
15275053,11712357
15273620,14118379
12107282,10395370
13870040,14738263
13262714,13858232
10909856,1282160
13570255,3032883
5234289,5592144
13577541,11958491
2292190,2873290
7894203,6951724
7963348,15935185
11517832,15248251
10687692,77203
8488501,11131877
9996560,11724122
3315562,3578786
13600423,7103876
13123593,6784125
1746129,10133811
1087795,12657007
12149542,9781605
2472513,10071331
11419900,5448816
2814743,2748300
11841332,13019435
3087721,4091412
8086511,5131176
16416807,3996184
11626772,6309728
6693550,8674126
6853185,10098387
5316317,12936589
2179356,5163598
2865894,11674282
7009560,505029
15156756,886702
9272031,3540406
9730664,14190576
10701733,2298542
1262466,2093472
23020,5766838
3740356,15897740
7668932,6613350
977499,5178284
3598256,3986693
2094738,12341322
3409515,5321168
15865641,5869399
16282441,4906207
4678270,5149540
2684863,8352178
14407053,16741659
12880713,16724405
7868583,6344642
15003031,4524106
1317914,11976592
2911844,14362220
4646009,5379762
12125796,13704871
8694691,11477245
8029164,8033420
4575554,12996356
3332537,105743
4218009,4885426
3736313,13188674
1998540,5086867
16726959,1570791
2560848,1367391
4457460,8475117
12625928,10279335
13444408,15098332
16309860,9996861
15978738,9449193
1690205,14996640
14488358,2350414
221395,15252092
9454861,7375888
15156049,15542229
3090881,1645336
6973699,2437026
1770618,6925140
12439097,6739093
9744278,13801176
3134625,11715535
11416683,3082257
11995636,15861819
3689081,12353788
6249793,8901809
581030,1596238
12934362,9605396
10714680,8668086
1656412,14496672
13295781,16337170
14820130,2546257
2372683,2062421
2878709,679108
11998074,13588723
16010651,2817183
13157914,16774282
5594393,15416958
4777265,8600755
10471514,14253814
11238652,4235929
15557206,13910768
2070519,9739348
15168214,16052875
15312928,1353472
15751681,9341810
7605,12829302
8715209,12558804
8649629,9206650
2409425,9820272
9788777,10599289
13200784,4584727
12636903,12530253
2952239,14319698
3777246,1007234
94834,4881739
14917243,601317
8415480,6124450
3057849,7262026
3800862,4035885
8862360,7156776
910960,13856716
7179665,4477861
2915866,9445399
10340690,12519421
7246212,16404243
7837357,3895062
15797094,2544694
3335297,15056992
7431367,13060424
8921762,13969414
14284369,6173807
2122109,16029630
16357316,5603040
5753559,10337003
16665416,15416107
4009073,11872033
4280345,10941755
2013429,812999
2926053,2947479
13099827,15572298
15917427,7516609
12432916,11985855
8033115,13713933
16005816,4208734
5424037,9644744
4132639,13855527
4289605,1164036
16068953,16284604
4175211,8853662
3941348,10975208
6628553,2519691
1488119,10951130
9171846,11717982
14674877,8178467
13481059,11470260
11065468,4856235
11290837,8317735
5536776,13754441
179031,9800597
8525538,5965856
7210807,10819217
14080016,700106
4774255,4937903
1363489,3256858
8536518,16162468
7309173,717935
1705148,12791698
8827372,10473387
14341774,3051817
2088076,12973752
3639388,4836827
675540,13030362
430606,8386405
9129914,10627588
12532719,12380109
5015236,16183487
5027973,2175332
11220961,16411930
10329911,9107984
14788460,13333670
731683,13250324
7905312,6519328
3850206,5798215
5709195,5328704
10998931,5497771
2384033,14080952
8585245,2443298
4392459,12656615
13908383,3675366
6232630,16035580
11076633,12533242
11802554,6416754
11715156,3317771
13620153,2441387
12911049,14911879
1153955,3958788
6238488,1440030
9310662,2991152
11028913,16215967
7065116,10462876
2835609,375517
7547579,16114968
4635467,13628871
16727318,13430236
10065885,5596392
4981041,3268106
2211280,12418812
8161575,177071
13818743,3059600
7708663,8443254
7506191,2011076
3303889,10347897
1421458,9038674
2578290,11403732
13776838,9969470
14227530,10044372
9911248,4130965
12633513,7627505
12416154,9404209
12545077,16226914
2861775,1436203
2609829,12592689
12814485,2530278
16722912,13792723
10204028,11153696
15410278,5659148
4431070,9130921
8987827,10083847
36231,2722831
10852163,16496817
14451729,4930795
12984065,7753801
1201003,742662
4165832,16197106
12792815,4653954
9595926,13554691
6697019,2670727
16539989,5285397
16167304,3166899
210039,1567675
1005036,15447687
8182266,11920625
11981138,2411268
8701320,4479605
962333,7980441
3520629,893025
3012431,15270207
10170379,9448404
5572038,16437933
11868138,10109904
8666978,14460140
5618863,10812958
2935886,12749912
13566155,5646650
9551063,486249
14442815,2372067
2290148,14466398
9991186,10972372
6265129,5014185
5686080,12406148
6734604,13909290
14257630,6315875
13192214,9118350
4061738,15348523
7588749,10596196
12483668,7682106
9258796,2475877
16569855,27030
8587853,12081157
5370039,766015
16216591,14637709
15360239,1412124
4131598,9236749
10238215,4986734
266325,4617380
10143012,9578238
14130724,5369471
11133591,13567687
120129,1497095
9511812,2200103
7510717,1153450
2021387,9560065
15386341,8073070
13729412,11841135
14148230,11769820
9405590,2593710
14080302,273822
9046176,5535936
395246,7325910
15635369,5169660
14589111,13002259
11265997,6656222
7734168,4819606
8883425,10673758
11177448,13199302
4284586,14447849
15860096,2132609
10732461,14627300
9216097,5468297
12060129,5807814
13965568,10919242
5236226,8132187
7029306,10720994
2617965,11583635
455825,9343915
2180328,417856
13842175,11752511
13354038,3140210
4569623,4456925
10135597,7846380
7798211,4473292
7910692,7838849
1048303,14930257
919600,7839225
12438409,16435100
11417805,8828644
12350058,9546103
6286391,8792493
6763813,2857266
1966336,3587065
10419570,9464532
13292974,6300211
3939518,8611016
6343821,10478168
14102015,15753805
11195392,4521838
4586339,13560269
7048344,7461986
6951351,5800687
16126866,3607092
6422151,5819744
10419641,5210147
11565160,4013574
5948353,4388388
3954106,9200936
8032546,13350287
15612173,8281696
831808,3149576
14887888,11775963
15642886,6227936
4347310,2985745
12956792,16129762
292287,574127
11089126,1074535
1542526,5790049
16328897,9539914
4147663,7642516
246858,1973544
10251374,12814226
9266349,15833563
8094309,5554406
2334046,15249440
2777535,2428593
16598539,942187
2112606,3136379
8399868,7923163
367866,9108820
15435258,5428488
98037,8631762
16002790,11328085
15502056,8487303
3319736,7790603
8458247,8708962
2644387,2522580
8827822,11040292
2790039,5063026
8392503,16450953
5689147,9248300
5467061,1245737
9020716,10943731
3443036,1527785
10394256,4830368
2869837,10476624
9592461,14639717
3606975,9172006
9855842,8201128
5286789,3114238
10551327,10504377
15737078,1970980
4362341,36623
8258940,12860626
7938388,965145
11300704,13350882
5461812,14268865
12438964,12567635
9187343,16694828
2061821,4990198
10194537,10455248
6828054,15809974
15805172,6204753
12626948,5713559
6397009,7957081
2094603,3824916
14986806,5796629
2607766,14302769
16704340,13617076
10212794,5274808
3483118,5904511
4247765,1745960
15336361,4732282
12587774,14019407
11694666,4575632
798094,583054
12967660,3343787
15755908,4907239
3873696,11791275
16389492,9091839
16258067,14981319
134932,4065542
6541808,13826678
11108846,14915730
16330327,11682675
8118018,8624181
4709942,9244383
10615011,7138828
16753368,7679037
1188586,9419770
13374949,3746131
12291986,16083959
8303876,4656277
6254997,5232586
369445,7237372
5597134,1425930
3145957,5660270
16686793,4430718
13400323,10369868
1418797,16121863
10229109,6390760
7556383,721930
12693881,2223028
12289087,4587731
7193805,5154312
2453090,7828674
13605502,10791395
15672712,12334779
4883088,7152860
12073976,11035262
11942792,3193460
8684250,1257110
14002402,15698706
291923,1762407
14670708,9182927
12700154,1955531
16622383,13591879
6178774,12457324
5347641,5345987
2680356,11116730
15993007,4027718
6546784,11997457
1762823,4972536
14683959,15555260
12731583,16052891
6028260,3968987
5289523,13894908
7302870,6705616
7515165,5293663
16506584,15917636
3304438,9896159
9999277,4285264
8191906,15581994
1613106,2152684
13275790,15978847
16125247,6087073
5036094,6674967
7959593,8207931
1506691,6702398
2412440,11693066
16235977,13557379
13570842,6823549
9991586,9405583
6016249,1688436
4351424,10581263
6378518,6549783
5377566,1809357
40710,12888684
16673546,6361185
5168009,15669836
15108751,15662459
15163052,1851451
16636310,8393478
9695780,3937848
14162881,11422166
9529769,1238280
2722707,9947695
908575,8688461
427000,16599547
11859020,711536
12515435,9124161
5302249,15728100
220987,7559893
12163172,835136
15898685,14377893
16582781,5861533
12096485,798462
15822586,15129445
3902257,15193103
13757416,10437568
6023089,11962900
11523396,95507
8198199,10555077
7405,14527364
2125528,7589120
7993494,2341755
988481,3000544
16715386,5724869
1196678,2262602
15322005,5196916
577234,11827257
6862102,13606764
2228633,16445716
12577990,4190132
7181959,1403170
5837264,11744792
1775182,10448976
8557547,10803653
10411852,8106888
15779534,10522605
370845,7404161
2385259,4379029
1864950,2540510
13226629,36055
15370774,3567773
4975460,14172494
11514694,12156334
15942572,5452743
1625878,7537699
1645975,5976025
6515193,3803215
16740771,13052269
800200,14528837
13105053,5767926
7984669,16623723
10995636,5109289
1796681,7975551
14534348,2885714
15290028,16755564
14375166,15043816
13302563,6692089
7669244,2452296
1647388,10149317
3254348,3760185
9795821,7485813
3175404,13839729
13349216,15980559
10133000,6632813
2454298,4129179
4750392,11199889
12577061,13716890
5065624,1251300
16356408,13197462
10910389,8054039
9705343,5658768
1516918,9717343
1485089,1211734
7889475,10882422
7093060,8689764
6744858,7252898
139359,13846923
8821559,5026913
10560039,5211837
1847621,2042749
15786781,4327192
550660,4166622
3788004,16664756
585852,3087215
5624534,9814877
2778174,12687198
10672489,5974943
7439755,14996593
14079374,10043528
3868155,7908696
7981377,13742193
537516,9561556
5944901,3105293
11176013,3131867
11913356,6593230
7721094,11610260
2455787,3344428
16070748,11559523
15469791,6628609
5815267,5789258
4980584,5769653
15254108,10415172
6474767,13220242
811025,662954
12919863,10696313
4649021,13837621
7648521,5800009
8403645,8504221
1556290,10803001
3101597,15343359
1486430,8115751
3019036,7893317
5766139,7599824
11500248,8768768
13389144,10618352
9377508,5047470
5422516,8044434
9123690,6123493
16756567,4370788
355449,289299
7861888,1783948
14759468,14448281
3383915,11814025
245143,8345468
2858837,7570388
15150548,291204
12628785,13557295
6161328,4005378
7453792,4270869
15630607,3831313
13581864,8794654
12379793,1956335
5847998,7186220
515824,4799345
9834685,6986491
8730194,16735012
7944260,11650861
2911333,7459314
751892,16657908
3515380,11987018
11843776,11977539
3948576,2819185
10266573,168221
3253255,8424478
1541333,13392665
16486500,12109660
12528353,10075021
11462470,11618221
7876288,12174146
1169395,5561589
15554361,3894454
703193,7715056
3114896,385642
1623003,3581680
9654527,16312019
16334479,14207193
9551157,1308256
14344582,11338349
14405670,12162245
4237777,6734544
16091698,13938367
9273128,10905781
15851784,6923910
10495301,3856269
14477292,16130998
8886012,9687469
2307489,14520397
13832069,2571714
7347577,7128660
1909860,13454399
13742630,15559478
10996739,15219971
599246,534006
5498163,10935820
1623329,12204727
10938120,13696420
940171,15014316
6499567,6106291
4539231,11889180
16546286,732718
8913373,3915040
8416962,10336185
5161913,3568390
12729015,12338839
7977020,5963503
12126645,2490701
11683913,8034475
7099083,7137496
11293579,11000338
11507922,6900594
868962,5828785
15694715,9181334
3630391,12692200
16746068,7478685
15008264,885333
15370585,7289808
16526714,3373184
12339211,14123799
7063836,6787864
10132932,14504890
5810468,7493898
13629029,9245959
14896739,9676438
10472326,10048299
10366088,7877558
7987832,11873445
3219600,1747814
11349654,13622521
2889691,16180412
15624468,6906314
8633654,1259966
3276986,8008320
2388254,9252378
13548720,3708459
13136604,1668906
8584996,6927911
7870803,13896278
8678966,15298573
2407573,10291749
8480501,13010623
13078307,15750745
16749595,14022584
16663571,7513089
1673414,12995081
8948569,9119365
5097643,8883213
817290,8425370
14119097,15217597
3112934,8541965
6349578,4295619
5650816,15467379
12507553,1658112
10117511,4656611
15949208,13718342
8329598,7653753
11238292,15735738
13122789,12235688
1195022,16309873
2818116,2199360
3180969,10529419
11591956,11517458
11425153,4876004
12461580,9718404
9551153,8406479
11698721,8378480
3019977,4968285
205137,2805925
10440693,1540080
13398703,11079982
14475163,975874
9008015,9676949
8413732,14071291
2921809,7598669
12646739,16582284
14071002,2806251
1219217,1584997
14465728,11408394
324519,12739098
4253669,7311546
6692103,2929582
8182753,7381896
14072777,1267734
5315371,1093914
8323779,1793474
4330212,9481439
2236848,134454
7965583,5185340
9564324,10103399
9177668,977753
11893744,7785136
691578,9573025
1198519,2013549
9313440,11156959
6204002,10122358
10326262,7112629
16684761,6853735
16227045,2130634
13270160,4601537
12787675,9929981
12811271,6702338
2086113,14810588
15456986,9859141
12713656,10211522
3396261,983582
6021773,13242791
9666777,7642358
1574254,810830
1251964,13048084
9198221,9084419
9238412,14026816
2423379,15788061
260457,5982957
4244445,15698593
10463263,8138257
6683127,9453615
4521035,15232883
11443625,14095416
1091784,11332274
11965047,2421425
12849004,9969423
2871027,7578967
4016331,14674341
4566778,15116121
5576160,15709683
8596560,8887061
2116848,9142308
2597708,15294894
9989362,3963043
10702226,11394823
2532682,5852653
14876831,2758025
14985532,14211792
2623201,13284502
6907367,16222845
597295,5773354
14644846,3673777
1614054,12997757
10729888,4205601
950099,15211724
7474363,8275327
4192319,698971
7377642,16731132
6228891,8121598
12471854,15143832
16416499,2360652
3269334,9794397
15599838,14398654
4330016,15488812
3821691,9447398
9543962,9045338
1114683,3137439
2258307,16110731
6405611,14914575
8312768,13710539
10424804,6688963
13420857,7876830
16265555,13929795
13623867,4478051
11069172,12468952
15023262,12565159
13391435,4839377
13812482,8100381
4609499,9412472
2511589,2097745
1723451,14233757
13081602,6451948
12637193,787662
4561557,16168510
3693236,170422
7090069,8052191
1053345,435476
5676582,4150727
15170536,6129477
14647824,13938229
13826585,4655753
15320767,12750819
7782850,8283095
9691037,14800922
3054691,4086859
10138609,3459422
8355730,3811419
13768138,8301980
14846890,829994
7848161,8345923
11762148,9305151
919291,16655283
326566,11277392
11401930,3499034
14884804,8760346
3495125,16652303
11633933,3838003
529698,7186092
453311,3866548
9501676,8778271
5784518,10858457
6986836,11119242
11485499,9049236
4614895,9076414
11279249,7852662
14474188,11691446
10812062,12939373
3994279,10531034
16329591,1424296
3104665,15654049
12292813,589539
16713999,5621158
14850222,10641701
11865683,14431722
13222284,3196851
5249037,14696717
1339311,13024464
9163692,8729128
14806393,8412284
7664997,3483121
9546816,15316355
15853404,11037822
16682349,1604467
10104327,10210934
5561720,14078660
15480425,14289556
7513921,5474740
15655793,5586040
15546480,3282113
10413713,84280
4522519,11468085
7509469,9596855
434345,7764331
202500,4574034
10119145,9811796
13837578,11017330
6618974,15820565
11485823,1967365
12127277,3277461
926579,10124265
6451307,8427885
9818611,759277
4600274,3320166
5750104,10621542
16062523,12500177
4678109,6636712
2706304,1640673
1318705,7907857
3835013,11520832
9679792,6293293
11826000,7170457
11552495,13653343
980238,2712551
12613747,14644753
14242768,16670271
4980315,14565362
1147441,16353920
752294,13215550
5513391,4808901
1185049,3337665
3377639,6443769
7771002,6566764
2047984,7778467
15385474,14695342
9920502,11281563
5224788,4136166
10364580,8955948
8395988,2978482
6106349,9166720
14767144,15805685
5066360,7702508
16606275,1031668
9683703,4149380
2727009,10932798
5257336,3337930
8673586,14630611
5532822,10230614
533012,7964350
9748098,5967636
2052194,5092594
6354222,6584330
11566093,4051255
13861959,4141425
13786567,8706040
8050230,16598877
1676911,14462556
1603012,2658207
8458093,5839057
1322892,14921694
10011816,15381543
7888318,7267196
15668651,13649803
8396820,2139185
7668158,2016994
2385897,2359326
11137295,15000477
14372573,8084679
16288259,8400112
9496826,1251027
10752378,8880254
5925873,10926725
8824161,12469099
11884293,16622738
7029412,11601151
552331,8487746
4575061,9079179
3332373,788744
10122789,12043337
12497027,3966551
11265695,11487457
16239302,7362845
12321079,8724527
3506781,14522307
876523,11273589
6215502,327650
16174707,2936265
3685638,5268319
9656914,8004052
5586083,11728337
12479732,7607680
15820832,6510765
1266491,16637112
15415341,3633508
16174504,1287303
7845773,5288655
9312030,10440602
13967221,8980669
16037987,3875724
6722057,3919454
12757352,3171297
10494728,11664312
16103549,2064224
15028491,5439284
4108882,11536311
9467078,1063992
1548276,3026004
5366156,6300859
14201243,2887515
3883948,11350730
1472021,3624498
12198656,12646759
3641857,9347649
13462674,9005252
3094359,1997663
4945535,11050547
6717776,14626416
7779776,3920442
399330,739531
5957664,6649359
16630266,105306
14213111,16676267
1068817,9794401
14337175,1224508
2879039,10374025
6344801,4186418
1323658,3248244
8503949,8148255
16468203,2461700
2845421,727547
3964741,13698404
11440290,16687427
2487922,3299525
2818236,6739760
8687031,11236411
1706591,15812335
5687883,16385677
7378966,9365091
10040078,5309745
1765684,383520
11198494,11416010
11881898,10861595
8521060,8152834
11429306,7990527
8186964,1801657
4370824,4096219
16175694,9984831
6264429,11457473
2697759,2968466
70945,8267192
13200559,7916896
2134302,7410746
16456010,5887182
6211759,827358
3481693,11371250
10268002,11165261
12750862,5153303
1863092,16223748
16353526,3391883
8659468,7953733
16290964,12528168
16714577,8172436
6315481,13953147
3691367,8325405
4942901,3918456
7463685,9736992
10769859,5393008
10361565,10578294
14642372,3629045
10868205,764833
464245,15293885
5016055,4154693
2494605,7604526
470829,3660296
8617098,2108273
1006296,9502697
11864252,8800582
14901662,5545892
12107417,3343003
15004456,10834841
5350666,2884896
14042985,13458002
2177578,15981585
13886743,11578671
5125682,14820155
9671062,15406936
10625249,5702061
1698941,11810824
10543920,8592050
4193472,13539832
13013144,4425836
15428855,7581186
5065953,12547863
1857177,12553541
2159379,14229086
11356924,2567452
13802739,14906125
1049396,9666577
9756799,2279654
10063662,11180355
16381164,2261319
12619856,1896189
6568716,11779977
2257892,6784139
2739585,5193861
5111325,2838419
6945911,1472397
446339,15511364
4550466,7516831
9787418,13515768
7703811,7738344
7881135,16636039
10759466,3052376
4565243,11654963
9352815,5421854
13850675,3650834
3699868,5982844
2636748,426550
15003912,12744566
10141415,3548058
14599395,1328484
11919045,2400029
15805618,3363744
1187575,4819146
11925098,15800885
3826789,11580827
7895799,11607606
10599163,16221545
3010543,4526282
14578449,7445298
4219329,9698618
15689710,16043439
15078851,14495819
6573392,1906558
8647225,6322361
14250936,3938405
7102540,13298568
14912241,9282980
6333636,191073
3760122,3923493
12044656,5701017
1791463,9956872
12936032,4070037
7635069,14172611
5348851,16286896
1559645,644077
5596290,2385152
13900219,2423976
3598566,6933257
2818508,14635863
1552261,1786453
9670882,5447043
7243680,6083207
2274428,358954
964712,10954652
9666511,7597866
11328649,5375161
14352791,15382149
7953494,6991091
15218676,7706412
11031075,12084472
6964718,11062920
5272482,12968596
10789316,14813270
7520337,9515781
9431478,2880411
522400,7547436
16603864,11776611
2376850,12255227
3059733,2540447
1135660,3057651
12695154,11873008
15384472,2900197
4053569,891149
14191154,2910592
2405645,1617284
14579838,801494
2955229,900034
7610657,2621035
14365500,13615077
12861286,13525428
2244639,9578074
11392908,6238688
14569691,898086
11583191,15882627
3849954,4149461
13606991,413953
1858947,3372172
4846228,15713741
5050313,7990708
12006323,4764391
9728654,14073362
13214938,14981273
12104581,899422
4660208,8044494
5370366,13029204
14899353,1324204
7337175,3860814
14642581,1471832
8659141,3871091
15567247,14341648
14523412,6928133
14547800,13568920
6384212,13737408
15057752,6400118
9872527,1147701
5363243,10947585
1229152,6026040
6422719,2458295
13862870,7150153
15099584,9706220
795461,9889465
16225345,10639339
12499082,2282958
9518108,89111
10534943,14503081
588743,7677783
2366864,4768220
7856867,4749966
6659589,7803353
8995260,12819179
3558760,1634333
11791467,4419339
9880496,15159512
2644639,6354974
5310584,8334541
9295194,5814333
15228361,6821468
7113065,793457
2518959,10348079
8441823,12752753
14481848,6088717
4074789,13733311
16230773,4876878
14099656,3133739
15177886,11007489
122390,5355082
6631410,14287214
468404,3120600
13131332,6941884
16533037,11035933
7512828,9491966
10777954,9326975
5505395,8207308
7501648,16455015
2035350,793043
11993418,1646333
12353580,4515926
14909177,1034579
16345601,3712623
4024346,1751598
8796205,5380014
9235604,387145
7677337,13801383
5945702,14167578
13472268,15195715
5821181,3676532
16019158,9175061
12733436,692298
7829183,14309508
11847148,13383165
15085430,94278
3311991,2718318
2786001,16111357
8600433,633060
13293494,1873712
2482758,10090546
10633923,10776926
11942077,2489050
10134978,13168025
2472134,2049084
1105018,7178909
13548280,9798695
12790186,3965725
4642335,16299188
4221194,7106768
12582864,2712847
9159961,14387478
13668712,5603267
10995119,15144296
3526663,8159790
5555238,10847673
6072237,8066174
9248363,1074925
16089029,7145241
10390462,9180146
6753900,4621131
4636813,7009635
4544934,4796007
2645357,15042891
13512295,15067340
2187488,15473462
5464945,9613643
7002577,1112286
15917658,7467277
2207553,8505926
16124549,1032207
15915261,15135643
1196591,12704138
2873363,8948897
3126837,574401
9521215,11570520
4848376,6388739
8264704,3869485
15737442,7652936
7559546,2914707
11448127,1044522
3774782,9482228
3659195,11160550
16221499,4016998
21778,16044972
4803952,9532513
2319190,14204734
15990140,10172652
3541873,6969566
6245504,12610777
8495858,8811220
5211326,2558331
11154415,9085222
12467732,13307173
5931450,14825867
14850000,14309678
14263307,3145177
14839654,13718614
5279267,7297398
14072054,4590216
11166038,4725154
14040419,1752459
2733130,6145781
16610421,16676209
16100955,13482397
15677920,6780902
6035511,8123370
12205326,14225132
6408638,8937778
16794589,3846611
9696837,13267770
6423164,16278384
10939110,10301009
16065937,2870403
2839877,2008435
12172168,6644594
2186910,5231637
1638045,13642545
15778488,3267163
16372445,475944
5482682,6738875
8095344,8590362
15057277,10088260
12332945,16169117
7628341,13918802
13748882,4204164
10024177,5682696
9987659,9766436
47978,12342113
2085977,14822913
15487518,6249926
14501432,10923366
14566408,13965107
13530118,4976991
14564315,13406437
15644278,2356141
10298647,5390627
5528585,4046701
4149025,995492
10183583,6987442
1703806,11460904
13412,9230179
12473862,4139899
15196698,10927280
7361055,4015561
6933238,13363750
14909918,14275245
15144457,60638
183623,16691076
321645,6393180
6050614,1913585
12011349,4129075
3897999,13813126
5113068,4140371
11013120,16721436
12880174,15205883
10773869,11115882
10007526,3515412
2273866,11234128
12032879,15841235
7296401,9195878
3420940,1961137
13167865,11521617
12605595,5431310
496240,13541926
737909,10237271
15715748,9485208
6894336,1110842
13434481,1514648
15157103,1118353
14883222,2552255
10375665,10252402
16171917,3265647
11934805,12175767
12736920,2943992
10981344,14948647
2941267,13127300
5883221,12860739
13560021,10583709
13344870,15666778
14287993,3437313
13384509,4218729
14890336,3924336
11600769,10620301
12379115,9706087
8544013,7250905
14705045,414614
12629158,1917751
5051639,2514904
9872065,14222979
12282218,2264653
15375505,13301310
7258106,16495841
11466923,16303868
7928253,10867812
9753070,8014067
4070829,14293905
3033839,12155016
16570322,10991373
6101912,6957872
2113308,8443264
4518851,6615241
13179014,8497655
2253915,7711764
11846777,4752643
12595471,2984431
2015342,10784530
1133931,1837670
12324337,8069314
391911,16308023
5154929,6888212
12512041,7539668
7652006,220601
13785565,7104172
1544672,4819771
16192851,2968243
9806803,11917517
422506,12934427
12119965,9029222
2443665,3661814
6624901,12584869
2145487,3634671
6885954,13896103
6100756,13901970
4915950,8887524
12364603,5938984
9625857,1187985
2983796,13089459
10351925,1325002
11774073,8690865
16560483,7800873
16741261,14688077
1309469,2238297
8491833,10285400
11709627,1615689
2321319,3039856
4264105,6899980
6339338,16165965
1052630,3944847
2399876,13650324
10224436,8683442
12917230,8945598
9945396,16042585
2114241,11641402
1490030,14186117
3097783,15330151
5916303,13482569
11462744,14078128
14243278,16596736
10138807,15294548
4662013,8467809
1447429,3675047
9338204,15002900
5415487,16782297
13972337,11473953
4446204,8066436
13240530,13945951
4174832,9585325
10852884,7765928
15093262,4862669
13300782,1020953
7602179,7270648
15644745,3131956
1972475,11678739
3418492,11568288
10728932,7674453
4944828,15151338
5820876,3450417
9439649,11904008
2135754,15959921
11903014,7470320
6563357,8290664
16305011,15428314
10654340,4908945
5251420,10676071
14627326,5757703
8422697,6299021
2412224,8254271
12103863,10187623
12468547,11967726
1774653,2629013
13117508,8785000
2847588,5260426
9984168,5154972
12773397,14836964
6702750,15821629
301485,5367840
2505131,8194754
9361168,10552382
7085738,1879496
10067138,11998357
11610550,1475471
13141618,6347030
9212906,1258253
2278334,5610599
9994251,10684474
7121417,12683508
1184267,7864554
10151160,1670955
13869700,2053595
15448866,2783822
690400,9912570
14270440,9464066
7739129,11135832
7135723,16498230
5132288,970208
10437974,7851138
2879398,11861394
6443521,7482532
15155399,2435982
16325352,5909192
4657909,1842142
8245339,4691383
16123524,2119837
8550979,16074310
2633333,6791580
16156855,6050133
4779115,7805751
15236869,5337736
13669012,451541
8618179,4508006
8507358,12129189
14385848,16134279
1281241,15213040
15801886,12922693
5073864,6890826
16372336,6218152
9112225,15766808
10866222,7234001
12876771,5975108
14306388,14229203
15836201,4634542
9030818,6917446
511126,837223
4782541,14565126
10135184,663139
1777561,8838781
14079436,5631535
12488062,1895278
13098199,13679262
9909287,1710684
15438611,5005978
14525453,10237961
1459359,6472858
15516449,7549347
13863131,74882
11980808,8738947
10153445,8184165
9072729,9038126
13253402,7604703
6821304,2640263
13142884,13310860
401637,2992810
14054935,13826693
16430701,268647
12003,8706801
8817600,8344222
15746916,13416781
7324015,4986993
12873880,2471003
15832414,321263
15933718,16529517
4309250,1073081
8532979,15933742
16345617,5140412
16605694,7165243
608957,11648609
5458578,7540724
9289614,1822682
16607512,9279294
11093417,15615
1903993,7407747
12455585,12025624
14527587,12870020
6909558,13987768
12683323,3222674
11411236,8739538
7689067,5437681
9542605,7163905
1586084,15568519
4548052,5914797
6058961,13338422
7692363,3059114
3519041,14172369
263409,7244142
948161,33415
12542433,5898030
9001406,1293496
4614286,3964547
7182285,2552593
14004398,9854561
4191150,12458180
4904430,15721353
3789464,8823429
11993967,11683636
9177067,15036075
1323614,10760427
2828227,13314050
1608396,948841
11951453,7709026
5648009,6756989
1649563,5370342
1854382,9122524
7955540,5087080
10901194,3807044
6883002,882185
8575139,4711016
4772648,12918871
6512814,11179977
3715987,5865160
3254129,4010829
8489096,10760883
12511627,15328489
8277006,1210524
15324528,8732812
4241961,8479364
276269,12141960
6846547,16462749
11136748,15848126
1252998,8681132
9263072,5912905
12791951,11968973
7407231,6782631
6762980,6760397
5704775,469624
7945130,13358144
11902234,11993385
14736518,1364142
8125909,433511
14411107,7680807
10229087,8874348
5706268,4256500
3592243,3033303
16433293,15668038
10773307,6880040
11497919,5017122
5562474,835141
11854606,10946985
14082572,1767249
9445085,12834262
12871774,10965246
522189,13334219
10918701,367857
2889353,2148430
4322283,13136978
12398688,13207876
13704135,16030988
458068,11952861
695138,6948856
90194,9939046
14610886,7108109
6341658,13163460
13289302,9587749
7675000,7408625
11056378,7032158
12599184,12967566
7901791,875314
15184255,13658748
2625605,13912735
4222165,2674889
3973055,12070215
730141,15432714
14633100,15589885
3263442,3052853
11617299,14059793
3647101,6545402
15169944,15921900
4423156,15826816
7744145,10854309
388817,15362460
11132729,7637498
16686313,16588045
5664207,3156515
8168193,4901167
3377926,7964687
2848951,16508296
11801559,11070189
8318604,15829730
3238390,15390493
11797836,5938741
13978568,9281227
2043595,15986607
16192315,10566804
6032491,5477260
6443292,3756611
14532360,1720995
317210,4065096
3588142,1807051
4436086,8173352
1270171,15513651
7135278,8623411
16489262,9475855
9781730,13480059
1927393,10495745
10029415,7470416
11632700,11679952
5955348,6728425
4457349,14509151
6755862,6934450
7692347,4634513
13986546,13019327
4304292,10230449
14935842,11697286
6435157,9659455
11848014,16402173
3192747,15266572
7835423,15358809
3456368,12577499
16147033,14347655
3233244,10916905
4473333,14985141
488752,5541949
3886577,6972419
7886121,15253095
16408489,7275601
5441159,529222
10198437,15583675
15347750,3425318
8413939,8166554
15044954,12758167
12088987,12522900
14807520,8522253
2175816,16135145
11789550,1988247
5916607,14090755
15679107,9433542
7394401,13122085
11970504,13079043
2384791,9164185
11455711,1790942
16174021,10869986
2746201,9496649
4709957,5113997
8303684,10685999
14984324,16730682
3817978,8481674
15741991,4931006
15530865,5433782
15446706,5497197
700809,2914772
9953093,11335953
9962775,6576715
15117846,14339874
10107314,7949257
9531686,2584868
3712026,14479586
583331,13682670
10478936,1649040
4777292,3766482
8529689,8094129
510650,939583
14290002,6690220
16265121,14433112
14796048,136587
14616391,16112869
16006286,10215119
12130860,8088673
10445375,13388986
9009303,13303689
9381655,11539153
13178243,12416179
8623544,11665767
5810544,7736736
4127823,15942241
4042537,10517480
2133861,8399406
9105977,529760
1380263,4345511
3607740,4394403
16084167,1135387
7679940,5495537
15062214,273664
344467,11334161
6037048,12296735
1214127,16207727
9847493,9478980
5165782,1550801
3501980,10764159
9905868,2689339
1772066,8899616
7519262,2113275
3424458,10838300
6280541,11371587
3982878,16420297
2957397,796264
1850396,11954496
640465,9470370
1492136,7271085
10522034,15468137
257092,10764025
4318659,2552766
3796623,2277575
12306942,12893845
7739489,14797658
13919691,12246146
10885616,14049369
2948977,3943671
5274796,11447663
15170988,13038306
10602230,2421011
2411784,11630353
4323873,3506414
10518862,10534751
7104777,13885448
15128306,1586365
11610718,3246973
9309765,5161036
2917648,4096332
4527087,14863507
389092,7458655
13161543,9608610
5644490,4383370
9580452,13294092
14482885,14288413
1347371,13847990
3389518,5480996
13508078,5805852
14053502,4045030
12597173,14668404
5225439,531305
16348336,4291935
9893579,11212092
1911856,5875868
16772496,12624027
5663426,5637787
7940446,9928934
2133690,5605493
8558952,6382310
13931586,7977483
7302988,2118297
5196389,12842525
16039088,15380770
7433536,8296311
10638488,10669352
668520,3416298
9829100,7260211
6783880,16300734
12994522,7484543
877749,3899817
6947948,10709994
3856871,630563
13335626,3616504
4126684,56986
7725759,6610783
4248166,14615768
3941360,2473169
4072540,2106529
7320028,7216088
11227081,12104728
2432072,7262868
4885726,3841850
14499008,4404807
16339193,8458737
12618515,15318436
16536984,8890057
1741838,15932641
14540785,10124931
15103906,6407289
4268837,14560681
2501477,15609223
10090374,4886363
7260114,11493567
12503070,12993138
15368123,11304911
14182866,8318787
1355392,14137484
4974296,14623064
5083107,11591813
5499187,10268008
4381759,5800235
14254437,8851
7870959,14252087
2294052,391871
3554723,12708258
7493005,324306
3870125,10118108
7788093,7405788
13596484,10871547
9241619,10383749
9866019,7811452
10559679,7146639
6449422,3757822
773616,6049442
13937197,15564422
3067330,10084705
15717255,12713677
8459951,15895233
16035140,8479845
24083,16767653
10169097,10643716
8509548,1974578
6680615,12688444
4241403,6973232
16735952,3068712
12802784,5913451
5372048,8207251
14213537,11394206
9236251,13763457
12194344,13405682
5773360,14973328
12245397,4405062
5369188,10051830
11403189,16386501
11209395,3815704
9936768,1342734
15326188,13370597
7299150,1103549
979248,12390125
11746611,15723139
10633481,970766
10064346,3907737
11403152,4032313
689301,4966618
10872906,8725695
12574021,7170865
14638399,8192490
8151567,72937
9323926,3027977
12976837,10310319
12971371,6941145
281144,5986851
10146624,12322698
2603158,7680772
9989151,7768125
7621200,6683646
1433615,734047
2929199,4849341
6695754,4717807
4411815,13147731
11524143,4226848
14141076,5536074
5493232,1007276
4501909,2604307
4663278,2720683
12706954,3124830
556564,15901675
4505144,4138924
16091453,2709711
1542825,8587413
12595263,16752341
1385109,3354721
8653617,10820509
9402974,5822944
4237998,5912384
15813431,7419626
2702347,5328807
2421199,6499619
5390771,15725744
9734432,15886823
13878798,2383083
9128826,1905179
7014114,15855590
5098224,13693728
2511905,11280528
15044380,4872398
3444591,3380846
11021862,7847959
16030422,6659004
15348292,16766651
334262,11617453
6876414,2077517
11547577,3315
15168164,13273697
8893714,9564586
4828197,6056973
16183778,845481
2868586,12142926
15523683,8057738
5490066,14669783
9099062,3467388
8233278,14533478
5993207,10901997
1322716,6196278
5251771,6081872
7623549,47298
16450503,1997103
10244179,3013392
13913023,7388932
12278249,2245527
2330415,16232755
2620138,9976830
6799713,13589748
2607854,16297494
12196404,14945607
6780668,15543312
8883737,13386394
1084776,6288352
4009369,13931005
11485371,6436853
3543237,10360841
838901,9520783
7394786,1295695
6535163,2027415
5173621,6384778
11206515,12393794
9342300,4700857
2404387,1520469
8473114,6777101
9710192,5353500
10075482,2861924
1400419,13920529
6588689,3984892
1514561,3285594
16007356,5647762
15560464,15758022
5468981,7006688
6649624,9739482
3028260,5465163
16713231,15755315
7565539,6420453
3056892,14178952
6927938,6867466
12528812,3855725
2971439,9133322
2634394,1754951
1547051,6969348
14499371,9022807
122959,1261394
14906844,12739251
13318653,35641
12281759,14822323
13587436,12653799
13513901,3395014
15096955,10141589
5089656,2408157
2198195,2627498
5191022,2583283
5172346,16686886
4522259,11965813
5631061,850289
10294387,14170378
4165361,9207998
4483529,5805004
5768655,9886009
12907802,5945426
15329855,7625656
13611315,10349365
14441563,6707241
11943851,5324235
5252912,8428491
15921813,15371025
2526487,5230469
13612224,14392248
9087037,2391212
11719453,12673568
15712808,6300341
4361717,13052626
774312,13298339
8815015,8945939
8922580,8508639
3721002,5481588
12957196,16190578
13633394,1783026
12783176,12342477
11263869,4156408
8825573,15045405
15171204,14912325
7085810,14312870
14509264,13415583
14241503,12191801
8778385,12560887
9885127,9616049
10086130,2254900
9950030,14714653
16643374,3210467
4587038,848220
4854725,12681192
11077640,15319954
2268267,11760916
16404415,10599074
1801172,9407627
11697110,3165293
5290007,16782311
7271008,7713014
1588116,221834
11477614,16754692
4451449,9659776
10372025,7647277
12383387,4265947
7489206,13886780
15220175,2977388
14355377,5252778
10101198,6863098
219614,9122234
1117685,4834625
15139562,14629173
9258613,7426577
15818419,4575953
3721023,13980545
15749942,15899750
12920489,4357309
16519093,13021610
14486701,1362477
2279454,6718078
14097350,4099121
14208056,8074813
10845954,1230998
16272323,8111855
4177130,4712202
8151480,15455716
7092793,964581
14689867,12730171
8960271,1132753
14968514,7073420
6872108,9454774
5965438,13014341
11945261,9564763
2679587,9714917
5716171,14231627
5886273,13957720
10499362,6343604
9022099,2884140
10504038,15892521
13322511,5409972
12008420,4652217
1214896,952518
13202818,57634
13001760,13057914
4699725,14427994
9602517,6550762
9077383,11239256
7878574,12286621
10973608,9466372
7018117,16371073
6870620,14662769
13443112,12613508
451718,15921396
6234543,1685493
10604257,10658365
8216571,5307303
13285239,8550137
12648487,13030503
11982414,13207862
8607698,1234311
57117,8396349
15490118,15701537
6575175,8559093
14751519,6460186
14647503,6913319
15247693,4481822
10048029,5592193
5755417,7853256
8033606,8997250
8918313,11890486
1171427,6591077
14217518,7008858
12701773,7796953
13891355,13889790
10270289,12954203
16640102,4515671
12254375,13869164
15169220,14567283
6719696,12323919
9561992,9538837
8689123,6152702
7181567,981519
4008419,2092890
12642544,4796925
5905143,2966921
15391229,3344733
10995275,7051608
8153528,3378830
15999524,10966814
10100290,7351495
15935423,13852053
5593168,13545522
16111902,2964726
12896237,7695410
11410665,7039192
1753951,4023148
7584207,9787666
140202,14784422
8642374,4475630
2112250,6295534
6381095,7320570
10979733,3731375
15366051,8876044
6609453,7363240
187925,3359806
3654107,15713870
12744568,2696893
8755194,14540468
11051567,8012164
12511705,4062281
9883818,2835052
11676227,11315167
15845848,11660947
13036424,4806752
8687490,14043847
11267748,2296221
15478627,8295270
3971079,5756074
7918493,8813660
13825549,5978181
15783540,913126
8935430,5880861
11423933,10151132
1987066,3097986
12561114,2320153
4232775,12932052
14961633,9095416
358091,8365213
9170418,10999915
3071306,1332810
8421468,678225
2644721,10380727
11612688,10928635
150297,6934428
10240851,11988342
3348880,5408037
11520319,9709348
11347168,8486316
14649184,10801175
12360767,8121751
991454,8425745
301506,9080734
5411115,8213386
8212929,10374824
7872929,15291783
3980340,12542563
15099776,2598149
12875851,15019048
16522258,3201029
11140142,14348319
14817711,2190956
14624715,16013076
10434866,15160698
3054252,13437402
5680683,11945509
8705246,3935954
11385235,3596474
10435109,12049060
1739959,11862050
4311743,13471249
5851123,13370433
11496059,1991113
15719823,638897
2788406,3599276
4014269,10645616
1062774,16362960
16037136,6977828
10879222,3852377
15225214,3368374
15585544,2285568
15283482,2421354
8613232,6660435
1706713,6745547
10734446,15038624
2512757,8475297
3497033,2058459
6834376,5590999
10149518,11783455
9981606,14244436
7765097,14188579
4792498,885431
1582584,14826264
3531064,10437798
14827544,4547683
10173363,177466
16498169,15618787
2072148,5141785
5397616,12037256
1155064,10253833
7726781,1246994
12407028,5240411
9878870,12145953
16081685,146752
6434837,6124700
11182275,15342152
7014122,897368
9862888,1687917
3263079,9919678
1627089,2372402
13985539,5520108
6493190,10323513
5689053,6721131
15618322,14221487
1054594,15088196
1234649,4637084
9078484,9668166
11881671,9259470
223746,6232237
2363677,10978811
11627551,3228931
1011415,11317799
5500850,2826523
7658985,8922470
7570755,3438728
5733689,9506379
11726120,6190327
10005094,5125391
12992765,11621616
472711,5212235
15018544,13484303
16441715,12993504
5304595,3545748
2142233,15345885
16575712,7649414
13449518,2722851
5803909,4278018
2809446,3212156
11231153,136570
11651197,10661602
1675936,9546745
3554332,14170462
13199194,6515125
14564074,16410682
13507636,6648102
5326166,2415384
930095,1632259
6490377,4846969
10289081,3651585
224171,4051228
1486076,10181717
6131878,7339551
5022036,4405741
3571685,285634
9204175,15205463
9250947,9353447
6923642,7264304
6145213,2201518
5269105,9665701
8878921,5044419
8934679,6076467
14635756,14824121
8686461,8827821
7257322,13459002
4309286,4437371
10789537,9866756
15264348,11008684
3434663,16287403
1670321,7884864
4918647,16472864
1458365,9940066
13706339,14080008
7367114,419807
4287173,15472418
4015835,2295491
4105357,15955325
6822032,15098444
412063,2116370
6572047,15206672
2337183,4692309
8152139,5614852
1107070,3572921
7069983,8748574
8396640,13725182
8179366,6118387
4222629,2503863
13169170,12209721
5688303,15281902
7814378,8328479
3121573,14636623
9778832,11247472
2218228,1493912
7635556,14312333
6635653,16253399
14298936,9183589
15832471,1309710
1140161,12406346
9539907,2323922
6718393,2159015
3461200,7343637
9664185,11919363
2420259,11388492
4800014,14257184
4077384,8758918
10997240,7641652
3139571,8057479
7207517,2049553
9456997,16593856
3647707,2858202
3288459,6186071
13975418,4434188
14787302,11335375
4154121,11557239
5944574,1061350
15645029,9068791
14967159,7116121
357874,1508163
15085205,5965060
10827552,8975885
6927922,8252870
4027004,5676720
6992082,12927779
15518707,11244283
6750871,328816
10153300,3114880
1588819,2898745
7015686,12824540
802854,16295470
2116679,3681680
14873908,10456803
15509976,3792176
314225,16696583
8233686,15758219
3712300,6732928
7200931,16609206
648283,2479356
843361,4619679
7211373,9718639
2524009,4040140
14962174,14580141
13126263,1113459
13976443,286667
3897582,14860052
8636958,1162131
3646761,11576854
11604354,12875812
2262610,5188183
6409201,1395308
4086220,9591959
8297376,527302
11836640,13108557
10704384,3822212
15168225,13967173
14309875,5209337
3241705,12292830
10990545,2347823
13507405,7882678
11520813,12405072
5802603,5852565
9597435,13528078
9721339,3843074
3193019,13679836
7614270,3557299
3221106,2849865
14145408,12670020
9834842,16531103
2161207,1995298
3417577,956717
2604990,4758527
7837072,6519365
7312587,733479
8205020,16697689
7539614,15125462
15788481,10428249
10021098,14556694
14075459,14956243
7409008,1500349
2717872,16621155
14318650,2215264
3759838,16518699
2625637,23305
14043118,10288059
10006849,5362821
16023778,15901972
16663675,6437974
3795182,15805392
6254439,15328212
3472096,3739862
8779023,12762833
12784395,7890585
15788782,495052
12809888,1592356
9848632,7211402
11032639,13695175
7503921,190995
3576927,4409796
763382,11401606
5630068,5845686
3140646,2759713
4444019,10528910
7818773,9019803
15961186,1469529
14859950,8512761
7534240,13683338
2670935,3265297
10637306,15947682
10395276,13990833
13766923,14572607
6696197,7911701
2929535,11981028
586848,14289681
11532682,8152000
7640327,2913863
13312869,1140808
5505830,13190926
12402145,4896849
7000330,27400
1004019,6226344
5907785,3940583
3366700,8000419
16350829,3426498
8303829,8431657
1923467,3083204
10403110,16040354
15576332,11810924
8548692,16067631
1926009,14200649
7256778,11802675
11804914,14951504
2286837,4058917
12212667,13425005
6371044,4507393
9471064,16178206
1885312,5132820
15010525,4579081
6600119,4246945
16628432,9062339
263787,9223194
4142581,12758746
10685301,1430676
6606979,10926662
5756710,15111412
13558993,14304156
2573997,16546225
2303607,16063239
1866152,7130153
9645774,14072702
10228243,6169363
7640890,5245228
10344143,2291089
7921471,6143064
15350995,1841060
16315551,14777017
10676938,16268529
9751233,8325470
7664645,10268777
1630592,7175055
13172426,12333419
1229569,9959555
16643577,3573991
8748077,10720
9577353,13364615
14285630,13406631
3901988,16238015
4358535,15369666
6764511,8976577
16508423,603154
389110,15604093
12969831,14267425
638848,484490
12706242,769204
9356847,786471
8207963,628797
1744546,10430921
4681783,16431839
20923,3208183
15195413,16536801
3579954,16002643
195896,16421848
12870717,720649
6072006,14368191
3688627,1024668
6933806,7467747
8824245,1339052
9780321,10543622
9560431,2955637
7622634,186423
15061458,16082505
13579216,4720170
2963463,1925094
2639919,14203268
557336,5346227
2216238,5405047
11333548,3819664
5624367,15161678
8826417,6444138
11990109,11102257
13319430,5245377
4489985,10085630
14760445,3849767
16203447,744931
7997055,6470977
14026821,677678
6328570,3954187
10272737,14016974
8468007,441923
4147458,15243513
14474255,13801622
4863585,7993006
14021099,244786
2510957,14409549
7031765,15735886
15633756,3049727
11197436,15628561
15826263,7801814
13499971,13305655
3105342,14477048
5992160,3258523
2807216,14772271
9038448,16720219
9862074,3372257
1510743,5733928
6442851,9344080
15676704,3748604
13297526,12445881
15333453,1002979
14516498,1114905
2405203,1099072
8826824,13796666
2796695,4581935
7789797,5408923
7913162,1751627
5415809,5336489
4941175,25384
9376097,14498973
5864754,2857146
8522098,2857261
705518,15374608
13242352,15083314
6616809,1567637
12788977,1253620
16003476,13643127
12060629,14308047
13269592,8905150
14571992,11918844
3078647,15639340
403309,6182253
358421,10693106
2373213,6638516
6041395,5597046
11175400,7451742
10577354,6538187
10330036,2785945
248654,6952609
3799434,11701205
6353055,1083946
8931161,2607705
15721638,1198515
274849,295036
6062129,8952878
6002462,9674054
7099513,5718100
1756095,5436121
2226940,15614240
544847,260685
13027179,8168570
15901401,2953615
612964,14078313
2537678,12518034
11902048,10890505
3996619,9432577
709918,16613647
4558161,3835260
11357397,4103609
12227375,3387830
1479714,12385520
15267526,16511696
13391370,4888884
16613139,7858447
16108856,7838115
12419524,7812409
9185145,10524276
3586167,7817133
9204047,4564227
3144288,12061546
8658216,1804557
14038211,9660003
7961539,13599598
2349101,10384879
7840196,1332823
4902113,9450775
10596253,9655890
2766672,14289229
7450353,3556969
11609898,13363587
5272196,11698466
11418696,15011643
10556660,6862594
5397961,6383965
6379648,4386160
13412353,1852079
5547059,2640088
6115592,11106966
15504720,8379150
5490209,3334023
1544905,13257531
11957666,9066544
10405819,8165015
1082656,6906001
8545921,3280585
7851499,6494746
10613151,9467377
7243078,12196695
6823736,1803871
8678418,16434217
14402720,16460837
13555513,13036623
10427406,8136797
12329547,9080403
12432788,6757462
1799545,11985919
11287017,13604718
11445397,3784826
16671637,13218002
10318540,7999694
9237537,4649008
11040159,1103744
7259231,13440693
4337884,16298522
13704161,3576036
10524073,6409505
3085100,6458362
838006,10992224
7206186,14211141
14266080,14113789
14643563,1973228
7590445,5541389
1844350,3007069
16760287,5464029
15239623,1062160
11930919,9608231
11433366,16685276
498194,11064609
7172613,4459158
6061164,5803293
9952512,602168
3258887,7820086
10292335,2893809
16273403,12846354
11400418,7007274
16322102,12199954
11022130,12885778
10967858,4082335
14125446,16362224
3748392,15249919
3276231,8017107
9492185,11125991
7063469,5279978
10800767,13287229
2298635,8407292
1482356,1920019
8745146,12526353
2598358,14101012
1858252,10748588
12042984,13119039
7945681,9751849
8421618,9022113
8484627,2556962
6120328,4931274
13650606,16013541
6250986,6543219
5226293,5310198
6761874,13083538
12926504,7911447
11973208,9647179
3927264,14195997
7011925,11852405
14529151,16566947
16764155,13794088
450284,7731793
8876235,15230105
4143657,12420745
14982339,8264426
480060,15680724
10014352,10355085
3282286,6705353
6424430,14061915
14269067,12753617
10873457,16002221
14289351,6803342
16051435,10029666
9138344,9016835
5559419,6051596
8630651,14568270
8840269,9529854
16187380,6385140
856037,11831243
6259310,1566319
2592464,16382368
3424548,1066147
16037851,4150816
13695129,2112025
5870716,1335563
6191378,1340432
2451870,10810308
7850537,12567297
1112031,1937029
1446377,1313923
13219601,9121010
13507927,8481126
4774593,12899907
12634808,9522476
16750685,2923699
6930937,12789780
9757388,1839731
14403248,4728022
7046831,4364855
38897,12443967
16060435,14168117
11328220,10095150
5768637,8570140
4871445,3538778
5375904,9074306
11470581,10626634
4835261,6373257
8957743,15532163
5665659,12850219
14191366,8408594
12150961,12685713
2995292,13377494
6073486,11779470
7807545,5050746
12881127,3959346
8302953,16654172
67943,8054983
11498960,10443835
2778076,3105809
14366393,6736751
7137035,10961731
12733613,7569430
9800419,14312761
12595855,4382203
5945990,14722110
1333659,4676478
12560737,15616966
1686779,16258976
3322336,11935609
5613868,8847107
5628682,5002476
11935436,6015305
1488564,1489203
3265274,4243894
16451943,6365223
8403268,13066855
13006115,4136280
1724922,16195981
600048,9199874
4037475,9272736
2899743,9232035
8730293,373001
11476589,6729854
9475113,3228041
2544842,16234831
12439245,11758565
13844211,4408625
46030,8489397
790916,14074018
6719211,14476030
2963609,15089800
1991418,2550200
2201284,6651377
4016791,15700352
10351475,989367
2555946,5566636
12976663,7069207
3125221,4292399
10496974,13716147
8052152,75053
13901020,14699751
4363508,12547237
15558800,3805128
436024,1699968
3302849,15480740
14196542,977558
14905737,13606727
5610616,12075931
11607556,11944227
4983849,13103519
3897811,10617041
15113423,37047
10496373,3140956
6074179,12044818
14662395,16444993
4216409,4462358
10001212,15885214
16308001,4162600
7322411,9224875
68013,3503060
5065003,9118925
15214892,12999595
7730746,4648803
1679044,15832178
7606663,1008410
2612888,9118856
14681888,10050129
15018316,13549451
7291501,9342878
15586233,8048667
13438283,3250497
6720658,6795396
8995872,16708167
8785411,9461376
5308144,1942726
3684526,15666316
613900,13363893
662562,4821958
8360125,13056523
13854836,2699178
2877983,13121934
829828,5367661
10080240,2102408
11683203,4547415
15352798,13783487
8323903,9406043
1471527,6472938
1268394,8963539
13204123,5190154
822419,1459475
12423957,1472657
4689444,7166665
3996122,14305277
12403498,13167001
5289239,15174078
3721250,7890593
16482879,5795819
1131610,13909513
10842819,6669477
15884824,8667293
15280542,4076921
13244286,5372755
4646543,11202265
7589260,1838524
9603721,1637731
10057887,14766955
1029483,9408221
8872591,13587454
5804858,5865469
14341780,211728
15534987,14244343
12783545,3217859
1577878,6172106
14319503,14268224
13393992,5632335
16099554,11542572
11272815,12982634
14701836,10156724
4677236,9754033
11381866,1906738
549557,13877624
3445132,16163136
4691901,10661916
12627656,4269005
15028389,4049054
440871,5808254
5090410,1027365
8808737,16363727
11481843,11584835
13279090,3338586
3179438,11949930
624431,11119920
10035287,16155019
569366,9936610
2490618,5296582
6523954,11864918
13350050,7808414
1273852,481976
10097372,15302706
7062455,13880266
7293382,2312943
683201,8091745
7044196,1786798
1218133,16446555
4765321,14484706
6032208,15319617
3835325,14628361
61437,103206
16104830,12877562
2587279,9862164
13577196,355080
16175433,9086352
4599687,16428008
8617346,9600094
289168,16738684
4297250,5279170
12044993,12775290
7555182,2825788
4996311,9502225
8069489,2291031
12693574,12205656
7318274,12117210
3564337,7723646
11440482,14728294
6703365,889780
10036573,9422659
14437140,1373626
11878849,11497339
13526198,9286622
16268211,8462790
11359317,2214117
4637101,10581043
7866588,4729387
12378162,13631031
5730053,16500783
2954981,1978819
15081788,4747411
292374,11194217
133479,13719871
8114766,9555635
4938764,6400179
6879850,8328170
16157584,5803216
6034010,15172316
10897716,16305863
7486378,4712175
2226084,969836
2135663,6865636
3584738,9118453
8882335,11031142
7854917,15614821
1339035,1786576
3862186,12489988
7142213,978197
2275555,6851766
16222954,15852422
11604952,1691646
2566858,5357516
85882,14794044
15315431,8736161
14551692,240677
10386711,11003619
14823836,11166926
16391396,553823
11724437,11937555
10084422,6628686
15592954,3793956
13771387,7513463
1736440,12299027
8412123,815151
15695170,2798871
4576954,7931059
2414855,2853088
15106643,4605123
5328986,5484978
2193982,14458831
3141355,3795854
9680092,15749356
1498185,6323202
16464045,381203
10352675,14837290
1779526,14718078
1220358,14372993
1076247,5330069
9109867,13597418
1793487,9165900
2552900,5688556
6541715,1737040
10271363,12678000
11125287,2391911
13714163,11146677
4366,2885705
3365784,5249132
12074014,8733049
11722735,2202040
6213930,108710
11414800,7954840
10694385,769466
1869096,11765802
12066850,12919692
3238077,1053113
2641526,127350
14372562,10549061
13057651,16643366
2589017,14074049
669176,14129929
6757049,14231621
2675451,82957
10272769,3521979
12357438,93143
4006533,13977979
12079527,14145046
16563754,13116820
1090599,1201533
2945652,13771269
7697072,4306479
11144202,4833504
9457820,14030156
4726915,10685846
1829568,6958154
4671524,9275622
15012828,3071259
10797342,177035
14424077,6147461
14793255,10755689
5721122,2643100
15717033,4404922
10893713,16673007
15845660,8323036
1979213,1202203
13698053,13529024
13765354,5996871
1741626,1634854
15243378,189332
1490356,11604760
12465484,248067
6304711,3671204
10853540,2713518
9780238,5995899
746678,12418850
3210092,16405968
5569199,11829706
9207019,477447
902538,6619306
7676444,4248926
824167,6308371
7091822,12502771
9466417,15623852
15597476,8782691
3324981,10187708
826833,12876154
7582250,7611955
12227172,6069437
254429,10800360
14008527,148539
4836847,10397507
327392,3531016
2864558,2500452
9648839,9945416
6900093,6300844
14010937,15498514
2736713,2385570
4672844,11772844
4681365,11446183
15264659,14680685
4607544,1216776
13759826,12131276
14047600,912052
4929226,10759989
8561321,1507498
7980733,3870658
6782056,7032837
8291957,7279010
12308618,9716097
10831442,15572977
4081363,1446591
4230793,1729936
2800287,2452969
6710428,104602
7123770,12231236
9167810,5346489
10572385,8403779
8919704,7123548
1804381,714695
9042066,11073961
28859,15508778
13178404,4695230
1794417,12835611
8532083,13837880
11256296,4976582
11482895,1755836
5221138,5330143
7091899,14139506
176058,11218040
5501477,738159
5778952,4694328
13724144,3845752
6634416,10411301
7857510,13680457
4692169,4597326
3688131,1151981
4063908,13590513
4215087,1336046
11923594,7873866
6849934,5466547
9255791,8947144
12301563,9700299
10517822,3544086
3427500,9747074
7490690,10865446
3978471,3069538
12092447,15870026
9550083,6489019
2506869,2345916
897860,7723853
13169136,4233784
13911529,4652277
8584471,10661657
16193597,16175007
2176318,7001866
6948215,4855625
4825496,9657641
11140558,12872174
90606,5371415
10905490,7367342
2644928,8862729
9446300,12384752
7035442,4840648
7517982,15499301
3239311,13225263
15340321,6683643
7504155,15725270
6168103,8426916
13849581,7866128
11313527,10024851
6503963,4112471
15171583,14389366
13920476,10953456
14057174,1312259
8213926,3890574
14152679,3399412
414923,9082150
13682220,134656
4301344,14383045
2540815,10804946
2650943,8666550
12217165,4156752
8773685,1828572
13305652,14851878
2006348,5658640
16788410,10083290
1980953,16694594
11476275,10846302
1697721,8718831
4684200,6182291
4523238,122747
12621325,5932612
2272827,1412981
7263495,16486796
1701741,8391697
3460755,3995932
10721155,2831705
2534935,3869072
13428881,3242973
5375693,8772489
2779466,7337885
16012049,9636090
126719,2980217
4256408,4919134
11914750,10124881
7861184,231699
10612274,10682299
4490514,14874337
11310179,10296571
2005715,15984773
11582925,3808240
8917013,10392383
9781286,1922902
15782112,1978267
13732854,2889644
4584909,8091373
4090899,3711461
11991597,9639663
2450877,9193522
9402574,3912611
1119819,1114991
5842457,16112434
4170062,15583979
1363227,2093788
14543523,13056467
12347971,16258502
5899817,7505503
4328988,9222543
10988923,3408389
4202870,9325578
13549431,3520522
1460361,1812800
3180076,6981531
13180826,6360442
9638792,16177255
12892481,7940423
4085046,1445071
7146022,3305960
14588461,10357460
1899409,1924434
13464039,6682333
8673969,5348168
6974025,10775027
16077103,2604985
16227048,12169193
11910253,5005030
8531855,11746100
3653030,1411010
795384,5513242
4516769,12693977
8302714,14989509
9139844,4208806
4611070,9936930
12873789,2390818
10128070,13471527
7190114,3706341
5980308,14347066
284952,9940784
6640800,8072392
15726669,2817333
10096215,6667260
3821298,2183704
12816025,9110101
9812399,2448916
12287652,2308364
792620,15039121
7903834,5041647
3063472,6850694
5796541,15721124
12095692,2866336
3912016,360969
10462682,8219853
11703648,1120368
10831158,10079835
13836247,1781078
3118977,8561922
44870,4480854
7558278,9608150
14340527,8331077
11890185,915770
11175623,7280046
2510018,8259744
489520,4040207
16295002,5499006
13544074,1677636
8257191,9496761
8515949,8327104
12207852,12949920
15728801,7157235
16673018,2264316
6571555,11809368
8237809,8470893
1129190,16064302
9944454,12265795
10021152,3390509
8305464,9710352
7918359,9708926
12427429,1604685
2824205,2158697
798200,11006199
6760720,15626922
14385497,7834847
7012463,8283476
7176672,6917900
302032,9388168
8823954,1695803
7680172,16767506
9686963,13376373
12688624,12106919
9468354,9280630
9748610,9717884
3075823,16665481
6940717,551320
11453674,16433322
2383995,408188
9743337,8904166
15246497,446964
8532399,2437285
15517549,7028156
6613877,4175179
14647377,711354
2976516,6331842
1460848,14712712
6060097,2014446
4943901,7463111
13365448,13405460
3282965,8903289
4845338,15622483
8982339,11682865
11445,8321918
9445849,404815
15658322,5857494
10136277,8132548
13302439,15856015
10995417,10159971
6623007,12848869
1598670,15262095
6025338,2292862
8468451,2357060
2464845,2838225
2618812,12900259
8438768,11266082
10116602,16287368
15561185,3445508
1589793,2750655
9495976,1667610
2357053,8201207
16108369,209309
8451396,6479021
1254664,1346105
11991289,15329075
16171082,10077613
2659003,3729568
718417,9846318
5321420,5118101
15531555,164916
10256975,7154297
3849162,14014688
13018109,6977134
12096692,94194
14081224,4050612
10517033,557971
5516779,15633414
11037391,4024869
9007484,446078
5885387,3947494
15242534,10222466
9736556,6356232
4493544,2405444
7443944,1964866
355794,8353394
7352566,11449926
15590253,15578658
5446598,7232961
14231866,10915840
6415639,3547267
13757610,16140205
16497447,8903757
10502427,2513225
8797750,1690895
13077398,6837931
12716792,8504442
1874937,8289170
6264999,15563496
4501364,4312809
210086,16329113
5191306,3470792
10814517,7947336
10470879,10017340
520487,4745870
1474103,9711858
11456134,15325915
13083016,8477143
3259311,6446162
7360311,10130527
15674695,10377698
6501951,13176073
5245414,14960657
10324116,1033735
9488363,213134
7163184,12183895
15720691,12409546
16129910,7801557
8594121,6526199
6684280,15880945
91743,2195479
7129599,909263
15538595,2998763
10556560,5827606
13296067,10974801
13105200,1575938
4237468,4603589
7539225,1026961
15783853,16287516
2564762,15044087
10565117,4061442
10562804,10277780
7371868,11850437
12224664,2021256
729705,1892297
13823261,264315
16173998,11543699
13968509,11099083
998763,13351870
1150302,15775495
12667342,4827681
5639562,3857236
3531517,7072383
6269188,5812103
13895282,10163653
4383796,15879782
12504753,10492242
312194,13438320
5708956,2298848
8968615,9483263
12902423,6806047
8929770,4406814
792451,9053724
7493417,14137976
5915848,16649172
2836225,11830956
12594129,734400
1461223,15117366
5803856,16714843
2658891,13309074
3798973,4599390
5838970,5381568
2049039,13446937
9384180,10762211
4962878,14789492
6918986,9556927
11916332,6729510
14566598,5764737
6098483,2031474
11894582,9113036
5223189,2321186
14170798,13742853
14308653,16092636
4255875,5791393
15275453,13778225
769193,8258299
4084737,14938060
11087839,2474697
666106,12234257
2500240,11163475
13905367,751855
15150971,14437655
13077459,5147530
14200445,15929947
6777795,16374899
16021179,3330107
13900717,10913638
11437123,8273074
9949607,12363641
6383134,2787745
10350532,9900149
2027853,5362442
7169576,553628
15582452,297489
4163860,7775257
150166,16475983
14441391,11216990
7882958,4647687
4772686,14065965
10600618,668738
15366436,5776088
12609724,8542533
16533505,13965753
5324860,128688
7063524,8902781
5228336,9561909
2752721,4830862
14550377,7909055
14248708,12638554
15193641,16417824
2437180,8795249
12569575,10725867
7252373,10486371
4295318,10712343
1799587,15157427
9411326,3240810
566975,15188093
9511807,6783269
2436850,11228402
15325268,6122487
11321898,1088466
10641991,14520112
7164641,9719700
4365860,1089006
4911448,13964765
9028666,6153501
8026639,6869203
2540877,13970950
12306399,16613463
5778833,12979212
16714347,7122820
1587697,12823501
7369181,8330991
10842074,10032254
8814180,6654051
10205853,5313724
7172151,7117129
6152506,4609418
11967760,6079390
11693490,2442844
6746305,3893068
11922272,4954670
2844680,2460326
4504928,4635770
12666508,8457042
6751272,13229901
8817244,7848063
8989041,6576477
4262174,5932704
14059904,6882636
15522289,9459818
15408229,7238669
12479711,9573563
291417,2411253
8639114,13735867
6731311,13050801
10342833,13803711
3691193,1643885
11801615,5648195
16224240,13645965
7200812,13367754
8560726,14440723
7174218,5906270
13889657,3100806
1052847,1196010
13783567,9973459
6710123,5280696
1006794,10422304
4541095,923304
345296,9179674
12916801,7375881
1123707,9068225
22615,12374627
10214752,1962771
7231285,4406591
9311048,2027262
11565647,14814381
1072626,6437625
13645504,12198795
8619207,7651020
8574369,15505426
3816638,9959781
14750263,2363620
6645688,15275276
15050780,11119388
6094536,11353076
8039010,11588149
10621096,11877529
7769373,5545270
5024127,4625009
7534165,393222
6537344,5239989
9755169,7442317
6066935,527944
3279326,14049278
12439845,14066741
7866627,7487886
6154702,5969204
5237916,2333765
13544415,13096162
574010,16274424
16147183,16114229
15120348,6412247
8239694,13399343
10077167,5792328
1775236,14747490
3436961,2212449
11025126,2551427
12972744,5113724
13541087,1018758
12602783,4099096
4384436,6992756
16003481,1361577
14276825,6475418
12743743,2705669
16391842,11228885
16753416,5732756
8309631,3951651
15410753,4622465
15189702,6508519
12613889,10195206
4239662,6575851
15438787,10023345
7109814,15166386
3056050,11855380
14608727,6174430
14422572,14526452
8889428,9393913
4286238,16590736
1293990,15854404
5318619,7816060
14187612,13902238
14486524,7729920
11578252,1731564
14069636,13602916
14098269,2830454
9375595,6914783
14763261,16114151
13198214,8911959
5307398,13420053
15415600,3807557
11988339,12783799
1678778,4013029
5736673,9045646
14127648,7446303
9435817,9111393
11538417,35619
3228571,16443472
10427720,14124673
111344,2293190
13072058,16036858
7024723,9346553
10083417,14624141
6015223,8163735
15646606,1689668
2847000,14519626
1101082,2820127
5136889,14436323
5234341,8655627
913040,1203808
4312375,1377994
4851356,1508670
2053525,2642717
10595747,104739
827155,5793720
6984832,8257457
10914780,13125033
1373583,1126080
15650909,8354858
10016378,7616808
12121565,14269249
14806701,8665857
12712733,11285051
2679135,13873655
4271011,10922642
2426103,5609168
8009157,12784902
2274445,3543759
12564908,16083687
12539754,12666922
1541246,6044888
11004958,6639416
11522011,1305849
7194749,5484678
4136138,6183649
9708941,11313037
10746545,13895993
14933289,7097711
636307,12795190
12813172,8293341
13768646,6522020
2037781,4122985
954867,15127473
8874679,1227857
16376327,7241635
7737636,5845964
11609461,1686508
16550429,10224279
2283540,14734328
1123706,11086229
8114390,6993092
3573805,3709992
7672974,5933755
587676,14200245
1620211,4853379
9933456,8568818
7118063,15618526
6171188,13337155
5038245,15935824
5777067,5404724
8262753,2890812
5432388,4961601
8220542,8838219
2664453,15469858
5865678,8458007
12683911,2008627
15618509,2707810
5273814,1989808
8291175,6561468
11886521,3590377
8305525,4700226
1146145,16312915
15443756,1141877
5380825,9057546
7541031,564
8757344,5758001
14366978,5602177
12623411,13779221
3308288,3320184
4531659,10799869
10412088,8676911
10699187,36827
3156283,12770758
2828435,14476085
9261340,10788367
3517833,9276746
15104029,776829
13007862,5100199
82777,8619306
2562366,2975181
1386777,5051607
9856419,1423522
15530878,15433182
14294088,6979072
11448580,9849159
11238599,3510776
13961023,42491
14532692,10543798
4922863,15887772
13041342,4651186
5593420,9525972
1910932,9019439
14664691,10849660
3837042,1405774
14275553,9392212
12379475,13452598
8673224,14610377
15154081,16107352
7899806,74402
5217633,8504171
2569895,10257246
14329201,4610345
14259943,7527825
9507726,5088172
10357959,12807482
15836457,12948577
675791,4343763
6526153,11641323
3535595,9975061
6528501,1349975
10691890,1980982
13317607,11868811
16426584,6198961
8113247,10000649
7733281,11563357
16480157,16188032
12525185,4944302
8248891,697648
6234185,15103072
4616614,14454349
1678556,4324626
5792977,6131638
12249372,5400866
11834699,1591275
4395990,11108321
112197,6057049
4455571,11362706
8472232,14122923
3330562,12417540
10229785,3536562
4167543,3760824
11718995,1453427
12347870,1948735
1058335,8481226
7742229,6928618
10709861,8514424
8613543,4334226
3717660,10410616
3226707,9880965
8464488,16097118
4968702,4113996
343103,1270014
5170061,8603824
6866224,5175490
409258,16693006
16065278,10768179
5441026,12724388
4882467,1432175
14783373,793104
10287681,14162153
15297859,12207411
16018835,8248752
16353631,11964024
13148435,5378009
10701550,4380124
9055242,838404
4836439,11057188
16117616,8572049
9021571,6296151
603228,7129310
15610342,5001556
15431486,9990024
8529960,4774019
11121918,189935
4271726,11991982
13522711,7069614
2426951,2225624
2041590,9889451
10866632,11035582
5536373,3246277
15090362,10752932
312986,13181976
4191454,3182922
1763580,2299867
7610129,8703378
14575241,5614828
9408624,13907335
13502992,14461779
8630011,3609912
5619755,13548995
16446332,2197687
10321558,13725862
10337999,10845526
2640671,16750074
11369014,13745414
6699978,9297273
5679789,12313468
13511990,16691393
5803074,8382249
2527560,4283237
2318077,2337136
5378833,4368705
14303245,11849788
15077278,14249467
3541803,9312414
1005740,4642193
7536658,3229170
11603478,13766956
13643488,3203539
6995454,7915953
11540386,2208686
6686992,15394934
7675144,1717393
14496841,9395027
15606509,6469919
8779991,10311837
13188568,9890473
5226079,6149272
2504511,16507717
13066484,13015376
15580000,15407195
12731203,4252891
16135342,5328192
16020164,12792401
7125308,10104684
3375996,180927
11308605,9749827
9615342,8755644
7403663,14554461
1437381,13376473
12454101,14865189
14271667,15280481
12687715,3344552
15690449,2336525
7801948,1909274
5562584,3739663
13635249,3158625
4256617,14533078
10921678,1796017
16646600,8254012
15532272,9556755
7220822,16420271
871155,3309341
1583385,5927640
14279627,13114701
9801299,12918803
5991725,14555431
4120142,8643667
14311049,2910740
1567969,9054015
14227880,7126456
14794091,15859120
3781370,15585077
2549246,12620740
14960108,14848489
3880244,8723205
2832770,1727368
15477916,11467309
12783961,5553554
10831543,6566490
7617775,9683921
2049152,16342284
8516453,11069624
15305783,5971133
480975,5322880
2457054,5649443
14743552,11592322
7979156,2889872
11564466,16023939
6243995,3915150
7390032,1694966
12059661,11664116
5626673,2371064
13466571,5578437
2760553,481969
15985375,11939053
8458205,16743141
9880522,7984148
4932821,6728215
9209504,6671197
7447948,9895064
16018059,4829881
14387962,16629717
4315938,15298308
5480023,15951723
11011462,10843210
14851561,2096013
2677856,15550424
4342376,11157702
16028945,1221858
8850189,3305589
9494126,6176016
2754496,6329519
2040829,5786085
12471394,6473130
8879203,10259175
12807062,13687897
5142244,15735969
10445961,8568916
1473209,8725965
1790960,5566423
6535622,14236514
3167348,12397000
4632229,11630911
10385005,16084004
13996306,12616346
12134962,2599147
16338422,3340252
3565178,5674029
11147513,6200687
2193940,2672272
15770726,2926457
7885749,2738258
2947923,6827937
6388601,15913356
15042473,6479318
13846103,11038557
4778428,9330333
13651673,12014410
2030697,13420137
11829629,1958748
6824631,15537265
445813,8253884
2098046,10373754
16777534,4355052
14837357,4405153
14216110,9337298
13720567,3907639
2978212,12806635
6935395,10975617
13422946,7825779
302705,1165901
12486864,6573284
12211059,4948532
10135021,3440395
920188,1293483
5219706,11891822
802112,12038489
10431953,12693051
6248532,6946571
671007,15315825
11739203,12491241
10195107,15647495
1572580,860617
11967044,12343138
5368441,13901323
14271181,6459497
230939,16173580
7225030,921230
9036963,9950441
15705814,7497218
16692947,1996266
5519034,10351092
2811893,9678316
2372172,387604
1403826,15003954
12004663,3662039
16440404,5930091
10730807,3062164
2884675,14418048
5774482,14286884
5790,2838177
13766247,16464357
16716316,530345
14994070,10858838
4057108,747602
7527971,3310460
5303033,1600723
2587934,3162173
3027751,5797738
10161509,7556078
1740153,14624462
5205578,1371993
14941575,3523803
3700041,1064561
3156719,2742309
2681781,3392882
12910854,3000569
2306311,14371542
15934450,4785270
10273896,9388396
2736686,6518914
10925607,11345104
15776565,3097240
7990436,13520294
3529416,10582982
15435409,11982264
7582229,16237724
7790522,4509131
15118085,14863074
12420255,10610717
16701079,1948712
8919643,12839618
613048,13690942
9799809,12336317
7895737,641060
13188173,1064271
14843050,16166881
10084981,4494433
13152499,9411755
11336145,14069057
14069947,11681555
11307052,3003830
8234228,767561
1196134,12956043
6673737,14561674
10001079,260711
12208747,4776317
13061371,4118766
14322697,1426214
4135575,5265922
4114033,887696
11433212,12658103
12625327,1278586
14895617,3051057
2629571,1724401
13075679,2369021
8550255,15196856
2550149,12278424
16752575,14929188
939826,9512121
10531684,2302339
8338348,6264998
11666076,8683197
16499078,6192292
7417469,4684250
6397496,12531914
2890028,3832767
9561965,11272346
15810545,8853034
8039436,10516711
7560961,9067577
90965,11083343
5582363,8258644
13831596,7067271
2108973,13469759
15419963,6214181
1846459,10212621
14207443,2333205
14361161,11230211
3953065,15893849
13493564,4154846
10424249,8539367
8990259,5449598
12615273,9251998
8399858,15422441
11376991,6235066
16412773,8592598
6077986,933057
16054906,14800223
14506910,15157914
3555038,6916651
3443932,10771386
12761274,14430134
4030924,8800046
9852671,10928045
4592560,13688363
12246081,8638443
15246601,10653880
11754008,4891952
11342088,6947236
13218217,13011743
7803741,1257495
6888082,13467391
14364230,15663046
8587477,6119524
14146754,9709147
194834,15097152
8760469,13246798
2886125,7956395
6725148,1569119
14967703,7217559
10970226,3950480
15771193,3118815
8142590,3247935
15645588,10462773
5516066,6747001
9480252,13439082
14154981,10343288
16268765,14707206
5964422,4294388
14366408,7171665
12373481,6588957
5353372,13972001
3789684,6297619
8412107,7116469
12265695,9375066
5374194,15379745
14904971,12330412
7205254,3516740
14395594,1977242
14403834,11911194
6948524,11255797
10668741,13195989
5634416,10401008
345621,1783227
10504907,1653029
9636631,9095830
14372313,13837329
7056848,7850901
15140017,5974703
3941553,719145
6012261,14076437
3438929,4579800
384875,7760013
16725184,357010
12315568,1674134
14543938,11899582
15758641,3775475
14999435,7451724
4356658,11138528
3213998,1482835
3290205,7226090
10760962,14524603
5763152,15490828
5477203,8921323
2807105,6569579
3196133,5266793
2047927,1642608
9639927,10432787
1398975,10572311
4086918,3281433
2931515,3348000
14653217,14068021
9008630,10991447
445178,11905905
16601032,7098693
6690331,3697827
8354017,4054919
13048846,6500142
9628029,3303600
16196130,8578828
11417263,9610936
386198,9056972
9462072,14247508
15825007,16288932
8355524,11039540
9729167,5942209
14920477,9337769
10074443,8352841
585126,12717257
7128968,4722484
10315665,974727
705691,8926979
11836914,13418358
4044641,7524719
10064243,9034830
16685172,14357550
456161,7044510
8010740,3997742
3052812,13915867
13603924,15503967
2844658,3505183
12112793,10304923
4516245,14549905
7809237,13065105
6495573,16773912
13422852,243143
10436473,8548998
16546358,9858790
15876719,14118965
12404950,14346321
12377412,10870213
6554936,9448992
8025542,4593020
3829917,12132678
6076611,15413201
6647844,898714
9964801,14514047
419627,14506074
11201168,13543500
4353396,8993694
14194585,15172751
11378959,4824327
12276842,6497415
1067190,1137656
13975173,6264843
5847398,7164582
4093918,1700247
10536205,11337506
16516487,5828714
1524974,10240947
4916990,9901305
3229877,4881672
12746673,1325255
13645570,2727
14424087,15729906
15839541,6994306
13192033,11758651
4547398,6386448
9543385,10933642
538537,1283818
15014913,7849985
2699699,6441560
2917056,1686159
16423858,6793518
11331551,3160722
5316567,5135845
13503913,9300715
10311718,6307141
5489028,1787022
10587107,2130570
10943182,10061097
15241704,10581702
4029218,496074
11091048,13721082
8605607,8514494
1749945,16722647
7563810,4944169
15881640,14588807
6130238,15101665
11655568,8841806
9599451,13698082
5511947,8035476
11926292,6387344
7844723,14369782
4619971,12815729
114987,1408927
4518656,14199265
14401479,14299696
16038505,9661620
12634869,12913246
8917149,5978303
1277201,377017
14783903,14027
16638300,8914775
4732041,12511414
15216854,1714398
9141641,13016759
5297579,8225488
12156332,15286272
13879460,15368586
10023177,7444893
15970029,13732191
1486513,3587089
5677823,5876398
11397505,12603170
14441191,2274421
12561761,7049285
3501709,5767475
13669356,10114947
4391930,569597
3201440,12641560
7062259,6059769
14677736,6911325
6665111,11526292
13951472,15641201
11813491,1161996
9195930,10103289
10550908,601026
11764706,4156335
2865746,16163192
16241375,14056859
8309754,2213623
901877,15712725
3207947,3992098
10264529,6452259
10582077,5709145
7204431,272373
2354909,8559967
3406619,14460006
12969342,9573018
4097605,6917954
16725177,13434729
12613030,12350535
2172420,11661857
6320831,10037672
9705888,6052457
13728419,2365940
11098500,7462404
16552047,5207570
8786943,11155492
797790,12531061
11393455,4435830
2864557,14593591
7450398,2252631
14556314,5113040
1534952,3237893
4272581,15357608
9383522,1238881
2031437,16239990
9883253,9447446
8821431,13900270
6860380,2643580
15176072,8001044
5347137,6814817
932819,204967
11952711,12435119
11663539,2307355
7788863,6926754
5374837,9924165
3818376,15489522
12704209,12047363
8982761,654662
10694129,7263557
1383025,4979411
11395278,5205493
15488537,11601065
10903470,15563632
11869365,12967175
12203266,15014666
11354106,12813900
16610566,11365627
10822301,8824443
3773912,1254738
2564615,11182723
11344175,5184765
5648514,10663612
14598975,11902442
7646561,1788612
6912904,8903034
14857674,2586387
10948493,9653861
14323167,5228090
14429201,2374008
10586918,10507777
6207140,12104602
1890198,10405596
16654896,3675599
11778983,4399249
5559786,10916983
757877,10881270
12515025,2564482
3759614,2613981
6750909,14513802
16493015,4650143
4843265,1490444
1984800,6964848
8885695,6945588
15797128,9884099
12330470,3376363
10225134,371448
11834369,518297
15428747,6132798
2552768,2047199
11400505,11626722
13962550,3755582
1582563,9971818
16213913,13447709
8747103,2874062
14264875,8074819
11715768,5729787
5798493,13687693
12318119,10399235
7996520,3855233
8178023,2840329
12683514,2479801
10799725,11174560
2847530,9197620
11511487,6383345
3232971,12899970
4276750,12624704
14236920,11141034
1594956,9517223
5484136,4911536
6026623,2267391
15354703,6709403
3006298,4248263
2419444,8188944
11676493,8365857
13452254,6180400
13592713,10819559
5542017,15050187
9647054,7908470
7630684,14923366
15076439,2952538
12932895,11710870
8124938,12111864
7185001,16069370
3831672,4744326
3536021,5789946
12935466,12870241
2965380,11748268
3482847,4031040
7614122,11348998
5079187,7576206
13560127,9595262
2728773,13988677
948132,8494012
8222273,6374091
2524700,13188093
8202776,10060992
7541471,197135
8670806,5009930
15823138,11399238
113209,2137382
7903181,13700757
7456113,14382569
5215884,8156841
5506547,3494669
15502923,1308774
3623009,5890412
2549664,16551480
1071697,14602608
3605866,10758554
5626039,8077199
3331646,16111778
15069461,15179112
16700342,3250376
6425272,3468293
15170304,16120437
12533643,14081755
7472230,8779578
7994033,9534837
8241983,10075934
9882131,5353454
15104122,2875586
10873704,10190300
7785106,4072410
8538229,5728557
4542400,7854012
16705714,2444052
2210201,10461995
15982627,10257498
5763044,11540567
15354770,9958027
15655617,8681120
16557634,2494446
2657059,4155126
2582124,15463854
15375073,15296379
5450286,5195612
1850896,8093663
16118054,16546280
5698891,14253578
662325,5695223
12851784,8066793
2090532,12759655
14516292,7363579
12977636,13373685
9648513,1640886
3332400,923076
8972656,11961453
13561759,15719240
13087518,7803754
15333686,5549525
4188467,7915951
12291126,10914038
11183611,15284158
10376113,16562793
9752781,14214039
15519415,16432476
9390834,10896220
1552541,4733510
5457643,780010
4028333,5245372
5468829,15703233
3967979,16518370
9795354,5106955
2514605,889928
6263421,4844746
15449720,583159
13820182,8398588
10918299,8377674
14107825,13369845
16184100,10635438
8336407,15093515
1850633,8830684
8248522,13465369
3726282,16012077
15581325,5719317
7160617,8091700
2654321,10194215
6377160,16051447
2215014,3990806
11275927,10887842
7872082,10334036
14704033,5223964
15120118,9211662
9741086,961240
15015150,3062915
14535141,3075134
15869397,14502370
1327531,7041456
11191176,10052069
16255613,13332906
15806833,10981073
6597364,10247652
10714272,8787931
6245271,465595
13383665,4415603
13939840,7141343
8908630,12354900
15491854,7762518
1999962,13025092
4285382,9717722
3172729,15722081
13634567,8459001
2147591,6006096
14164267,8383883
9621695,16499096
11557170,3800398
13272343,12158225
895540,14066295
15955229,8370944
10758614,3560919
14694067,6350344
3709725,9564478
12499706,9926436
14496481,1653745
14867633,1843992
15495024,5253497
9128897,7297016
1629721,9969856
13366592,925670
1601980,8167988
6265077,15050339
14124146,9809365
1577507,11150569
9247625,7863904
11945583,5151421
12985179,769462
12908652,4349352
7602682,8615334
12933474,9118327
12817093,11522895
4222187,4901983
13814521,9201420
14361813,3662210
3921284,5964996
1021642,11310865
2839240,14208759
532656,580366
2654777,12519631
15597847,7322359
6049872,13514137
3220346,9781669
4202128,2363026
9553481,7749861
968830,6072561
9594251,9491383
7817136,9900057
5013289,9727985
1427197,12361631
14678185,16479499
7035361,3293900
1541318,13457379
13008642,4086193
3678472,7629986
10001486,16427908
11493680,4756863
2958060,3113414
12470008,1630368
14493740,8737387
8776607,2102910
16719966,10306809
15798412,3397309
5077848,2936665
9657947,5696645
16316600,3543373
10606987,14030267
10824978,7762250
2831671,2832022
5785870,15432373
4098497,6125738
11136751,7951492
11312349,10608314
109140,13999568
3297042,6669879
7467097,3624102
9127959,6694453
12684976,15874036
1467700,4327400
8283278,9732373
799390,2430810
3899231,1722756
2138998,10913439
5961857,7018843
15221299,11868591
2879737,7810223
784398,13117657
5026511,7206238
6541876,15076681
12573728,12740998
6120675,707728
1826625,2680871
7494524,13144391
5691426,9912215
9742994,10831253
12045095,9240177
14197255,8304562
2934106,6279661
16019183,11814738
12871452,9362642
16118986,511141
2384008,5662035
12202312,5067667
15307760,2794431
8539698,16309090
12870883,1783447
1982277,16164517
15068081,6222935
13661550,10256489
11753332,2330258
9623977,12013900
2578216,14318288
14185232,15696714
5081077,16685439
12490761,4731000
6571177,8404624
6907823,3415528
12206697,11301684
13225288,5319821
4880228,3973875
1458977,12801712
3914714,8176086
12373479,14257757
9285600,15904463
10660959,11498236
1852393,5374548
9722429,9928064
12871498,10906635
8369738,12952679
13012162,3176
6737175,6041911
1444243,99017
7565031,9233132
10214559,2592103
4789196,1195952
10531601,9531483
15820162,1778417
852948,9891801
6026770,373199
4699462,9885846
11816172,3823130
14221880,11558802
14300165,13357888
481194,3032146
6193783,2468809
13569961,5423541
15548215,13641764
1940658,485765
2796817,11726419
9046233,14113891
7663029,12286070
4335524,5192277
4395969,15840330
14579265,3799121
11462759,7035808
3551937,661070
12696761,5405430
14679038,2172764
8448553,3210340
6734304,9821902
13727646,7479116
8279907,2378292
12475186,10630645
8815413,4593034
9565003,8512505
446639,7252502
2835220,2917978
9509761,10252130
7342996,2982647
1477392,6225383
6121056,803321
2354297,4718833
935065,5532924
6901266,14140430
11470120,4403540
1296594,13514182
4956749,2644620
9766169,8615185
9196436,9658158
10467862,5382271
3487480,12847521
386438,11045681
4318166,3046658
11440666,2381300
9098959,5887773
1509730,12023651
2464154,7978585
13035190,40405
4694239,4452351
11566757,3765479
4481634,6582682
15103577,10103275
13243492,12706926
10320084,1830564
12043418,14989389
16407002,12116593
7700900,1752329
5058691,9406870
6968565,16334225
16220320,5674050
1654054,14576381
7210652,13743016
15540767,10528331
15582234,10597977
10381381,8906317
11792447,2170992
14192008,12249567
4422548,7000959
9856248,326827
10909589,15353525
106981,12388732
4638142,1959659
1371012,12578409
12405197,3723803
2306651,7193087
7543547,4303819
15781118,13075172
4615417,7699325
11211499,9550419
592585,1533764
13274811,8246349
11420574,7181426
7421014,15394194
9488050,508223
3915601,5058426
9710282,5617254
10247384,14872582
15337656,130965
16478413,10537014
1241012,7101593
14448855,3156684
6652259,15658909
5152480,2103414
2213992,9647732
10310336,632209
11674451,4719152
8080048,2409051
10917033,1453614
16003029,9371072
12258251,9534715
10578535,4211575
7955172,4307399
13005254,13564594
14236059,10545278
10551347,8975880
15865569,9813432
5330065,3227897
16551430,10411238
6219883,16619292
4858246,1531752
8258804,598592
9059926,10213833
12627201,6760187
9643580,1310100
3149754,1795363
7082845,14418861
16496039,11841070
14120917,2935146
2204465,3074915
2639154,3076510
10489162,1188451
16456954,1930451
15875649,4348531
13526249,1782944
259929,15262748
10634831,9336532
11707776,4093516
9738197,6267711
1515806,4797554
10872735,2118326
6577153,15004406
1314270,6187031
6827674,5587515
2858050,12315050
13312495,5700136
9302736,8100104
7104533,3985112
13446232,5025794
15728043,5659115
13377003,15408852
5336445,14254840
704180,1439550
14307182,10952563
2642784,242916
9676369,6532427
7283812,2557384
16646496,1423844
1342069,11117850
9352109,9071172
11204464,14762774
15926325,2027633
2985365,12264709
13538631,8828694
7285445,698233
8377248,15075530
5639698,4931182
6077844,15235734
6538029,14965662
8914215,12066890
5875458,13600456
14220378,1094211
7666956,8003114
1146988,6475138
1377135,6278665
8250252,10240559
10739829,9209262
13497719,11663805
6216997,3043690
933514,14393863
15505304,6936488
2915918,11727752
3844962,1985762
14535978,11375908
8951890,12740971
2200792,5129795
13380487,8068572
11653448,16510669
10951063,10814500
12774842,16773027
350063,12355815
10818401,13105094
12989509,16013010
2348165,1145123
9749543,2052193
9678612,2756295
15512261,239927
14722452,12539055
12541190,8494224
11061179,10499887
13008395,14992795
572060,583665
7810656,1261341
6088103,15741845
14456153,15737419
3368374,4728274
13379309,13772545
4404994,5351172
1826731,5987996
2694257,12099787
8500508,10204374
3847809,6607493
7286144,3980407
16101089,12429664
8908598,15088441
12147561,15577782
11657664,1431137
16580542,2054634
15074897,8161722
12370454,7367754
3214046,9366531
12267001,5439434
4297617,16652805
15917697,8745262
8886611,2828703
4809560,15270549
511537,2039164
5697938,15216297
310680,14886224
16409973,3277044
3433357,8596522
16665009,4211766
4073602,6009657
3586703,15060419
9462302,10646073
7068653,9049025
10607916,7180436
6165340,11122126
6053553,12046368
14701144,12239279
778649,13123535
10918635,1005390
6615506,13423940
9242590,15620657
9186742,7324042
2392102,8214497
12507824,16156326
4552465,452923
7896524,10430723
5750734,7039162
4125195,9718320
2966345,3815160
12274671,14406641
13762510,16595715
3056860,2702355
14124725,5167987
16570587,8349746
10979205,11049532
2653892,2292673
40985,13252659
5844531,7600434
14630447,2213018
1751029,9074033
1805366,16123922
4698850,14069428
9767225,11926192
15115664,4160590
764936,5573316
685477,10386670
16005515,10715333
7972229,676396
2427289,1068683
13088394,15058493
15427294,10296641
9652715,12728908
8347239,16150346
2374969,1600970
4506552,14894683
11235966,7682580
3603140,5584050
12730681,10590956
10450597,13704761
2352147,3314773
1781619,14846033
14615807,453526
13994442,6294212
10121805,14230373
5231469,14799743
4947741,15992544
13894956,91570
7195811,12151949
6275337,12654639
4166887,7341752
6361535,13354892
5877740,16605300
12941299,13429796
7006150,6630448
6890557,14163485
15019531,5014055
3815975,8447895
10701002,15654136
9783261,4364329
3926031,15735624
6450209,3273246
12874597,4709925
5641628,6266757
11639930,3227227
897991,8327476
13110969,16370501
6754059,6608701
7539052,13147213
12928829,5138633
5181747,847435
6662045,7820435
3852134,3238030
2246074,6277824
14474527,2763807
8158776,6889036
9028880,594558
2745956,2324398
2844425,4100167
6268289,16451838
12839815,14922906
15763468,10055680
14800476,2048896
97466,9226689
4110014,2903457
6607523,4885791
13197907,12187149
7033823,7308152
9356510,3466998
10951141,4470064
7524783,8426870
7537133,9865883
13111548,11308650
15468447,3094435
6198767,3320209
3788037,7479996
4633879,14291607
3033492,16373375
11357314,5639293
9580093,4032441
14322174,6032690
830650,14236300
14694785,180549
6247485,11175988
16654758,2919239
6089396,2220714
10191556,15063362
8235729,12745029
12705950,900601
9542196,8154451
11031770,9902947
1461426,5720168
8449189,5289152
2905893,3333357
4716981,11344169
8882110,10325403
1677574,9190184
13373888,16506529
5789314,6756230
1012909,13934590
11743785,5847705
6133607,5044958
10663379,7239062
14736675,8837655
14097757,12236166
1884835,8959556
13692464,71511
6147474,11765643
8832717,300863
6908101,2356583
6259434,3401024
9212823,5516642
8018875,14941470
3263263,14923234
9904673,765024
14067509,12462177
1344594,9846562
3074028,10584287
5606766,5128782
9906112,8385184
12896284,14260748
9608950,10748099
5381532,10410694
5086513,8162870
6850084,7970400
12208701,15906346
11081057,13943229
16768408,4399526
7915850,3916312
5273055,15678265
1364701,3762020
12015718,14246803
4361218,8428131
14249346,3859708
1815728,6656725
9125646,10114608
4609036,9078610
6141924,922459
13341432,14420841
9616549,7257090
8833559,8902558
14111797,12856675
8390345,4526801
14156648,4250864
7063644,9011145
13669095,5109765
7686408,10705591
1791456,8897221
4363144,7165316
4453420,6495866
1535302,11805680
5208908,14903501
1155794,1131617
946166,2343536
4861664,13304460
6403314,10919776
10604193,7536026
8868278,1009290
16721962,7536256
10469309,14753173
7481507,10621643
6660565,10368587
2518512,1016582
4162627,12349783
5812490,85958
1123136,1345598
12156989,2598952
7861163,7429958
3195425,15731514
16794642,4566549
3314755,13906886
4137003,4956443
9851182,13309782
11946966,4954849
8769055,246065
10581414,3152560
5227414,12953578
12142121,14958106
2258719,2766593
7265649,996168
15989207,305985
11744617,6821924
8447307,8193183
5125530,1005079
9242295,4025078
2012376,10552620
16342750,1135901
16016074,14541419
1928617,11876950
11596808,13750354
6927809,13621026
2936000,12948829
15314629,2161858
10099270,2115246
5013367,3877153
6829259,4492138
9925313,9654635
3649298,10228651
14015235,6586865
9890016,4290716
8881479,7469316
2867365,11305132
3202068,3882767
3007777,4923973
16062667,2405386
13741310,9572655
15466285,7113314
1123278,1668920
6838629,15123517
3022493,11077187
16613115,5056440
10845556,6229858
2532548,16120656
16167808,3016538
6960455,16371253
12708026,14124562
13194374,15446205
163309,11701768
16515511,11962800
13750951,16044129
36263,12780739
7772847,15615068
11203730,590219
3562458,8619154
15814660,223824
806795,8599770
8643759,10759236
3438869,2466678
13291441,1498901
11356443,14553477
9950813,8553985
8267012,10620285
2843177,12812021
13781424,14214024
12755200,10323918
12962813,12728242
6943419,5502410
5978375,11064491
1394036,11031380
12699804,6139777
11235320,13460612
4814748,8175191
14218484,12632038
10026496,7220807
6905456,9638238
10749099,16200781
11533445,8386993
7672292,6201941
7855687,16433657
2710907,2746355
13196752,8187595
7406612,2864185
9674879,15895114
15273924,680758
5454288,13966828
4836786,15903274
15390729,2886241
9522869,10789360
11813588,8511582
15681488,13831348
14946366,6277880
12560969,8463037
16537619,820023
14489320,90206
9339734,978072
12835468,2785793
9830370,8090333
15220205,4662704
1800858,15540108
2661391,12856954
11881717,1696101
9997318,3159860
6322302,1409899
7143596,7838672
9906517,1356606
7836239,16098815
6243646,11486355
1377920,11848007
5253785,5033902
15709339,1472794
5516241,4470339
8985420,6365874
13375906,4721402
6414536,1396008
8689287,13677130
7223028,150233
14766317,4356459
5176956,6554945
7463522,357696
11663515,12725392
13908215,10089903
9629284,7405393
5862890,8183479
1045298,14312997
2762312,12237461
1098593,5304168
6196652,6599345
2881144,3021763
15202947,8152019
15268291,10227141
6190204,14596687
14501624,12993930
8779735,7917908
6103827,2962829
16058514,9032490
11420813,9593186
12290804,2877918
3922221,6342223
8400026,1224642
7907129,16181896
2395302,2764450
371558,15039719
3671366,13232088
3266735,9962032
14244320,13877838
3695240,14700754
13899373,16035759
11497071,308770
12702429,6745415
16014465,4534850
7425756,15949497
8130453,2939210
8921827,14110919
8087566,9920015
13684446,10162526
16433260,3539976
6747239,12690379
6229700,9524035
11574173,16438434
1225102,9183244
1054614,5665701
15637834,11824794
6470512,9650554
14504173,12902789
13896459,13881215
11823589,5366029
3243143,10899891
6198560,13246440
13870805,993706
2585504,2466507
3090196,15602882
904144,1506477
3791436,4753221
6435308,3576361
8776276,13981268
333047,8324563
8632904,3090448
16127292,8203223
7992650,9777221
2191189,13068461
7898179,15138787
5937602,10804293
5517070,9515371
10617818,261264
7137348,3052285
1899551,11578017
12906437,2380585
161801,14347662
13583956,13461762
15796201,3974094
6317534,13459297
14080417,8302740
4110993,8376231
11958902,4698017
3704584,5954007
231567,9155888
13288885,13863296
13370653,4118059
1217060,14071165
1076883,8411989
9903196,6574757
471111,13796221
15657261,15054459
11228010,11878875
5964545,4975660
2571449,1972499
16743803,3739006
9614396,13574237
15727563,9311452
10837432,5303012
11333520,2972301
484007,3181487
12476100,15948760
4346487,13303098
15889646,6313629
6808496,10625874
3631428,1341989
15391252,7401227
7524896,3989683
15687965,7861267
4923960,4765066
1012422,5580992
3281590,8804145
12836944,1230239
4570572,8655879
12337839,4269141
6985187,15748904
9407449,14945205
1114695,15836728
12136347,4184448
7560969,13672188
2826063,6869831
6104323,13013033
9563432,6095357
14681561,348917
7624650,11684429
5681535,7497480
13894188,3273326
14674674,13561347
7233312,3585921
15729043,8908407
8147456,7412063
6565216,550166
9075297,6983559
2602796,2585494
8023516,14764651
10136741,12359863
13854126,1576455
15791227,15612241
9240803,7777242
4986799,7462783
4677006,15662425
3384373,3575823
15703205,2514879
9386895,7007366
9897795,2370228
9212961,1509093
680428,763049
555620,8465232
12281145,6846887
324023,2092940
6141673,10976887
16466705,14300606
15227414,16648765
2233505,11469486
1690821,4959646
5775633,14941477
7846756,1403148
801173,11173794
8836410,5190075
16566725,2472851
1387087,13698677
7635406,6542035
720417,9743304
3075352,15289619
7089198,13366422
5051443,13918208
13328867,8372196
932585,10034704
11890562,14211208
12090298,14245084
3861962,26449
15293313,8311519
13816488,4350222
8855,14699580
14979978,3130522
7134332,9221552
9800380,9330163
16699096,926884
11580091,10216496
13253222,12319191
8674950,11255670
73910,6731354
14505480,13627597
895551,15437501
16050889,3296152
12127597,12296212
11956768,14945908
6989460,116457
10155968,10125342
11332213,12637805
116627,5904510
6276349,9889591
9613473,12819894
8389961,4346930
7110593,9759708
7859640,12583725
10611584,7276729
8311848,16068905
10745340,15664406
8004637,10940662
843919,16184926
3400986,4778980
10262348,16182440
16039557,7770286
12931830,7493647
11691099,7903049
6661647,3624306
647701,16609288
10554090,12292990
16675015,3631290
1048324,3502919
13688999,4949576
7749386,1714136
13392591,5053225
4774854,11987157
548963,4195020
7219003,959896
7412569,1479693
14759388,7903604
6428217,817865
13705155,8832733
4845240,7094356
9852313,3038747
382913,9043392
8958601,8147110
16529516,1335460
5863794,7621612
10529739,12690084
4414132,830483
15657096,644960
563054,6120667
14354580,11669608
5609282,5845646
8415940,12300704
5597645,14635004
7027531,703752
9497591,4206272
14334898,14141247
5487790,1866981
15268724,12320945
2990732,13244775
13155155,7744927
406347,7687998
6612041,5270457
3519634,14561419
11344820,1982507
812678,8466309
15837099,16655147
15770858,712977
8022262,8716502
10865972,3608630
4378359,6055406
11435070,15385157
13921759,5290993
4957872,599088
11845584,6708199
2911134,6978087
2255445,11786188
8071573,2156268
13626944,1160551
2893468,11185091
4792783,2762476
4095164,1077347
10340493,12973857
7769408,14240528
14734804,2900629
2067362,10174414
10829724,2482552
2758043,13557922
7473826,4572686
13585730,7508000
3804109,7826399
13075314,14889759
15583776,1377923
55732,10325674
4749184,4256425
726902,9440078
6041124,9817561
8918781,6840982
10855955,6621333
4238761,3139102
14619557,4244376
2856964,11396569
14811652,2262347
14350921,10938967
11848805,8751052
8212125,1674435
12082334,297126
10380587,13898974
841413,15169135
14799159,8363501
16128927,2185582
4119758,13587523
10783446,15104918
11091901,7090440
15439042,14574982
785076,6487986
5077740,4662551
5482675,8798974
4016280,14707104
13204744,5068956
14490536,10698630
7725402,9200275
16766787,10284813
9510707,1071435
12598561,15730204
11524232,4251720
634046,12542330
2817418,13384463
9737007,8727652
5800998,4791748
9208526,6962713
9188029,8245905
15569150,6284519
13645421,1449554
3069038,7820400
42241,9268803
3229642,16069831
3000273,8274879
13229355,8926586
15262970,1944539
8061506,8742981
8430043,8828994
12708830,14029170
4380183,2693927
14489540,8982184
10330254,15597007
4543177,9106136
2582520,11688952
15428698,13588396
7121777,2003070
7498628,2139025
14541212,16520097
16390113,10816864
1185449,8824206
11190898,15552045
16337369,12820176
2128649,7169090
16670901,12516342
2158149,2229338
8023952,15184227
11740915,15859384
3239464,5752480
1121987,5009146
7664955,4867755
789350,2270058
729310,12345595
2998027,5161929
14860541,7291647
1020775,15861769
7210278,10423043
167908,4845217
15996893,2937881
6036221,4085583
15003294,7284603
12827319,8723978
14434852,8926511
4960105,14177338
10736865,9515649
7209612,9011987
6108327,7041784
6364566,10161477
4094365,6899209
16736590,7576331
3021085,9915616
872114,6790174
4567453,5666236
8610451,1076685
16398375,4473717
3860167,11736581
14861864,25935
5052732,12488437
10256678,1829967
13224311,6695740
11907013,5262288
13713447,2900555
1740716,14525174
13893917,4378991
6465480,4311331
163120,12579658
3408791,13735993
3329309,13695535
7931668,15763167
1935333,13528789
6389448,5704887
15887961,13335248
7759503,6367222
15709436,11069399
7800180,15647777
6526329,10153773
5324677,6963348
10767410,2483372
2805105,11055145
1749265,1231866
2281284,10925467
12932350,13273163
12698818,10097892
9556946,1897075
16082713,6335650
11472231,9191168
11614097,6038468
6423766,7915444
15074067,11494931
4640147,3190487
7903025,7909353
16610802,10187997
7600776,8700666
10407877,9642491
12576774,3795870
5278401,6780644
7997195,15503614
3666131,11269701
14020720,15342980
8405886,13706088
6439864,4898927
9073891,15364546
11443242,974538
4656601,1359368
14614607,553307
13783718,6725198
7104419,16276885
14560457,7130280
763875,9691822
9971438,16510904
628122,12688643
10414217,12601322
9841232,14019089
3295495,15787689
3450203,11326375
14865163,15754773
6578139,10352223
8068497,11321461
8392901,8350452
3374330,6280274
3655238,1778252
3946008,15205717
7167547,3916945
8396785,6430553
4662291,541520
13270105,8275185
7698216,14845264
6301919,16320628
15612728,9463180
9816770,4749073
10231167,4272720
13352650,14684607
15362930,2390670
8289764,6935991
5645849,9109098
6997629,5135743
873067,8814494
8269880,6832012
12213221,11016321
3614727,6249028
15581686,15709383
2310192,11312768
616610,8303536
2028658,1306182
15778089,2790421
4197371,3289169
9763864,4237116
14170515,7125064
14351619,8512458
9074791,790367
13734822,1838440
3052761,16135980
11778034,4999949
5925601,8178151
15787287,6263736
11563247,11544619
931337,4807639
3501426,3892093
12286454,12085826
9519853,9736071
770475,7297756
6072695,3626304
14206535,16583178
11469628,1059420
8537398,4088356
6190641,7252920
12114549,3259319
5094180,9267769
10622883,7198865
9224567,12967048
1410045,11168101
12231064,5274770
16187172,2284796
7074033,4712222
6655275,3141847
10670705,611794
10748583,7566041
12338172,12805
1721893,3253728
15254427,4810041
7808286,9512901
4341912,12619852
5760743,13307119
14591436,8475838
9716512,15238663
7960303,11985739
11815495,11465828
10239212,8946432
2649390,5701434
10656614,10546571
9047675,11796194
6780310,7752913
10873509,478352
15660288,1209974
5149947,15437813
5441038,7728920
4761572,16504723
6677640,2038959
15483536,6650637
6842758,10590827
1589791,13975773
2929680,10654483
3291734,4813308
5145286,1203382
6458755,10898616
3176592,217709
13723564,14698213
1320939,16166938
9310915,5194405
7717816,7928722
16092863,3901219
14484648,2998640
9232855,14853186
12548425,9806885
14118086,6618955
890359,15533222
5989720,6631776
1363038,12627024
2257169,2470419
12813019,9463067
8866657,2612098
14037733,14860846
6917245,4868995
4799568,15823815
11169811,6516103
1522022,13536689
3853929,8713799
12635015,12920163
10135373,9752002
5506202,15986596
4260087,6321638
12622329,11473337
16562185,7326067
16292839,5295624
33115,9909510
6916610,14561899
7352352,7551255
11971018,11705528
503893,7206221
14119275,13822353
123644,10422947
7406625,14421733
7072129,15933876
2097129,15478770
16620034,4108918
7552190,7946786
9002381,16554147
7931873,8901817
9030198,11656503
10831849,682629
5727430,3923966
14368304,2408379
11672412,15570009
11204480,8950899
15444542,16346417
5534802,2155566
2507132,5514107
10119872,15427624
13149022,14543074
11386277,5503344
5403775,9198392
2457145,7923278
14981808,2452938
6409814,11596970
6431873,9150059
401850,10230758
5428137,10176960
6223405,5402662
3947625,16380928
5188360,14236594
2377631,724351
16323870,8976534
2520987,12530232
14239405,1038926
7113335,11127507
985348,14142380
8886641,16383331
7998582,14078311
2308952,13455241
10799097,6897518
6754359,7149188
5869880,1228955
3217984,4607294
1761708,3515782
3205359,3003200
3069695,14222292
7547289,1063594
16778868,15998547
16615444,5378652
929586,5490196
7667726,4581407
14314509,4129987
4387015,13972604
9867552,5340970
16376178,10813041
2411760,14462173
7529443,14010943
4130110,13154918
13518647,11605499
6331439,1087950
8921887,2305375
14696040,12366733
2322308,8364492
1409089,9802913
13749061,13630774
16182983,6686012
12372927,13569683
11765476,7295883
5677618,11412062
2563174,11079567
11858779,5858462
11919309,9833237
5153568,15310016
15910997,4215083
9267685,81349
4167563,4091302
13227152,6859517
15620637,210365
9457112,5359940
209759,3406739
918159,10477015
4083485,124
14507020,2877949
9681698,1329234
13526055,12433178
14884518,831696
16000834,1653646
3185298,11233513
10644230,14457320
3769612,11697466
5865223,16305980
6553055,16440843
10354279,2922530
2921810,8630646
3091690,16473288
5597034,11490642
5317589,2596574
12684987,1463252
2715961,12969001
11088224,12259245
14673240,5221016
1623829,11278439
12498594,2879682
13292304,5927511
14353261,12457273
12294259,178417
1743300,5945079
11631250,15755705
9180753,7944894
1604568,12141285
3379657,16400298
13791438,3492551
9409915,5186925
3890073,2413798
592831,9398909
13643857,14714752
5705180,9312601
8595559,12452992
11843452,13578914
2776590,3159831
12892970,944050
10814709,2598304
3981222,10955908
16654995,1875233
15880562,3890574
14029603,276189
1820418,16011424
6343239,6556754
2737036,4033884
2257544,16561718
6649031,1046601
16429488,7915972
5025969,7335985
12151630,4550954
12852521,8364161
3103551,7536683
8828467,9989191
2438698,20366
16388990,2408374
12178455,16195915
13251381,6139201
3773016,6975088
7873425,13298193
9516632,6739677
2653055,9615765
7447777,2921623
10373074,5808020
2559870,7904472
5146321,6513029
12993276,10376963
9931101,14151284
468974,254904
16612780,8752731
10467256,15341586
8113573,366159
15356864,545526
8803593,14281497
6845041,506276
15231588,4117896
6879910,8844438
10994877,5155315
3830243,5489974
1990442,9777950
2983461,6542775
1435176,8959992
15641896,5692868
5587279,14201360
8770337,2141230
1594521,10950967
13426658,9509228
3994265,2503363
15340065,6378664
9083534,16580421
9939485,3033464
16413858,3046477
11756324,10622541
11119781,15848037
12720479,8067116
13326223,2260946
8377171,15710240
16212886,2786106
1525032,4853032
16384349,5263858
8490457,686405
5310378,110929
12011097,12499060
15437988,9794154
3587286,5674921
5655102,9067265
11395843,12555954
10655254,12329077
3729641,11954666
4830997,1137590
11172722,2185
15207445,12833593
6540774,8810085
4463764,13138234
12398852,8294420
16704173,5658683
141353,3557731
1676237,10293071
5926081,9759908
9762217,13902700
6381857,2195035
7026801,7347519
1996478,5045879
15171530,6210081
746144,13833023
9008942,4091382
14950025,5490292
5651529,2767050
6677348,9680576
16534135,6563648
10435867,9947946
15763179,6435835
16543107,1369823
8137533,7326854
8611741,8248713
8893861,16502192
5249815,9776177
3287190,13149763
5517964,15996149
14643771,6815429
2301345,9799372
7902894,5458742
2032479,3752721
4252812,16093671
9288582,11058097
16323820,15005649
10654000,8770627
12168421,14910500
1203498,6054396
9455997,1032694
8879399,14991348
15935645,14022882
12029841,106654
8917738,6823716
118233,6901278
7404128,13873070
10983571,6672196
15616766,8207175
1364610,7907229
11285142,6407548
10230247,4649641
2693497,3456571
13613874,11835742
7170874,6323555
14258540,4876788
12815213,3687444
8971780,10707707
7776335,11626963
12406881,9564719
16509043,15265113
9888743,196860
7411735,12782350
9188335,679914
1500643,12131812
12153775,11366906
14458530,7637866
11577908,16674927
8788288,3646079
7009112,13195991
16564927,12532645
2715821,1426184
11008389,1609746
15977703,4820315
16107383,5841085
3014685,11769409
779287,12849771
7064142,15569535
7486544,15455581
2246516,8809192
1842217,3130235
11109183,4142209
7231888,6786166
3154470,40087
6165628,920483
3548865,6380870
11879394,10318964
2752533,11720587
1321311,11241550
14726030,5575716
10501554,10662960
3615772,3866190
3312759,15792346
11292591,3121484
1740339,1076625
3088115,3181692
6591055,614205
9581694,13778646
6778211,647777
4227002,14679996
6170221,12343274
6630841,2725007
9722500,3147093
2046825,16021224
8405749,4418594
16562811,4121831
16451823,7468169
6199504,12313344
10560268,4199334
6257794,2991200
6904085,12439945
4261061,13180853
10434764,3595702
14497400,11031840
10384678,14954518
1207852,7108792
1640756,8635233
1286832,2441444
8285035,9377678
12646922,4857735
8170511,12983491
420896,1014395
14422908,6627117
10484776,4635184
11895384,13710402
14285906,3052768
6825736,11937926
11631745,4445083
15280273,10063780
4181435,6449897
12262531,15342790
7198983,6902614
3521842,7805055
13780510,8346033
7031514,3716582
355999,13637251
2805785,2787102
10056594,15532967
9209182,12632403
6533058,2441846
13101069,2881483
9816794,11162553
2130476,862162
2810937,8289236
9332094,9406808
13859255,15578891
11798116,11201552
3973345,1430037
2606305,2937763
9869068,6491573
3966556,3378037
6817026,12323038
12528124,9692905
7922437,3057351
371735,693202
15922155,13521227
10013898,2247217
14377361,14925545
16721841,7252277
820560,10712553
16204391,8927368
11855070,6677814
5903649,5997320
12399493,12219345
1748022,9935918
15816000,8549769
3995574,9642296
5261247,1895914
8030017,5498168
7030819,11325988
1680426,10588141
7132144,8902847
12919637,15561944
5259646,8161224
5960405,14863268
8971527,13166559
9386069,7384784
4456411,4923799
16117140,16398057
10048752,2690503
15085257,5674396
1805468,4021380
15240332,1085065
1628227,3577560
15983434,4522918
6791407,5658343
16676510,2750143
12727061,11027235
9050185,4824360
5525797,16719576
14902831,1390386
6918535,2757756
11381273,10999264
9301567,6113396
1031218,5953096
2331880,11111616
3783403,3665778
9663026,1451825
4591800,7991460
1888390,16067376
7398849,1669305
8938620,2991424
12470562,8177559
9033609,13864551
8282435,1207730
1268108,10476858
12008866,14082532
11789775,10578966
341859,9782939
5227476,721774
12140314,3474294
8739938,4353432
2679742,6166523
7616692,2461785
2489572,7023558
4622388,8271914
7474777,10047924
1914144,6605944
3585265,8975521
5200786,1999935
3512356,10806128
10876509,898852
15145127,12637615
6278472,5848442
1139864,15238546
6805181,14972408
11100646,4775296
359035,3849138
15875299,8502263
15631660,1004992
1413755,7909355
3529352,6243422
1753282,10328333
14641451,9631473
12015189,10429177
9348274,3194366
9136340,14153327
12713443,7971263
14208258,13098873
7540371,13288011
16190330,12534825
4342437,9214207
11561648,8120563
15441902,15373412
297058,15890245
7965675,8574930
13846485,7505609
2088148,9770789
2676430,4686595
10739374,8619507
16523385,1418793
13895062,9203890
14632918,13867729
13443836,14760763
4703521,8623488
2145332,1091607
11756555,10519233
2157047,2579971
1454677,298287
2425336,3448597
5256632,6686643
16296684,4738318
8027540,13975697
10609579,16758913
8702757,5540103
14165018,9642303
8151501,4783553
9097103,1627793
10563233,7960617
13422658,4216470
893907,3484712
13400267,16606044
3730941,8562570
2578859,9274371
14488809,9307369
13899451,441194
3554135,14919861
7574271,7880917
15452435,1075842
1071162,8786575
3163687,3899103
3830983,13875054
15074002,8825529
7417207,16648908
16307844,13915988
96954,6954654
7219258,16266469
15192561,13603260
5329869,3273621
1460477,2357168
13645240,9249650
9938168,16359768
1434055,13579856
1022333,14778940
8176892,14214978
2442513,6666117
16712456,12650092
1264122,12508375
11665406,15788827
2369386,6702610
15837249,3052110
15931786,12687394
830240,4022037
3739682,12511259
14823130,10282577
15540019,6121251
2677352,14976854
13494178,2913631
13843833,3043021
8986602,11437270
5220735,1679673
7806501,12086661
6789557,2826088
9486744,2675467
3217525,2265307
4472558,11450769
11188774,16175289
8319291,3264438
8235812,3245249
11372322,13726159
5175292,7862683
5351589,12393188
2478407,5333734
4697825,12792739
5876960,14343351
5298435,597737
11565026,14900858
9406772,6006740
13279748,3215369
3542074,3665298
7783752,4127371
5779841,8793642
11068420,9647638
8175023,11369813
6167297,12243551
11713853,14663291
13521142,6183843
2829594,3427116
4916088,7171176
10350137,8123024
15057834,12792441
7634685,15510181
8745917,13517898
7798504,8021609
13783714,2206931
3476327,5742395
4456344,12243324
10339029,2797540
11224985,4795462
2110317,7687302
5869720,14422244
12579500,8047545
8574449,7628491
5548060,1418008
4901427,635298
7164331,15457674
11081480,8085823
3942025,1636088
2313053,10207460
11105883,2562572
11630160,7304720
4013976,9774940
12491358,14941741
8032428,9352366
2155729,1172493
10927863,4298463
9335219,1131992
10368394,8516437
15664966,13361843
9226009,2157961
7752447,3306110
8795696,14567182
14882735,13224770
8144935,2221780
4282741,8798353
11100826,1141287
1613941,15355749
10240586,5578651
12997092,16607200
12395329,13685713
4242550,14531679
6157381,3512501
12654745,6862798
2306043,12415703
8870406,1233373
16568905,3985332
13339791,11908247
16206093,11070640
16380449,2077270
9472382,15800370
4103888,8563357
5690161,5964623
11111444,6132323
10242160,16023796
10187976,8866745
5174882,4838520
6301285,9931700
8052412,1640707
16762683,7220186
49705,8086386
4709919,10529756
7708327,7065476
1430553,3373009
3561912,4745362
7466511,9176418
6685783,10724828
16770003,15758808
16217072,13241164
1994855,11337317
12981780,15968232
4750258,16780353
276369,6058375
16017201,1457444
3115490,2691355
3748502,11570961
942666,306331
2368018,13221835
13485007,13108206
1408685,8149875
12321424,2173043
5084481,1600372
460853,11019637
12181589,5189990
13435344,13158571
12593595,4642014
5307891,16141494
14070366,3910010
11543879,14817921
9545797,11348382
9072155,8994732
3332242,13620100
13348854,306314
15960315,15675059
14978931,441214
2375950,1472091
12580472,10447308
10645039,4163884
7208100,8553938
2686248,7419635
2989579,4747204
117198,2568595
3295537,9551788
2516014,1083345
13714619,2362745
11546942,12591405
6038960,4408571
4222449,1832933
7588534,15251887
484479,2276966
1403141,9459690
9871402,4838571
4346545,209877
5524031,2438497
12651939,9990220
13367227,2421764
15830365,13176027
2691600,9246573
8133119,4215005
410599,14537603
14684727,11069032
13227229,5587570
1387460,8830429
4478425,9696465
2842838,6597911
13815571,8023178
7844014,11051799
14234237,13158346
8010145,6591743
7399115,8849995
6855832,11099639
3506945,2646346
11235003,11976300
14211255,15954289
7357823,12589747
11181413,12578795
3896832,7664274
6910513,6624827
2766401,6607303
12606239,3089073
8542527,5877558
13708588,3090707
5023318,13292801
1104450,15477728
13390585,14190468
5239567,11317096
75418,2303150
1182540,633535
3466892,4751006
9973460,6823007
14254892,14702
9072651,16143180
3101437,2921229
10392328,11122449
1732362,3046504
15994328,10438345
16229437,16674720
13983514,205285
4080292,749204
16277270,12547645
9582433,13718340
12625716,16578140
9180067,15547493
15641583,16700885
14851713,11433509
6775758,9706758
14840016,7923268
14720076,16595664
1645391,12644126
1504755,16285187
1050598,16126483
13124130,2873779
3839013,4429661
7622316,11350361
10918062,9992116
5510401,8364293
13073946,9325056
12164130,9712332
1812144,10946241
3968040,6587243
7246903,14117259
16147397,7550302
6486664,11287838
13188831,13714812
3076743,11677364
12319132,428707
3978444,2259692
11193017,7954122
5735752,19223
4110748,11663296
14013443,8526442
13392478,13396693
2399068,8353512
8903296,8492189
14347638,16257506
9146293,12809053
652715,11230267
5183779,7579217
2198695,1267076
16526946,13945617
2684169,3166032
14005285,12076983
5610825,7939259
1019009,4637084
869401,8300119
3542318,12888164
9121595,16004387
12512775,11581663
13126489,8664088
14045190,5233141
14252454,6040671
11094907,8324604
5348785,13226424
1438983,12715959
6158380,4031547
14801666,13114535
9090595,5856511
2939320,14269301
7027530,6175052
9801442,7263664
9401290,4139604
14618725,1191035
7378306,11997783
8858353,4915011
14137634,928530
5695898,11475327
2198017,13118913
1234007,5445953
5784779,15713014
6843077,6131875
5445725,2404978
5488623,9256513
6021827,11023636
2857166,7546526
10602068,5003437
12686034,10579563
10886089,14081606
10749198,2518244
10799232,13467190
15116185,3897894
8770441,14757484
617702,4547886
2499541,343110
1644514,8854051
1237406,8422287
14286388,15333287
14699734,14964759
6576024,15793447
4698754,9688304
8409989,7076836
10376034,7035216
9334719,987635
8124802,12629815
6919412,13897523
7620623,10630663
3036599,9158298
15779427,13628785
11724139,3500954
2473044,3878467
10783997,9763775
9663388,16040015
2849310,13045327
14160706,11246690
1819689,14063558
1268430,587719
15416725,7190185
5481946,4479277
2960601,1859248
12581035,15767590
11251066,11920768
5942986,7921418
16427335,5869600
13892110,10011627
9309655,8080744
13065483,7702298
13262131,16481262
15406917,15080555
10035126,8972293
1882327,10288150
6266907,11463612
6375741,14410458
6218235,1104168
8207908,13926788
4461347,10535408
3478325,2220012
5195945,11544586
10834238,10813778
11781404,4700106
2502080,16295267
12432581,4969178
10431652,15750248
15937324,15301637
8547231,4919498
407372,1276273
2054828,2135141
5126823,1845609
5666058,6806025
4062050,15927548
4952048,8036069
12745554,6263430
2020179,6021174
7209944,10133495
8026876,8271095
16567349,8671352
3020293,14863350
15841154,1337090
14934648,12454815
13163713,14000360
14494094,10531048
9527775,11829369
1399122,795899
5681583,16762524
12591712,6768679
13120440,1011495
7639675,892319
5879294,1625425
7051230,4923562
16032696,15737309
9620923,7506283
14005088,2454223
9788626,6403137
451185,12959590
9021226,6323811
5487067,13898385
6549905,12281886
16610743,8936612
12947316,5926847
8605819,6072625
12093605,12894033
8617558,15853692
7303232,226958
13661422,11845267
12682901,3520675
9666766,996880
1624653,15430375
15170475,14519743
10257957,5793343
12890544,9383210
15193749,12942227
2964100,1565340
14214512,16586549
16705668,14257953
3394695,5644625
4856520,13829080
7785085,16712180
14544890,10116698
9024598,9234769
5123289,8966505
10197097,3545659
9035874,5900282
11437247,9677279
16048953,1444980
97445,4901956
15941991,13717678
16016101,10374550
14120738,15878411
5812138,2222093
6066295,8747519
2784914,3811826
14711448,5598368
7584331,15573012
11955608,4937166
4766119,4671642
11572696,7212170
2417122,4301094
4838958,16732633
8084073,6902558
11963928,4880389
14947723,8213148
2985106,9176512
4882912,10122505
6843276,14485808
4893729,582650
14865861,5044991
13501675,11533112
145171,15761241
8774204,1801729
5799465,14292888
525020,16011825
8972627,2063775
3101512,11077841
6057146,9106303
1382917,99998
4261741,13773677
16122285,14403476
2879956,7748066
9827805,1341553
8919468,6710129
4509757,14760335
16198133,9347509
10546305,8106732
6855408,11730800
14294939,14503113
8018458,12261252
10582799,5913902
7635174,11474055
2970898,778696
1885847,3236382
14226888,14258942
270374,7118038
2073906,6009160
5792252,1972972
13305573,6573042
14363047,12210930
4774874,14298064
10570521,12857548
13511449,4297299
5348222,2381109
15523384,3420527
15963970,8125411
614003,10228589
5151902,8302474
2490567,8497425
7905326,7216906
15921637,15234805
12082786,16478339
8322534,2645281
12461373,1735329
15226991,5859679
6534455,2890570
10581930,16438459
3688825,10152180
16022094,4856334
8305513,11415095
5461768,11504075
15228684,4551752
13260673,4877549
6031981,13848530
2390164,10096334
8272622,13280718
16778596,5666418
943431,3973504
12222798,3101459
7613981,13907125
13236748,5224512
1403264,3934025
1761233,2025627
482217,9557313
7534835,2422162
15912623,6366909
848240,5349591
7942478,12744109
14585423,10284111
7319695,13328720
10358444,4618280
8897834,9598081
28633,6676094
1963610,13666931
16582183,5705978
10137811,4800177
4883400,16680143
4510766,15902844
3911751,11471828
4639059,13301761
12100718,5021621
14292387,10208728
12583906,15231293
4862508,13504849
4335246,8819703
6842718,9936578
9052151,10849283
1502844,15938414
11393287,5967692
6231765,9370912
14941723,9372412
2388046,4009465
5483371,14398470
4600292,1312445
10449143,311253
2191837,12250728
586557,5682043
6678698,15274390
13676874,14585899
15787517,12147886
6105609,1349765
13574387,3886077
1654527,9871027
8359029,3921681
674817,3826958
4398628,4753397
977303,4728077
931567,14754244
7000162,14677765
7407036,11250446
6337312,1005724
481727,2874693
15146045,4982132
1291866,2789504
15904475,13931064
7637543,8230751
2584519,4388338
8098031,8588809
10972334,8595319
15251695,14382414
12705552,1024751
8736484,14126007
14496632,14224873
3187627,8175005
13285816,13208130
6524336,14225510
14120826,16389401
12351424,11104032
1712695,7889640
8168352,10599911
11609075,31985
4548222,12067143
3975725,15625496
5015011,12625272
13473293,7241261
7788894,6965120
13471784,3597376
6027323,2634163
6738409,3630474
2370541,3945
14850246,7249798
15936002,9421026
6547098,5066958
12380223,14601488
5538694,16791956
15890198,1786349
7214762,10546873
4611367,3295897
9691704,10883859
3172238,3830726
8427867,16158416
200307,1362157
5887057,13208032
14134477,4447157
7748853,12165753
6486536,4292228
9184592,15669662
2699102,9879031
4207550,10884598
1042616,6011556
3780373,13203664
8172581,811529
15729018,2818734
3837616,11818409
2680397,3618197
13122634,3744784
5632433,9915660
1839026,4889322
10536071,1267673
8345579,5901300
3502273,2327704
9001859,5582301
3095376,9497225
6585333,2177744
11435813,12271617
13566261,5556155
12908118,15704330
10756231,10785129
10616927,2818755
10399358,16702362
1204284,269658
8880352,4142373
11464695,15498077
11034989,861163
13116831,13359866
16789503,165189
5453251,5545793
12363907,5344471
12590847,11708869
16527566,7181618
7100192,10778703
10015788,13901582
651914,11309467
12065322,13356149
10696803,1295630
12521075,12858094
14041386,8310138
9313252,4656104
14748584,8126776
3229954,12754350
16020625,11264458
15651009,4103364
2647543,10092498
8292386,5961002
12634302,5137111
12482822,12635945
287085,1564256
6540082,8864688
11144,5766462
1339351,3158580
1235213,1041551
8742142,1356847
2610268,11833701
13074637,3040149
10629782,8274001
1126171,15425785
2852107,13639739
9955234,12672652
12391313,12979248
13184238,6289946
2997454,77358
2286080,12808473
15818845,3888191
10498794,6175555
122537,1468346
257462,5953594
8303526,7925943
14943954,1359393
8591863,541659
11948214,7739320
9104337,8772558
14251207,15558148
3640263,1195253
3111740,1900434
365917,11839801
14567911,12972515
16680730,9230993
9600606,6653614
14650951,10526616
15756949,4678270
341174,2942040
15691759,2414447
1832006,1502422
16002648,10837374
4710426,7212467
170362,5119746
7209392,12380165
14609280,9283016
987331,4874181
14417191,4165702
6569629,3020060
12085902,16418736
7387226,1642381
1443224,9410501
15215919,14180742
4247274,15461785
13513811,6716228
6348596,6901233
438745,12243808
12341597,12011030
11142686,12895266
2486852,12409661
13625715,4329452
1079946,4222753
11088033,1473664
13480931,11072063
14274993,1757055
5586587,1846643
11845671,6840618
8593194,8462069
6243538,4689351
14719126,3060770
5690682,4718447
3940691,10598273
16440982,3586256
1174525,9081752
620629,771540
11866596,3459351
8485705,10966891
2493207,7729117
16084430,15079522
9057962,2981488
5556437,15675129
8683018,6056621
3351966,9144500
135856,3575876
14701640,5794226
13338123,2894995
12947811,9490722
10208220,5305678
3928319,14500340
9202046,2366467
2907671,5894763
735694,12511058
5995170,7995297
8588542,16296687
12817131,5745401
12544156,12822499
391948,9249171
12245489,2065852
5278357,12908569
8596939,1558227
11805184,10558270
12648812,13744446
10041354,12825607
12940852,6376330
3124016,7274087
3837822,9071675
9193081,6960946
10647211,12508913
14053722,15122369
5280711,7336059
7803825,14729775
9043728,15273249
2428808,15206977
8555297,7637960
6581544,1265134
13051764,11830892
755317,13559560
8755228,1493686
9927309,16072845
9026914,10775031
7371350,2389034
18433,10735656
260431,16479055
9347835,4373535
9530584,8070031
15598793,11724255
1000718,9633454
16152926,8357080
6539555,9765165
7061481,1978313
9020343,6480596
16448324,7900655
9388750,16125105
6689019,15037435
1474893,9629788
11092410,10482239
11022869,9712805
2149325,8017561
6085961,12738073
1376755,16401318
6315810,9183583
15241876,14430738
4875807,13328474
937264,5476228
3843003,4014804
9005990,15347562
3739123,1065829
3498780,3494906
973920,10153779
2228591,12258480
7896285,12678749
2512098,12134820
4186835,16536784
13252601,12071805
6814836,10157400
7376267,15736157
7790443,4510790
6107818,3889536
15405246,8436203
11752366,14404954
12034926,13159316
11106587,11262925
5616022,8142040
11402995,7146466
11097583,10164442
6280702,16321947
10146756,11353670
8822914,5883033
10600040,12015950
6607155,3763748
14130241,14160260
7241206,13134441
10243233,15905689
12109701,9785919
15795018,8260498
15641418,15881136
10419301,2727747
10108689,347329
15686119,2306589
10654549,16567895
6246581,314387
3700268,4993358
2915654,3054200
1747320,11636583
2938749,13779492
13636680,16037500
4141410,1478936
14993522,3147286
14497430,8073416
15991433,6863312
9367992,5919855
2608594,2715211
4549228,2769899
14036551,10526288
4851104,3537849
2509874,16551492
5448895,6865366
6010666,16105426
4651895,3834834
9029321,660869
13959720,10080981
10865124,3613276
16619389,15241649
4069273,6275332
1345959,13142118
3165894,9640488
6516955,16294716
16318820,8605416
8756346,16071216
13011706,15176930
11730826,15600932
3734510,7072766
7620336,12654764
1747116,10584383
336148,7282504
3635101,9221792
6828683,1720466
5973261,10286593
4065661,1507844
8004460,10146279
15579321,6222683
3701869,1700005
8081669,13417567
4834778,16124900
14372471,11181612
693560,6332267
7521648,15618179
7336747,8730104
16770829,11461645
6440421,14432656
10681436,15421839
15443820,1578725
8429743,8451037
5337260,56723
2942673,16696783
13138843,11462000
8618127,2845708
9858410,11514818
8551363,4265967
1189337,10812436
5235795,3340640
4626450,615058
4460602,5061691
13737568,16328428
9106290,10106606
6345594,9415995
16530186,1322104
10337946,245431
13791734,6207448
6250624,4530968
10586187,12013897
2631788,2125039
15734887,8595967
14778424,5870130
10502679,5485334
5087778,5151441
16496885,1297895
15243076,13481286
11948499,1258184
9485215,11776627
12722517,9018003
12301389,9931173
5265825,829693
11379210,6419106
9818991,10252329
15312078,3929404
14154318,7759454
5034197,16588561
347907,2010667
7670167,11665192
6760665,15949148
1114044,10021538
1045364,3948317
5141218,4711439
6849536,15686354
16521131,15935020
12988576,11868125
2132498,3188805
3723051,6150190
6053746,613172
15800833,16721613
11657773,2597683
7642027,12677548
15937158,13014487
10024472,8637208
8658035,16729911
10834763,1170345
16048609,14914969
13618321,1123684
15089767,3725102
8482452,8999273
13580208,6726920
2607076,15207293
3874437,1976668
14157176,7053942
7084267,4007771
9014318,15455151
1229803,11926258
16003514,10709748
11642917,7723214
1421444,9826650
3558874,8615567
644229,8304942
5176250,1484622
11733593,670880
9874169,3451751
9570217,6493228
8327078,13600862
14000794,7320599
8342857,16297959
11682016,14642504
2703177,4010266
1534846,5431978
3474262,7924270
11494222,9677765
6716666,16298659
2107732,5764320
15350130,10012216
3135050,15226210
12368224,12141699
9652856,10994526
4565125,5770544
3874528,4860604
11843888,15593808
5044849,13324945
11531554,10445480
4419249,10396140
11648551,11224665
5552997,2204704
14960765,781323
6616532,3325468
12273989,9921508
8159443,5687311
15169521,12527884
16663064,6015659
10759156,7647071
1627886,9753006
3347520,5972408
14509537,5798450
8468485,9991545
5469409,12374417
5554988,10313091
5893009,1565331
2218388,11749268
16276348,14057380
4343863,208315
10168841,10786048
12142672,12637002
15445079,14977435
11216884,3073923
2269730,6844605
6728855,3702575
5184266,11475160
11261350,1873628
8650355,4920208
7536877,11985223
6939798,8482618
4713495,3027310
5532610,12697068
9505258,13502283
11369663,5735927
14161410,15986994
12514990,3279695
8526463,11086967
14931237,11527231
6885516,16716543
4817786,12552276
4257432,9241920
127482,9893339
9017250,3595041
9115057,972537
5618155,14404514
8846732,7722749
8155209,2577932
13710484,15577184
4042713,11444665
12784010,2933283
11955439,16585911
4256425,15481037
10791942,3492999
10254450,5253869
160991,241142
11689491,14088060
5720,15322605
3296311,10387720
14868763,15992673
9742762,9414284
6484632,13058720
9242765,15887090
8919984,10080784
5502138,8978295
2934212,767521
7023613,12331968
2693130,9785344
4392193,10561780
15596070,11820725
12864589,15430556
4835389,15977291
4547111,12132274
9560909,15267533
11915760,10935780
3079485,8527292
6477159,8839029
14853820,10694664
8619428,4529683
8157801,10374670
10252003,1604940
3272442,9652364
10816384,508683
1559315,7901564
7905934,10182119
3142889,12072081
14879492,3659745
3617469,13157473
7201872,10551393
12244890,7676279
6394108,495941
1452061,16098668
5061835,4468154
6263233,15636499
10150090,14626588
2533722,13294232
16397712,2979572
10893437,13065303
16536978,15300431
6866464,7373588
3773966,414914
6191525,6353262
6757090,13752417
3189513,11916007
5516265,4056145
15621028,3428621
16200313,14354099
8012025,3768951
2083613,13803107
4282371,15156521
11892565,4652265
407668,7409797
5914659,14725102
16261052,10786340
15297108,8876003
9799841,16461390
10366049,16011622
7473264,16754941
828434,3631349
142351,5154404
14368934,8860212
11752554,13042400
13567904,11922850
4751539,6087188
9542248,5384013
12714068,12730808
7499024,4916835
4180774,16520905
10424962,12400586
5280811,1420089
9360584,513804
15032269,10892587
14049701,6657172
3130744,13042108
14402981,10850636
8516247,2476724
15874911,4631827
4193190,10604471
4169024,6233283
12433078,14712189
13370891,4888352
6879454,12196834
2938767,259881
3532511,14903758
12674501,14416199
9226685,1953390
12454740,6000282
4985307,11844798
8899056,7981062
14843205,16644326
16138568,4405176
9846526,5420922
9597271,6491364
7773370,942395
8145315,13004541
728387,9264375
916650,16783060
3619440,3206478
2178222,9495718
14644781,1274489
8792850,12041922
16524848,6574191
5536861,14939181
715499,4462465
6467322,802311
12098318,12967827
4349553,5269168
6420621,9396040
7870813,12475292
11926347,6631240
16227269,1623381
8816660,451810
854305,3892708
8351682,5182064
8828777,16448366
15617586,14309578
6872487,8261639
13709736,3072332
7169175,7570774
1062434,9506316
8970583,9972577
12521798,12808672
4572825,14977987
15832759,5173831
697682,15782323
4428047,12458127
12187185,432306
16347330,112330
5525151,1578596
16566143,9529096
2884980,4731730
1983658,6380248
2998467,1771615
12649526,13302007
8998203,16333287
6477480,856511
7084058,7728389
78483,9561052
14883650,11484928
2414279,3509956
10383190,11840862
1521675,12452706
16356743,9765410
15477307,1124542
7636356,6022475
8720034,6029091
6843325,8304826
3298688,9796265
5174920,6712558
14890290,10920675
790709,16354600
2562965,11854337
9891194,15382444
13848446,16061436
15542354,5740086
11102503,6159444
2272301,6181528
13509708,10001761
5344975,14578631
7201447,106165
6354074,9512917
9602658,5643757
15597340,15640892
8141428,10731908
4091717,4126512
12811462,1947960
15747204,13437908
15879816,710497
1222548,2303581
3244470,2244293
4936488,2777095
505324,14256246
3204930,4967374
15476128,11023538
5651148,1019515
4016496,14254194
8949092,1192162
13083167,5573398
1726639,7895950
2780037,7767016
5755319,3596053
6714093,13726158
10963701,4111416
11897408,319885
6852851,7501075
5207621,8235423
14542437,157936
5012980,16214945
11400403,6634011
2621204,8701759
1744701,11417737
14413534,7433792
3678282,1029021
2510200,5478590
2970579,6145166
14229779,6278435
2227899,14073616
16185317,14143270
1656032,9881769
8758183,10455476
13491428,10202805
10058707,6680092
1314195,16045216
16730363,13542884
15250048,1701909
13722773,16239086
15637197,9694651
16444633,7142696
5250813,12273906
1747831,3974837
4078638,15085616
6744676,13280292
10048000,6943714
14339571,8483482
14082292,568056
787411,7992995
12649520,9192014
6507423,1783427
5390220,14164581
9319386,13154909
4397981,14770612
540871,2504789
13470599,8582070
15039730,14388094
7535472,12087145
1438969,6894943
16530554,3259160
11899799,1141757
594185,4475745
11587774,1794661
6021719,10234616
1447709,7884458
2890916,11598017
1459157,16636815
11411780,2729660
2510121,934738
12392379,5064181
4824009,11200936
3309721,14135658
16392118,10976185
3288247,1843432
13982930,8373178
3670461,8848932
12242610,8594016
4435392,12958240
9047678,168434
9566974,15801252
4735572,8871334
4837833,3370145
3511021,12734570
732357,14810490
12600825,10537724
5084610,11610503
11024416,9695518
6621374,1824838
398302,537661
6904849,864073
15738831,5798439
9475218,14156056
15709029,2095628
9095226,9850723
582362,6776570
594605,5776376
3497216,3053562
5372269,13880058
2692301,1106254
4633923,8922439
2725356,10686650
1220821,6865185
12742593,1934015
4223939,7684630
2997714,14375484
16535191,9437881
1256815,2697556
1987644,9448492
4541059,42922
11710286,12566386
15678202,12628710
9843134,12066175
15870359,398441
4922139,8879284
12048221,4960836
13886481,12126221
14404675,6085403
14843772,5468650
10007677,15626703
8812714,6822814
7429117,12337913
14037435,314581
8411448,8675687
16214394,11913592
854355,1058475
14345239,1783264
9698093,5911941
12970003,13690983
14361146,13186484
10569774,10568120
4508219,16625355
6517784,606378
13816618,2518794
11715500,14377468
196694,7813127
6009995,13705761
9290300,16059205
16388372,1914161
5406151,8497286
6919778,7745515
640603,5555373
6400483,5357966
1751843,109481
3117035,6913264
15036548,1285958
8994033,8314118
3582983,8441005
12132895,3335777
85073,2219290
7495355,256933
15772161,2686079
615282,1512683
8675481,14845233
4668004,15661664
5977905,8286983
16433125,16547794
6599743,12613637
6425885,5977093
6240034,9217032
7558966,11825796
5478046,8752947
4276910,4974739
6460809,10460973
7617194,3504941
12752278,1751402
9436682,15362854
8672798,12469344
344235,4530351
7372464,12598818
509778,5822580
2992872,6672790
11764900,9081404
13178220,3182278
16229679,15825675
9837246,1063187
3107560,2244460
12325055,9904851
4697283,6827025
7553942,9720356
8889221,8472680
14156274,7036314
7286535,15449589
12929793,11946522
1332038,11835806
9670206,15127199
16643368,14658439
15376855,7712729
1815917,1746050
13578598,12096657
2933421,8262752
13539422,13538594
2157061,7901130
5107945,7384884
9963968,16301293
2026921,568266
13093996,872773
5859942,15580165
12377853,6721436
2940828,6462468
5983455,11494047
1101003,1895325
5541605,12110892
2959270,420193
13224130,13972876
5624594,2123129
11266879,9305107
8114651,16646248
4012843,6943434
15142776,9787967
7862926,15599784
14293738,3100735
1967726,8148709
10873519,6643575
856353,16202765
7342234,4682362
11548492,16670718
4072229,9594658
14855730,6607505
7441554,623034
2206701,10514623
6041089,12496258
10432604,6414949
12594569,3140832
11057830,8290719
15938738,8869487
15457036,2648826
13895469,9502143
3002125,7631796
16775880,16281257
6640007,1844489
4847562,4869028
5712403,1588889
10807146,7063700
8869334,7556171
718460,15148922
13666557,9527617
1160644,3453302
15285589,4013957
4636331,536788
16518284,3334756
12720522,7405564
10477608,10675888
11000508,907722
7713495,11470015
2938055,13249938
1756952,7718847
8188176,13724475
15137804,9642793
6725531,6837536
3168429,1206257
6594480,8844314
14327364,2883107
3564924,12090727
14252422,15600120
475028,8511172
5460157,15981829
16720205,1323990
13033583,11261110
11794333,5924584
6289747,13117707
15305122,911563
2185968,6013938
149657,9712803
1475082,16768666
4527977,15847510
6683501,9805741
7425998,3764659
1580811,6369106
2110440,3827509
6947361,13472057
7524747,12990420
13038324,12676902
4752902,11790364
4830177,2236431
2823587,9237365
9065618,9591359
14895773,2954939
6049684,15218362
13779288,16436100
16021005,7908780
3654774,7572764
7132249,16656045
11134877,10313107
16553708,3898681
386776,2114802
4123258,8234872
6784290,16789379
2852565,11813615
3156937,12394729
10415282,5723341
11896092,8259745
6073048,12502995
11488589,11239835
7551560,11795365
949732,14397695
8426242,11464633
8651053,2940056
1646474,10680798
8289706,9586868
3604227,14369090
11153744,11093987
396095,11365589
8080560,11421635
15617057,13695474
67012,2927880
2190777,6532601
1503375,2376579
10461761,5549212
11826725,7720130
1104865,5051568
13449710,1562417
14678178,13453189
7903297,16793712
506491,10854048
14013356,6681597
13216637,2087307
2700338,2506219
7789688,5151160
8774255,7376846
3167986,11333094
7826174,11571043
3805780,1847978
6071740,6199061
13761837,9358690
6759860,12022755
12033070,9923978
8737459,2904588
5284708,14431335
3198844,8715126
7957258,4573497
9332818,14410846
8134428,7425790
9351171,15149409
15504474,6003263
13726396,7803820
822568,4510088
36607,2604187
10037911,11542030
7740868,15675462
11448916,8215790
15096165,13124554
6537584,9464057
13371922,8796090
4057068,4480377
10307972,15836880
3625178,15622784
15095742,10447444
11020184,2661678
5643360,10688515
3646920,14229553
12384782,2482951
7274612,15610091
14487311,3518635
11304538,5114731
8288760,3977709
16160271,1439561
6701762,7878637
11313634,2422090
3465397,1871938
9325228,15801210
2482395,3258452
8267429,12762508
10513898,12338707
1391235,12281852
1479632,15881444
7256887,15257184
15089090,13352312
6063458,4234608
14658642,13012118
9780005,9532588
348267,14849396
13560484,4610487
12949816,14694745
8032625,15651846
2183484,12796565
1352414,12602590
16111318,284208
12098469,7636861
6171018,7506054
10500854,6199841
2054746,14818736
4104078,8611079
5865465,5027777
10235330,8607661
6921469,8986548
11502588,5098827
9965450,13746918
9304875,2441545
4897313,14463932
14341513,12401902
4460769,8866713
8447833,11566110
5024791,14037353
13042441,1759694
16609881,16236556
6385941,854607
8789789,891248
7326332,154349
6421500,14756099
11797728,4925126
10906809,15130129
3082874,14927649
15122292,4616343
13391499,13311788
14624039,4662724
8267050,13094729
13234800,7654359
6300322,6790804
10152221,12651134
12432361,15660714
16596048,15911294
135769,9801478
16292788,15788236
14345728,4418388
15512838,16061278
14216979,10666126
14861191,3863025
7495091,201089
917935,8638547
14945122,4447336
8917087,1263453
4594384,12512711
7896911,9276362
13817949,4396111
11053685,2410937
4206818,1652304
2224111,14287475
5946008,715
1873871,10513556
15921821,13582247
1176441,10096526
2612338,1615192
5774097,7933050
5252010,9165879
2994286,8570856
15703992,1939291
9499145,16777215
309756,16215737
8671155,14546586
16715952,2044653
13580390,14476192
403667,14693441
11606114,4970908
1061578,2869189
6247550,14108271
13803086,9174126
7587819,14623696
1403441,9924780
14289558,12937686
4862039,15592816
11238647,23188
10637635,1094589
8735912,6691838
3813758,5167047
12285767,5878740
2162006,9153781
6957049,12683092
14392801,8915689
1528165,8924719
7989129,7416960
1949860,5795623
12627492,13965247
1417445,11010638
3814861,14023297
7764473,16176705
7146042,13145986
611469,12408632
8975726,7332008
1747609,963358
7796604,14095112
7204627,16496761
3600389,9707453
14739450,16776561
11899276,7321
5970730,5430409
14263182,597062
10898234,8980872
3155631,12016688
159109,2916562
13566421,1436536
7935582,14116217
13164144,15318586
4242371,16749467
2023357,4084261
7544111,5647433
12960699,14729537
8228936,5484467
16411055,5694617
8819912,2832624
5998773,8803432
11340973,2791054
359841,490724
15335320,13245839
2033216,5719056
1311949,6446943
7618929,15272169
9322933,2484408
5388732,5523686
957929,10196775
12177652,7457165
15224063,2940441
13169804,4681582
12091290,4832299
14397533,16725403
1622514,11730667
13941229,11199126
3548634,1610912
8985810,1689897
14537051,10254392
14641439,1927090
12332671,13093547
14512350,3608021
9324693,5219472
4390291,9755681
3216836,9405993
11290571,16368621
11700654,11576463
8962060,14213509
1789408,7056057
6547879,7238136
16344108,10537020
2020525,1131839
7765635,1049969
2922307,2746277
16157519,14669351
16178439,1952019
4014968,11803792
10231602,8247542
11971891,6904306
4488464,4798874
7268893,14994131
3760711,9280425
2618196,13144285
1732630,5109887
11770734,4493067
9416451,7776321
1796951,13549643
7138386,5815757
8950893,5164346
6758814,14935564
5583919,10081644
6340329,15873253
15097458,15528555
15718295,12837653
15276232,1372452
3593126,15867841
12724073,534692
6077967,11185465
4518173,13900310
5437775,14448061
11667902,502722
15574598,9033546
13296538,3652690
13629824,16154674
13726669,16200791
4369121,4762599
6097347,12758370
7222381,6781256
8570035,9157527
9690816,10909292
4916852,5398069
16573966,9460219
14699986,2422309
15337643,10476911
12029839,12765977
4968530,16464810
14133541,11396610
748299,6237595
14252095,967811
2472058,12255720
9648773,5538907
13192603,13757509
14772422,2648970
5630609,15766988
12605721,1630450
4254605,7870125
10342021,5961866
5204308,530386
15328946,4942264
1344818,11113995
16534427,12512828
11372028,695550
8423534,6736475
15742558,5178773
3053286,15255927
4061439,8990804
3902263,8269888
5493922,11446793
13159374,6772201
12760986,15169557
1059842,6753024
7840362,113251
551050,5743718
8773189,4831239
10827679,5255266
3785848,9255034
968903,4189039
204303,13371244
3332550,2483104
11640574,14140076
8659051,12989151
14013402,9159108
4959824,8711273
14191193,3178989
13917737,5836663
7110637,6208591
10365307,7588463
9335602,15219981
6256085,16310225
14713238,10337507
6860979,9666968
3824358,12473132
14199301,9485633
14320663,12495524
11209256,3223265
11293127,9380874
9644650,15475929
1891154,4798097
7776487,2138329
292854,15753702
7240534,1101917
7516522,1324656
4023901,5388332
4280431,7702308
16601070,5406702
3009717,6469920
16145752,3714650
267450,2550198
6122947,1135335
777293,13132193
12530354,11162518
11224345,2954264
11837390,9147159
14423899,7881221
7551235,4957078
13047907,16401340
6957834,14945383
9092881,3844738
13755691,12667214
2582695,1984208
6581997,5745341
328750,14327198
7683364,1694830
11455405,7005477
11735655,16143
12587646,7132287
14034548,5299064
14456241,8037301
7832211,11472929
16609173,9081825
6721818,387631
13050924,12797872
4361527,3261785
7918504,8755803
618130,14106692
802386,11929177
763152,16564545
16196484,12671335
6285419,11321879
378567,6389076
3680828,6153464
2074120,14945385
10383879,12392132
8282311,1868892
4409621,5103924
11227154,15359700
8720261,13198140
1319766,13818647
6485667,4070062
11108227,10627264
12449424,4310210
2105877,6569245
16327841,5856571
13278693,1559271
12133078,14030090
6367548,9585627
9443831,7053006
6607036,16693081
8479148,15084694
10649512,2737544
13146327,9582322
13129757,14552206
15303975,982199
173522,2989317
1491042,10123584
11093025,8456359
7468811,9877880
9587232,10409165
366943,16273349
959570,9886813
14236681,10660257
1534994,1345038
6672218,4900408
16342310,16574043
7492404,43073
3026611,6699040
8152779,9447558
10672946,12778028
3021289,7976372
1429183,14184201
12596091,1212786
16135752,9516611
3470034,9181001
1714170,9977349
12752818,6098869
4172773,9412578
16141857,10625096
12664354,6091570
4697028,2609877
1480952,5124063
4993464,2442018
14991593,16462842
16386079,14131309
6995580,9132512
7204845,11628975
7727866,8928330
1932279,3514938
9065370,1782839
6370525,6633707
5429726,11606704
8953760,9621279
9622044,3560243
1286350,12700438
3516738,2936414
13922391,15400467
12180668,3712970
13740591,5119790
2874959,8549924
15250451,9627297
8331629,16035051
5276605,13913908
10333745,2530585
7962247,2735743
3323671,16578322
6919164,1641233
14951222,16016368
1048068,673109
5691783,5366200
13284605,9882861
3896524,6251206
2438126,3409334
3225971,5828099
4071742,5836554
1417940,14836020
1335288,15972908
15063694,9727485
1691479,11961270
5293742,14557971
4134628,1121127
15734915,16536432
2254347,9237816
680261,558550
9212530,4360927
15533864,9460046
8834995,6943162
8656907,3319856
13788593,6166336
7735809,6705667
8703063,11123171
7249926,3144966
16375092,6046185
5025779,14529809
390424,3177415
16748818,1714765
16739345,14396044
16382236,15172638
14826957,5010833
12421825,6278677
4666002,1821778
1812388,13233017
10074895,15019872
11367976,10037704
7552127,6034367
15927843,2702978
5411242,12641812
980246,7982189
13753721,4480684
3052691,6872970
6831666,13788488
13091061,8348500
6905108,9279692
2416041,12442009
2661163,9888922
15004422,14407432
7785689,2484705
10454428,9915942
7346493,6585611
10216728,7554156
5646286,10108996
6497969,11978532
16508767,14713382
10879115,11963355
15626807,546209
14066109,6858513
12138076,6264061
1064913,3960513
3768503,5524645
15182859,7753735
12490572,11031152
3762903,1395059
14073838,8162851
111433,1210743
1440879,5712758
5464261,3236898
16530120,5758903
13121565,4293017
4134047,15327730
3593955,7435001
9650755,3211001
10281856,7410036
13337358,11131530
15497017,15309316
14535867,1439499
13659443,7227769
1792950,3970612
4750270,6264582
2448854,9996496
10699713,13602960
4849954,1650758
16273589,14355468
467813,12143811
2130140,10506088
701949,4818441
5181329,15805406
7108679,11924455
1325344,13359107
4691459,8964581
14046280,3946141
12202592,12571390
15691023,12178174
5914594,13765299
8767607,2168621
9647046,14108764
7912968,15937520
6240244,10246077
14420615,14825940
6657851,8167854
6886097,1994528
1515193,1133146
7893833,11772419
10345871,4865249
952992,5388519
14525958,2478789
16110947,6879294
7512096,2854778
4328248,10922306
1379375,16654692
136373,3306286
14545418,7556070
3323455,1287418
1605162,6453102
7430765,16301645
3562152,9488834
6549251,7962460
4224354,2722276
16484240,10940253
13957214,11605286
16404994,9081513
13192009,15159076
8888322,12134063
5649068,16541994
553685,14125295
3794295,3534617
6552047,10822012
15564705,2795754
3817660,12683948
12186495,14048976
14652539,302937
9033440,6999792
10653895,6759422
15627414,13082153
15985031,9131438
10534395,8381058
6191166,13046460
6513912,9939598
1368903,9393618
9691472,3757135
9121023,13846579
1566655,15412592
9186497,13837113
16393162,5797039
4942519,11531243
6933606,843424
1693354,12280444
15169146,7343892
1652470,875648
3989492,12475537
9758531,7250978
9429563,5250612
9357811,16064537
11658797,9050148
10260429,4834274
14607640,12271942
864438,5546050
9906745,15453351
3923183,2755475
8570159,5580456
6304386,3510543
3448981,12723386
7184050,14618332
4703525,4829418
9889658,16367740
2247329,455785
9751877,4183075
12176015,6895991
6685869,14023570
15680950,15472159
13549127,6376493
7986812,14124687
16029286,14176907
4684994,13612670
2145946,6229816
2408255,7319678
12401482,16129176
16082748,767941
2041826,2532519
6779810,13409894
104265,1043366
14438231,5658723
12870010,5297290
4398496,14005582
8494414,7455651
13280063,7634034
13805722,7239208
6165305,12142082
8018104,13577738
13712238,12787352
3791360,13696279
3123470,8686159
16135692,2252990
2093550,11800467
10657683,9951510
8687256,11448916
4754038,12583572
2424268,4343109
142487,2226865
15075352,8864243
5501734,7550403
4234314,3887444
12292955,10155869
4119432,11624361
7963894,148771
10383289,1928570
8742884,8087627
14524776,8953400
9269412,10648689
9787987,5663033
6237123,10410544
2530799,3991188
6729061,12010613
6075789,2801415
11373073,7091755
150437,875422
7161910,11253165
15929509,11496039
662399,8527516
3623021,6061437
3768696,2278033
4288765,9925704
9187123,8635548
16597869,10461997
10952392,16245930
6519995,42605
3957628,1848705
980556,1606320
15740830,3136426
8649767,14721303
7476217,11549346
6565760,2165914
2951346,3934874
4735110,11055191
7926538,15161424
13611328,3966916
6889127,4180383
10660530,15780001
6811983,7110049
13626102,1730743
6276125,4756347
3814184,12191738
12356106,10406856
10913904,15861145
14989146,13539942
5595755,3394767
13005518,14780970
6214169,7402652
10715397,10901261
9493457,13654544
12994510,14671793
10318354,13308608
13116438,5834911
9398513,4328490
857322,12647714
11751188,13368799
13443887,998348
20689,1561047
4418312,11348383
2709154,13346671
7847682,10151243
5429063,13173755
8101832,16790552
2318166,5398757
3261577,3390819
1503184,2894678
13586516,9215029
1753171,1194034
4411068,13428666
16251005,8781576
4667909,12473223
293832,15893562
15088294,15942038
1799356,1429958
6442103,3057651
6927807,4812788
11854941,6141611
3946535,13449474
7428839,3779987
15656824,6661636
7364498,14907036
355652,6196768
564387,8847882
4584912,15146713
4694929,13504742
8062413,15303047
6798594,12237670
12430916,6250246
5447988,11425719
10669244,9868995
13088567,9139516
15284596,3377053
10754705,4454352
11304339,11372009
5978838,6180600
9086694,16562094
1617333,726015
7286735,9708180
13042989,16551802
12616189,16597727
5001111,2446914
11415134,4496623
9817562,7465494
2831568,15827789
13793762,9431708
1401203,3912022
14585251,14808105
12601299,909771
16591170,2675617
741097,5524419
10244909,14821389
6908890,12665887
3835484,1429920
2392819,14496783
10787538,6202882
9966063,11020554
12120828,9343546
742893,4786586
11306117,2525956
11928575,12853072
8508862,13592065
2572104,2580904
8420995,3585728
11440528,13677946
14481069,3157829
13866453,1634695
15198419,5448512
2274978,2931319
4571296,13043969
9501040,8812318
12385708,12082627
3514533,13332712
8321344,10169661
14715070,12453162
14186916,13017542
9987300,1793558
16456565,14920361
6115169,8896433
8026580,9066204
8757930,13244011
13226295,7271604
5272028,15770012
5641540,4033969
10185423,4728069
8689500,11222973
11166122,8644379
14877765,3680123
16091265,15022946
881308,5612950
1040710,12617582
11200875,8320541
6184174,7148983
7646987,6595201
3038132,16394868
10459809,15353362
16630430,12370432
13714060,7532075
12238784,11448843
13447413,3729676
320292,2998319
2636007,8881220
7371878,15788519
6332757,4114350
6825759,1131459
11901329,5757826
12568362,16647734
745049,464177
10552455,4156960
2333489,14214561
12356593,15778539
3704585,9214990
2893467,763509
6759256,4219522
936958,373597
16651930,991286
12128942,12073172
3931433,3717218
4018210,3398877
1679420,6634673
15729680,13918798
13934582,15771034
4789060,5200835
1559000,2866658
4014551,9477641
7051219,6704901
10262,466840
7913036,4252535
13933424,677288
2942664,8694090
15211263,10940101
1411131,16374881
7601113,2135337
1357415,5149046
13053133,1986620
2990451,6137662
14661020,6205507
10495596,1751674
10441835,11943667
2261487,9330571
15274277,15823642
9260589,7762020
16782944,13334439
2985184,1500459
15866115,10675829
13860246,589293
12844645,6865792
5103270,5034119
14590875,1414115
4727096,14679519
1949779,15837897
9403930,16066686
10093599,14377723
4028854,4768513
11857489,10193599
1088310,11021751
8903621,8332167
14775390,8105928
10508564,5678669
2338033,15836783
4041633,11876787
6339465,15703878
8088118,2602578
6814294,5332595
12312758,11492561
5877477,4657892
426253,15308230
16290693,6980523
11876925,14079856
13013022,6386046
2021796,11458467
15849188,12515151
7108676,12005901
136334,4106876
14350484,10090012
10667807,10017926
12202226,2115182
11270477,1588179
322221,677378
11473323,14797761
5366449,364316
8398794,4011576
13886113,249772
5472880,8034066
11096844,2686334
8805421,10064616
11498308,11539361
14288974,15528611
2932249,8684108
16214359,8019535
1351523,5604470
12716941,12716925
4290009,11590336
2771914,4271755
11794511,16383437
6927875,4979776
16071024,14360369
11481375,15743754
7666494,4426531
2815062,9127795
4336564,7162106
4743137,1294823
4905460,10537119
2958055,4227376
7655433,12257010
2926019,13042881
2148063,15026702
5448028,7134201
14675644,8836338
15368478,10349337
4284620,12360142
15498785,14207881
3973916,8191594
2911496,16503174
11044437,10863670
13017168,6837281
10002649,14369202
2972761,6299070
6733642,9338606
7756458,13508654
12065593,5735816
4090409,2535137
2494177,16393176
8388907,6396853
1543234,16128295
6419548,4684516
10533480,6760080
4969773,1870348
14202665,719419
2225990,4766375
3267533,6016565
15394597,6432221
2409552,7937272
7064730,8717066
13049795,13544938
1569754,13914417
6994357,178032
8931539,10731011
3488248,4477477
7466497,9261687
16119415,10900145
6539652,8325110
15321342,6552143
5185776,15840266
6893719,11563923
16685680,3203512
9805585,13193285
12307278,7447961
11039540,14640505
12704064,7095579
5804412,8658708
4698827,4796502
729499,6649965
14975835,301204
1304843,15527350
1615526,7445416
4505988,9253381
4098215,211127
3514023,15765876
4833398,9956659
9844408,9066720
10675073,3600533
5484819,9161343
10987462,734023
15612681,9399232
8055660,8955410
9162203,7621570
15827658,14186685
14411361,10947522
15566882,4767522
13966946,12152594
10232512,13971373
4590297,15694460
9368545,5953939
14167632,9322707
16311231,7905645
6413763,11633634
620536,12665317
16083146,6357405
1602308,2947785
5096254,8368511
8382613,10342640
14362163,1326121
6222710,16462340
10552195,7721593
10146101,9861056
2157492,9103570
11286411,15347396
14159197,3094276
9725933,16276541
416465,909342
11330228,1044085
12739302,13145845
5106264,5587224
13699617,9986958
10031291,13936339
7717217,12934699
11789799,9138526
1808672,9236450
4164919,10849642
1175324,692429
749594,10914725
4610686,2046446
12055503,175175
10176925,381568
2233501,9163342
7428,6360427
15763581,1561415
14476358,1330192
13848309,5261575
987763,13712572
15550865,8356198
11691185,7258602
3960702,3758294
8364153,2772609
11811788,13951258
11820550,3052369
15885444,16237480
6536666,8809581
10230706,12710192
12116823,370141
5369971,2367477
233529,8425810
15125204,11651956
9726475,11173546
4714837,2638448
3746068,14519550
4101764,13300948
12339870,1517843
14801654,4140073
1294361,7290781
9021316,14388361
5052243,12301701
15546586,8510135
9074817,8641053
14767161,3450103
15011317,2244806
8857092,5340132
6948523,5963636
6158486,1357296
16716529,9025363
11481321,15819848
16166509,16134139
11502111,10250549
15828473,8067763
6131582,299572
7222118,16134334
15001868,8134384
209215,9257477
13331743,1229462
674617,8811246
1928606,11266916
13226802,4778514
10168374,15531964
4385482,11086371
11078295,4868766
3085181,13246985
181391,5831859
10701684,7659534
8472092,16660661
5333549,725698
6459360,4963655
5262306,8320453
4464234,95734
5658753,8500488
5685926,16780800
15628991,16538643
9011739,3855801
16105338,8345738
10697600,5517439
2400274,2504968
16054590,15394233
13464051,3909974
2976571,5169818
11564521,10448600
2179097,12866239
4592896,15600896
14657971,8582679
7376833,10796193
13433039,8640854
3207166,12795349
11032537,13572734
8834329,13467221
13590025,9933619
3158605,204879
14167939,9034895
2976492,5386756
10767026,1755223
8055624,14346251
447462,9292578
7532403,3302432
10919217,12292619
10676066,15531956
8962653,14104970
11784848,13342892
12297110,176216
4480705,376808
5039691,12396658
13077189,7382551
14695719,12848157
8526301,6598781
3067090,10230546
2730127,1714369
3773593,15193070
6772549,5057347
10076574,879389
12728567,11209124
14419605,12683832
9486888,16536101
10136935,8483109
2051882,12375953
10207219,14586135
8365388,7096190
12907890,1447202
1645413,1807285
5389219,16681577
9266861,13947202
2506760,13095360
766179,14626082
10439092,1458572
4806162,1171146
15735784,10235728
438126,218293
13840696,7854323
14815507,13022974
8661362,6970731
10299455,15790755
13845287,9326388
13568194,13245504
11305132,16229068
5740107,7104954
16183,16134758
13361719,8372233
16026640,9398551
6450778,10182965
13181298,2439898
11923768,14948811
4623105,13435790
13910187,9648867
2303215,12307403
2396689,13376208
7029587,15631751
134824,5024330
13388587,2983506
4475754,7031952
13907663,2533708
10618831,7248140
6852211,7377916
13769581,653171
10232017,12786971
3803540,8013364
1470453,15272740
14353046,1229865
426801,3097214
11692752,6314955
8959371,14267809
2447795,3307731
10319868,9625680
10264503,2617849
398684,1224802
8215085,12846735
11225380,11931613
15528661,15017656
4328191,349154
7470870,1466964
16451699,2110758
3000323,7546717
4581115,14675630
15523668,12703434
12804178,14151287
9606921,11917285
13672968,906582
15655205,11954835
13851626,4492464
6929436,7426763
13497174,846665
3399895,10255644
6554580,8268243
7519982,13690208
11008300,15830664
13539506,2015645
3395904,12297587
3845806,1131245
6563734,13307988
3591055,7340952
4442418,3381377
13795520,2512129
5765316,14093456
15103160,6347716
4811658,615758
14364541,12062593
1559345,13405836
12116818,4292147
12445026,8728240
5164105,6579500
13848334,1595499
8423579,12592941
520456,2727960
8727504,15576641
11328266,6571069
6205487,9797188
14415416,9577413
16514432,15401408
15472666,15099261
10020289,1464566
2470040,5846645
11520432,14763670
6010513,6828591
7946829,2398328
4801221,7234115
12114368,456753
438134,9714903
3138451,4171519
889836,15341413
11321648,4170045
10892521,9651570
10596709,6365518
5418274,7730898
950972,6676643
11331502,2237455
3342843,3256901
9626737,14952547
13933610,15825581
2956337,1485871
16476223,11425482
12448619,4524577
4819870,8704861
340125,5409121
775268,13719117
12553772,10932094
10353701,3684510
15908876,6520511
2737905,14967594
4719447,1535078
10566118,8148120
5166901,7779793
10837660,8689757
10788848,778508
1581788,8077058
3225902,2373770
8238022,6633322
9913282,90448
3051262,13882783
1844018,16425181
10582668,2036820
3575551,6354094
10793290,14281541
252026,6168510
6889546,13495957
7468178,854968
147253,4916191
15335842,4247578
3129191,14166446
746326,6880439
5701466,3568755
3315899,3693332
4546111,4380317
5112814,3889575
13186087,16292657
11802899,12047127
8678234,15034180
10018409,4138181
15468798,10882091
15916151,10187945
5569929,11543939
15226042,16011785
15624268,15210921
8629156,2277845
6856399,2829314
12203166,558249
3784556,5604537
6630035,16108749
177675,7813801
8795351,6519188
12894445,1945092
13756640,6060019
13420550,9503560
7376064,7180858
7785486,710221
11403411,3403751
10825071,3286543
6135114,13340805
6334109,13403202
6377463,8415872
11317851,8514693
14740388,7470656
8403515,11769177
5638631,10612255
11050693,1787813
5103572,12876234
10396599,8424632
6404000,883981
8245492,6542371
6767065,13412099
10524678,4071443
8797716,9238614
13928694,10810700
10397357,11277900
1992019,12707752
15137634,13777427
14532497,6192708
14592426,4797992
8881127,13005754
11692596,4203800
14581490,7066624
1229393,6648797
10660246,6602404
7214897,6881852
15720241,803706
5277029,7513776
839935,3807337
6840479,9640473
8104171,8663963
12354727,12189472
7835281,2884675
14376818,10402775
15725765,2716418
2974298,15344915
12701690,15621130
8902911,7814558
11110586,15719540
10039057,10009856
15665294,13719357
1798654,1514264
12422139,9811492
11541920,14834420
9170733,13623537
15666193,4617765
13618669,12176588
14158451,12851307
7413856,8338192
13716,15149684
6174059,837943
13377813,9593677
9163186,8554471
1264787,2978572
13510491,16081621
4102828,7482752
1427006,5157516
5329880,15904753
1840610,2225980
16090379,5278991
12595104,12272841
3290121,16653786
11883025,16519199
11891506,1965891
15357271,3276831
13767275,12659457
2955720,15574633
14992609,8854420
3165532,8728368
13539132,14897817
11556241,5763919
1724387,3201627
540864,2953614
1183981,12193810
14459638,10734308
2747871,14743312
2226698,12765474
4222205,15301803
6177608,5145007
3645492,9623426
15949062,9266421
8116085,8914072
957411,647772
14198265,16212775
10826843,11624074
12006363,13868188
8262924,8549950
14763885,10146934
10197155,3309435
16550702,10868156
9245879,14735666
3403754,10191852
4278780,13531884
13044269,8945959
11298095,2432466
8406973,11115115
7991756,10396509
6258760,12676459
1852007,13105685
606357,9898572
2168672,3368861
12537788,599666
3967289,11197963
11171016,11531930
288603,14690068
12911965,13782698
12935157,6312698
8433462,10471006
11551465,211233
3866718,14877827
8217408,11227458
16403095,2595882
12673726,11457793
12936964,1046234
170654,12448215
283952,6167106
15907399,11170181
15161036,3995231
13936826,3019479
1282,12931619
1805481,4548501
4266273,3598712
7792849,10372620
15595797,10067032
15470860,7933395
11693889,12942088
8069009,6705644
8099086,13518573
13820038,12241187
9509603,300217
11275092,3971183
3470547,11529970
16094896,1948642
9793056,14778133
9173710,5469338
366749,15861860
11757978,7637929
7020197,2619434
15489096,9922785
16327122,3205126
7688721,2854773
16683162,8824797
8862403,1288797
8834258,4572485
16351663,3200202
1015266,10583816
12453884,3056048
6905094,2878355
14985638,7231091
2904036,9877179
1570540,11726411
4125037,479303
9213006,2408767
7728929,11715387
3388331,7328481
14552502,4819014
7803399,2909646
6249681,10834645
14988295,11965330
9992521,200895
9687027,513476
15780107,4822501
527191,4215574
10499490,9857264
15063195,11699530
4583376,10009811
10090153,14727727
12777026,340279
14038765,14406119
14067618,3506847
13590037,5627458
5391765,15948979
10879264,8343059
14484875,7337745
731283,6804236
2057742,9575270
2437431,13250573
11799883,15816305
11762483,15445029
9684529,11485025
6622880,16679002
2728678,1018755
4671595,9053093
3559394,8323074
2987129,9120024
5634475,6531269
8337899,8990924
2440267,2574313
5162197,16239784
12699647,11149705
13736511,713276
1873240,9522784
11685871,3634469
12764886,13727976
1582624,16758069
1347807,12258456
14337529,8259840
12005185,495000
9004371,13036842
2682334,5760181
8993510,5364999
450397,12907079
6515261,732785
5350063,1264412
14162475,6408179
14332826,11288162
4582165,1216737
5907816,12173439
13179168,1178920
9034069,4698280
9521334,15459916
13721179,15146218
8354473,13328085
2919935,15154387
2379488,4236182
5475576,11148321
9681671,10125318
15013734,1543452
6543596,7511539
11932348,3023367
839687,881938
1245065,16286148
6494011,9021980
2222106,9499682
9188566,845179
3514139,12985409
7523499,15104866
5395972,2190421
14137107,4127966
12692582,2141031
15547642,16061921
8436465,14188420
7920366,3881715
7404239,13413842
1578372,523980
16438746,1210613
629421,11597637
15317862,15643262
5251713,2157447
1164027,10028967
6581881,5000588
1864993,7361069
1933120,10614283
16343205,11415345
8493879,11711075
9840994,9056497
12630593,6725387
16447632,8657514
16178930,170369
567491,15510119
4564815,7803647
6199230,3714797
10678123,7955804
547468,13466809
4252410,4864455
13102124,8497075
9672638,9234121
10217689,13965936
5680330,8268690
4133359,10581014
4108147,11679074
1266992,13128503
5670109,510607
11257886,11655867
9799546,15230224
10971280,8857066
11555843,10654954
15197188,8782620
2141392,14761226
10594373,16188953
10625867,8423926
3436031,11103259
14918241,340984
11475208,12472931
2128606,16346600
11665753,7360333
3509688,7667549
11323597,3884450
3673362,10501157
5049559,6816323
10967727,3047809
10682022,1458014
6311901,2864024
15277352,14206032
8031223,4131406
11052430,4664190
2749338,10642693
8901956,8336971
1028000,3626870
14453753,2424130
11400787,7814587
9869516,5609260
8516822,12214585
11612900,13715021
14173343,15702504
1665346,11954830
13017396,13089429
7996146,155966
14403281,9151477
15575965,2746622
10773816,13664963
6749557,13303537
11550609,2240562
4817366,904828
11175129,2974136
11239041,10412837
6883383,8445137
10732122,8718781
970023,1236739
6499144,10389560
11359144,12317403
15642976,6123096
14803616,2068666
3387939,6817086
4269358,16608932
1936195,1403048
12523803,9823312
16391548,9728616
11851254,2684715
13348821,11250120
13003231,1909116
12038944,5531844
10491121,5236900
9558410,3840839
1972488,10156092
15887879,13624784
5143178,4944699
2688430,16039889
1854755,15297647
8798398,13270710
8232151,6662642
5049755,1550029
10138787,4743889
9556690,9166774
2894683,11100154
539216,12885501
5250314,7414906
4618614,11414113
12799865,6854848
7095682,12299179
4507675,16460618
11694873,3867244
54180,2898071
10289239,13657604
5098940,74852
6504751,11290814
3660122,9239860
10117196,11845006
9921582,1252735
10479415,8812422
11193476,11180463
531765,15068537
7856182,2331755
16613960,649756
2241280,9017678
15598988,3234631
11850754,12750488
6706307,5775289
1837742,16560337
9244091,13637595
12170572,4854672
10710123,16080843
3617283,13000184
4451056,4631985
7793588,11877758
3171517,15817003
3244922,10839235
2474449,7615430
2962225,3434247
12665526,8110565
2768229,12182258
16034267,2189864
15409030,4224303
13141065,7729952
861752,12297140
2368597,12351014
108616,9708145
291580,13149985
4806308,2152756
14518472,3118054
15196055,16057762
7552060,4698475
4032738,2060783
4567111,2775173
766465,16683265
11758698,9481705
4101485,13439274
12121589,12173043
14608549,9139474
8275112,13626987
11197723,7216357
9712357,13893009
10460408,16468959
15866544,11688890
3909406,7270601
12097169,7113940
7814545,5758216
15487125,16192627
15243943,7383132
15231435,7830061
2593527,2555814
2004615,1511598
1230126,11429462
3525013,3187611
13955843,4282146
5952407,3111127
2931221,8397958
6368898,8287160
2590263,9134876
15273513,16526423
12176154,11866647
10906567,3825649
13130783,15973345
11621580,1427823
3752042,8629902
127028,3218441
8502951,8789181
16006768,14648399
11775985,4182921
5440203,3995076
16544404,3628554
14746341,6419852
919276,6512386
1735060,5272796
4453106,14637430
13888999,13945574
5306426,9970106
15937481,6518568
1702459,3629034
5798469,108237
13142930,5408450
5894236,7903738
14992360,13924843
15185619,11990928
8116583,6653821
8023428,9762433
2688156,5992577
5194987,11456609
6453290,4332506
14660775,9681578
169292,6616723
15783081,2702962
5946814,3025105
8878962,6272635
213913,5038500
9220872,9554491
8655164,6754861
9112554,13329839
5757821,6067923
15538516,9279553
11646901,5008965
6838359,13115327
10719361,13958684
2057376,12891545
3588750,2817004
11448701,1848726
11815321,15812756
7971354,895702
9745983,6875842
1905954,7158727
14468361,5485893
2744925,5044557
2051550,8364967
4914955,9760004
6535984,16732735
4134157,3763628
5789374,9787001
13200111,253852
2496319,8047693
11376226,4232689
14595945,14604225
10002486,4476863
8176688,3430098
12501606,7688728
369442,1928597
8042778,10760378
9577946,10713119
1720154,673006
8152503,5609383
15671129,1625340
8510790,2899253
4721542,15802379
2208159,15378436
16519605,11949174
15124672,4082132
13872706,5122361
1544995,4942593
136331,6254655
2259485,6075413
2671493,8973365
5674367,10245546
14608364,11572466
13023429,4676602
15146000,2524097
12978901,1497411
2854563,11406575
6427678,7999384
14144881,1070577
573918,15637007
3898751,15644859
13916340,5129647
6827282,3159398
15678580,12617586
112655,7701161
7104245,5341198
4890956,15206600
5149261,10308842
4710435,12910524
6837355,6165882
14954880,1451854
13942336,5558936
2603452,2916204
12867474,14768695
15512031,15177664
3119694,4844464
1116547,9290921
14761603,4004573
6637901,4781104
6724421,6641868
15277350,997191
4270612,5183462
15059671,11647756
9009335,13055497
3486989,8723826
2434952,2134710
12540544,14015664
10502598,15946817
5103901,1632967
2689705,4208072
12493793,16215547
71760,14585238
1241166,7136289
947211,1323640
14797611,1024532
15899685,6959296
5277689,6517732
3371567,6473018
5972498,9113136
13029582,1091045
15917383,6492568
9079518,2219583
6262371,7635734
6433807,1683729
532566,6443637
12896831,3857282
10050770,635464
129145,6439049
3330574,11739963
2852415,6035750
16267069,15677669
1101098,3208649
11417746,16615022
9629467,12003098
2398702,4692237
4386731,14151723
1450416,15699509
779228,423797
16689983,9222855
630431,12488782
14586330,6303399
4274677,4608963
1014574,1368539
9721996,16571539
459285,2638889
7078087,11135901
16215995,9105454
8983452,4898357
7082391,14908550
14195234,702218
1307787,13527311
12896220,5209106
12636413,10290319
15912018,4016982
16056198,12434428
2147749,10207937
10299237,16238774
10355006,4478316
10439343,5351543
16169538,7884425
10241925,2790380
1225430,14291168
9606273,15904427
10972412,5745716
4507554,1197925
11847216,16421032
9309330,12957168
11917181,4108180
4987164,10016472
3697290,2411014
12888913,1403481
818642,9822443
14145913,2211934
1922139,10716050
10799569,3390190
4878471,14434611
7159476,7363257
12766398,3344114
10367702,13336148
9274580,8664206
13459612,473197
16260650,1743995
10377506,14459560
3001898,10335928
411566,12572665
8824939,12663072
8775803,16100295
8666488,4714327
12892040,9927753
3190818,2712977
16484330,12617927
11345361,14777141
8884982,16080433
8946846,8736464
5237224,8851090
8675964,4375774
10604491,9284598
5003805,6016677
3777697,10528634
5488675,10988322
2493553,16721647
8053796,12354111
12140845,8949093
4607277,14057364
15446085,16589721
7385466,4387303
4387591,10462701
10410387,6489577
13896069,9816665
10724418,1925005
11267210,555291
1159811,3062680
2533785,8689209
7822848,6603940
13291365,15607
6188506,262145
15480388,2560615
3648256,9911618
2021638,1525026
1334327,6316702
15348954,11944278
3539160,8907718
370627,3087990
1827925,11246822
2450967,15852077
7317937,6862742
7624564,2758012
14637748,3174989
10056015,12879087
184778,12727733
13228980,64580
9953486,14371696
12136865,8248563
8484733,16273489
11452451,9084959
11272479,5328534
1471136,5104823
12611984,14176395
15920914,4284346
11113204,13785606
14548456,12307374
10710735,3903954
15591605,4194665
3824443,6002504
11373329,15496931
16498296,4906110
13754134,15124426
3189541,12242070
6780603,15089757
14924831,12561034
11170446,10064915
11809579,14390826
6966003,3520903
1453544,914146
8515087,15381323
10231749,6430159
1234940,3091695
15154067,10323023
1597013,7353767
2649470,4621302
535100,2854790
11413937,4088861
14583464,1690059
1166030,2710500
3994218,1844918
15961325,8108118
5860022,3171138
15899329,11285817
10485812,14088177
15979640,7719758
11536294,14025466
8427893,10155667
16714129,6086266
2614013,5487061
1563690,9163876
8464264,7784275
690808,3944204
11772243,14853514
1846867,16611271
10925467,3943756
1920092,10466633
4870351,5667940
4597095,13944509
7621644,7753488
15635980,1102397
958224,12914938
12428987,10978593
1892869,7005790
15837100,7899376
14632515,13788969
8353301,6870864
1496004,13750922
451826,10264217
13983524,5535125
2894859,4801266
1759749,6986154
164384,13988346
10815405,6116264
8597904,1957025
12755273,11560029
3396914,13539303
2098250,6536505
8733987,9077064
9506771,15249119
3884537,10822168
3691723,6230131
5690332,15703552
9560170,12531454
13880019,12924001
10753756,14107351
6194387,3700063
5892536,9999877
15844677,5621565
15698922,12694426
5562730,9359539
3686374,4988633
15252233,10655940
9067522,11064910
4362643,9210886
12071458,5155271
3969456,15883794
11975491,417569
4324762,11748934
16012572,6628689
1042746,9016025
12825773,2296908
10468369,4740429
2917174,11691770
4508101,12399884
1820896,1058623
12691794,13249877
14082263,15192653
13839005,15060134
5045787,9350677
2270341,1099542
9109782,16363733
9008513,146019
13205700,6441619
5701786,2192025
15377908,5463123
1353766,5706282
3284058,9785977
15924194,15131596
15408337,9009184
15959230,11544625
11984639,11241040
4947200,7319357
4916006,7374068
3797303,15225163
9404451,3363299
12117157,16287830
16596904,15769173
16611204,6179466
13488836,5548955
9489915,13353668
13784316,14278856
1102776,16123576
14965062,5604994
15921110,193749
7834980,12398814
3493739,3349725
4217414,14474016
15860365,15129368
6771573,8984121
6999536,16089166
10332046,12274816
4501370,10932994
7266493,10418665
1071705,7948347
11705889,11973726
7135569,9764298
5226746,3933956
14720643,578848
3223524,452064
781498,2040994
5690310,8178765
8129502,12253822
4755170,7575474
7104074,4169082
16113250,7631635
15550545,14516757
15275940,9646935
8457490,14841962
12106804,11512301
13942030,4337194
11570434,11410263
13506091,2653514
10029339,10020193
13313028,6485022
13103558,7342545
9551237,3615665
1519377,286003
9190324,13281064
15367584,186453
137518,12007325
11938659,6190650
2815111,15327980
6025345,13281619
1938394,4739192
10980913,10441479
15282257,16078910
2867658,8266492
6181673,11899200
11890,12981656
7979078,11694665
5709749,14623795
389935,6522295
13960546,14699730
13681240,14533154
11312971,13593579
11551984,14853532
14197011,7491213
7128024,14256386
12630629,2904237
3627361,11627309
14423128,9852252
5406009,14412130
14585530,8352385
8549006,14973623
10454177,10093847
14668303,6263678
8545850,8118951
2772968,4011861
11927025,3723690
15197883,3985244
4978424,2661255
13043052,5434162
4862265,8852734
8115610,978041
11688931,4728117
7032657,1275668
1658866,13593379
11066106,7760696
4816729,1581115
14816704,2581282
612798,15889989
10042976,837053
11386377,8248240
11685888,1672162
2495675,6441848
1617327,9237414
6844111,8145308
3538449,11082369
2694733,7418688
8097356,2272678
8908008,15966508
14479965,12141081
1936764,10947930
14398221,3241467
16771750,4151382
7518699,12365141
5826911,11135984
12417444,5169748
9889050,9845287
1819936,8295055
8429393,6445686
12258908,3311907
11257501,4711819
6707084,2009612
10457079,12047677
5514453,6845883
7256033,823981
6966958,3607612
8176195,9442499
11726327,14733055
14590933,12916415
6773861,1623520
6295055,16470069
15453964,2172222
12473763,3195960
11471752,5894952
1138519,9079472
8703486,10024201
7337887,10435539
10380756,2417911
4997645,7477455
16344323,2254273
14575872,14709676
5516769,1281042
9382207,12748977
9025969,8296727
1414031,7411888
15685408,3770670
2594061,7710290
2677031,9777628
5360249,1058203
2697298,10363283
12872221,1879447
1056085,11554136
4170990,6009877
9091098,3513641
15641725,11754124
11862582,11545855
15053817,4662979
10084103,7066871
14727876,11294807
9432518,3330623
11526028,15539866
3336716,8275555
3713839,788550
13717485,13313137
2790617,13641192
6641012,9212390
12054066,4405985
7310702,1769816
7496475,5537237
4264901,8406325
464007,13707918
1881451,6222763
8093594,1624138
3512671,16590152
6340340,6691740
3654090,11567008
10832551,7920437
8122841,7271715
13873596,1114383
14635438,7764604
176844,11243731
7862539,2198450
14759464,12439131
11385848,2787702
12995913,4718491
2282282,4094221
15165952,3959972
11722481,10715792
6417292,6298931
2889421,13924078
7181222,10193521
9180963,16623837
14698623,1356273
3091484,10784879
14258530,8586085
12946871,15499854
12838892,5434360
5738904,3000074
712081,5812629
5201806,8131920
6414021,15846761
721836,14101678
6595786,7768114
9813371,745902
4444189,3268073
12484409,144671
9049953,5811424
11125640,11739851
630311,15851672
10746521,2349408
3386609,13631812
925076,2406162
9615075,9068701
5214296,8364859
16173903,3707535
1491855,9055339
13287008,10239321
5347202,5022132
15700951,14988919
15312622,4210308
10769389,9646415
15812911,1925350
11372255,8913458
15679250,8713070
9283008,2885090
7033681,14683663
11714015,12987714
5563483,5075191
13100155,2719021
8910343,5049719
1684551,12520323
9646912,5370814
8309183,5231038
6783615,11079199
7273641,15830078
12823993,3024880
2145749,13086779
12091555,10305952
187007,10979140
1251775,10752458
3397606,361051
11518731,15709095
9343313,3007635
7216467,4316580
2026130,8115315
15879074,9625746
11413875,9272249
1065222,5032445
13592648,1547123
1079661,10886083
2536115,5581987
12076096,11904033
1140050,11702661
6221007,12229583
3290804,622790
10767060,11568045
11159015,4527767
3709611,2568570
5067699,15689069
16019326,377998
3046299,2204114
167011,15883500
8580216,13076297
7665265,11418755
12878269,14347781
10346158,2065941
11768358,5255824
11592252,7749412
4433892,9632461
10280024,16325661
12205191,8562577
4753273,10332049
4501408,9261037
9357867,3892241
10543249,7972504
4993628,2322977
3825369,1473565
8633620,3932159
11694778,8433420
15746542,3834227
12089694,12328282
3608898,12013287
16151056,4749720
956922,2291267
13888062,16193840
5790744,6620964
4010983,13576157
7456910,16133124
5015987,10828571
8508508,6862735
15271852,3729013
10873191,45386
10089502,3012083
5631030,8554706
8073472,12977550
7024918,4862306
2874275,8458204
6583945,3785807
6148805,2689086
8259157,16174971
383042,8704054
9276530,3758404
7517836,11094803
12510046,14661990
11532430,11355640
10482735,5070613
15473871,4407578
8215036,12051751
4312709,3556551
4264109,3868038
14448424,14276577
15991629,14298834
5034008,1985745
6611974,8822127
16298084,3007426
16102491,14335079
15084782,9742697
2636715,5671110
9540330,6618773
961599,8441071
15845179,14092231
3109662,2558225
4641301,8393353
856890,13860916
110087,8524960
7212980,9980859
9094104,1517066
12633713,5679577
7670583,7726190
11655967,5761505
12435626,587651
14163365,14144231
497028,11151566
16353298,14906158
9681798,11019870
13680770,3780582
7801059,5876414
12280874,3452789
326904,5003889
11740031,452939
7741980,5314595
14505770,7162954
12542106,9154678
15592180,10646503
6906051,15980635
377952,10517525
14712276,6070551
5614115,3154934
8413586,508354
116073,16333480
14638908,14356484
15810009,405118
16570598,12101689
7273210,15717974
4981807,13974767
7411786,16769816
5775018,8573262
7460257,12650288
9986139,14411515
1126565,2228514
15196874,10448166
8632451,8098360
15642658,6378523
3519461,8147297
4045384,10089144
3801202,5049745
14515588,7498759
7605435,5969232
13157499,3843742
2923131,4874537
1062207,7043632
14059239,1204238
7582641,2901057
7883017,13298783
2037587,6475480
2005713,6219830
14163430,11082816
4179720,7718734
9748987,4016361
10710759,11161536
6779289,5040929
79942,8354642
7839017,4933767
6071823,13641341
482111,11978754
6828948,7691639
11383726,8039412
2371749,11096695
12679150,5498462
15894218,13033481
10268960,2494005
7710431,3681277
15646131,16251930
9795256,12645937
14804458,734607
16006191,9891440
16443515,7027755
1029365,9449496
913134,5204530
4054364,512930
6206201,8775459
6807237,1038055
9123129,11627483
7322717,10337884
3026312,16735478
438587,11384920
2669430,404724
2690290,7318192
7942843,7538176
5322561,12162433
15705773,15170642
10862378,11807488
1169716,15000062
968847,7590153
16006949,5317115
6254043,5677010
10302066,16044818
12523367,13790715
3352897,5502770
5326899,13000402
11806720,6233997
3498239,4008614
11378686,3125593
3911608,7237539
7487194,10992646
12458657,11078173
13130902,15954673
11287406,7714056
1422929,15929628
3355927,7436903
13206587,11324380
8335676,15061363
1868973,3290366
6675924,10517111
13114572,11564867
15475437,5265015
2625454,1440476
10119828,5880586
1429171,8057617
11357985,3554202
9806406,1024156
12444256,5057777
12438548,13647177
887746,7445721
5005869,9735530
6007144,9762376
10095064,881557
7719936,8866644
1587091,1186135
14016506,6156255
8322156,13563558
11759852,2566804
6681228,8012922
16357707,13351578
15172504,9911684
13347648,7166755
14983044,11724792
1581159,15749003
7483469,8918672
2608396,15955396
10750310,6584207
2953489,5332585
16439331,10753695
11736747,14861241
6014077,4556849
8899627,2767671
14868558,1461018
13710811,8323886
16737982,10440037
7019834,7294201
5608192,3127443
14435767,1237247
14000694,16086599
5013796,865855
8787514,14908512
3935702,5125813
13953409,1191478
9919576,12182671
1886760,6957146
14926400,8601552
7703709,13927635
8956618,16145723
3724357,6655209
181879,3527278
8897101,4231347
5205948,14975943
12771111,15862591
15416688,6368172
15760039,8415323
7259030,9554144
5237441,7143438
9148361,8484497
14729918,667529
13110068,1628490
4214774,14906904
5536698,5988026
9180494,14760867
6012161,14163905
13021109,15727108
9760875,6148908
10391296,8193270
9888346,13216446
9188397,11664301
10226664,12710233
15563113,4533035
8980163,52805
9611814,14111436
16310830,9676139
362086,7443162
5372828,10272462
8952564,9176687
15421538,8863983
13461244,8990872
13274344,8649131
5704568,4827710
13622352,16213402
2199277,3671471
5216432,11108668
1785918,6622890
11894078,8597143
367695,7960152
6300408,4715754
288811,3811304
7755949,7097422
10653410,8136897
15560129,9075708
14821849,2898620
13706348,13461140
8177647,15038973
16054534,1996094
13230648,14387778
1396931,2225384
5148146,9573015
2248591,5903982
5344054,14770546
4007666,5967069
3829638,11068111
3934507,4136524
11509227,1582086
4993557,11796386
8149130,669810
16174728,693806
2014900,1140654
2816657,1114528
7833047,7049478
10921890,8319622
606370,396837
10795716,11349261
2404866,9852371
12642037,3691826
15727068,12736925
2726746,1575396
10993938,3579988
14625736,13604180
14534998,5619118
2019415,2122728
3176839,5739368
6867917,15891578
14286372,8227775
8864372,7376193
4814383,4533638
2940048,3720259
13169141,14802912
10666254,8949282
4103874,13527061
16309332,8174987
13107623,2036548
7601029,15723219
6470210,9689021
6699120,12343107
5882637,10718169
7231863,16605136
12327663,11322708
3570351,9115780
7434159,16416130
9292630,4598266
12624391,14609347
4073019,2451531
7373359,5874204
12155537,5943073
676844,7957156
1821371,3283725
9934151,15013053
3846912,10431023
300947,16680467
1601618,5846840
12952825,7377966
780536,5979791
10282438,7638388
14503004,5510589
2950754,5470993
13420594,9159600
155879,7246586
14376273,8278350
6263674,3067788
12930387,11997663
6057509,10323411
14646273,9961384
1164016,4553119
13946246,1780280
4338748,1556324
12895335,639830
6264319,3337814
5047279,14997127
5954510,13383359
8977651,1147792
16438598,14300188
14105256,15760751
678612,563243
7444017,6410147
9935898,15007960
16688452,1130741
3379078,15516047
2222573,12001065
1245942,10510550
13187547,5955431
9697790,1978029
634940,10640113
2388224,15338577
16025112,4091734
8169528,12046716
1388268,3581224
14859775,11339256
12785213,6680059
10002736,14054922
2113453,1306578
5229314,164925
15664059,2435852
15732249,8938626
14583445,4938651
12198363,9803505
10153159,326220
3766468,11814383
7892314,374887
4485040,14445042
12067275,8684735
2858677,13748743
818819,1587612
13101453,12062667
11328981,6947303
1809435,6591505
16023929,11275630
7384763,15213117
96162,2202861
2773523,8017877
6900047,1367500
14840762,14597190
8787862,10103306
7273562,8839520
15645186,12241322
10142480,16527547
6258791,14325108
7709048,16020304
1419587,5587057
14357644,12552648
3854596,12729630
8462928,11280673
2102289,6616384
5384936,1893311
1460240,5826728
3263457,3726508
15236194,5862594
9000196,13985227
13804458,2922424
6563528,11819324
13751744,9994435
1255443,4286835
7297211,15815977
10906121,13923531
8587978,11784179
6585069,3020866
14143319,5789431
6877371,5487572
9609352,6254780
1608842,13303727
15949786,15126005
14362947,5875432
11987061,14171982
8513926,14349684
15629831,11616989
8611815,9812257
1781073,15906883
132927,4837747
4256180,2402750
970527,3173522
15591231,11181227
284067,16604097
4097360,7880109
8272798,5842795
2308699,10424026
3505101,7767175
13763646,3432048
13160181,14835260
15117504,11631796
10016643,9443931
9458704,4233363
2439466,5934187
2405850,8232702
2889013,4999286
10916376,4691516
4145492,9169804
700014,10427986
10095875,13869680
10642600,2660016
12064276,15119257
14172266,6349583
4419294,11783734
419013,9640149
10772174,8656674
7688283,4324070
1031934,11722966
4364555,99323
10547223,9181164
8191337,557211
13204587,11568430
4265181,2598488
13438394,123909
13728448,2213843
9402273,16375175
4949718,2239972
6697079,6442022
15034659,13308793
13296056,10078817
16645173,14991310
5209065,13186403
13802953,15232805
10262091,6842983
6088933,2211825
7203372,4788849
14958308,13937373
13044745,12261875
3262434,1367139
11756482,4014378
3707819,5465715
500339,11989245
6418999,5352974
10274933,12248258
12449503,8312725
16463873,4471288
5678359,1429037
5454369,1709040
12735822,10792298
9766043,7630892
6696394,12842456
5173745,12191240
135801,14251277
13351343,7233140
1503604,482554
460825,9993153
10608116,6454967
6417864,8871190
10576551,879956
3444423,13396638
4901670,14411236
14294703,8064715
3813049,1349361
7795509,732939
8305910,4950211
14619582,4751815
12689485,4925414
9648835,3409966
4808585,6146832
8851221,12803210
9975212,9503637
4452264,12724061
6465743,10625891
15154436,6268413
8100762,3300634
6069104,9957230
2966352,7746708
2230480,11226986
15780077,5062904
3149534,7011514
11906703,6033000
8470274,7398677
9815570,4768263
1366184,6217059
12472579,12708681
6865981,10213523
1522688,12456022
1063801,10930278
214149,10693424
4294847,8361493
6119359,10610767
15269511,13624906
8488505,590225
10862498,12836573
8086670,12230182
15546700,15877165
16620798,13229201
2861064,6177775
14278474,9218951
9288220,8252845
16305156,1024211
14952985,6561213
13186095,13306968
802837,13743517
10053568,3424444
2410346,5464038
6459139,4880865
16431797,5470036
3294365,2096413
2813100,14736974
9505342,14629080
11230777,12890586
3888211,6572833
3950154,4657959
16136014,3404904
13336119,6511101
10935763,2348853
2323373,949610
3076204,12023567
4280079,1674582
890157,783935
6477378,16075352
6244831,5720877
1726919,4942833
16220353,565214
3765009,14173007
5367185,10314903
3381208,779519
324538,15369379
5252294,12405472
2721084,7102579
14190259,6741284
15476315,5466075
12714892,5284394
10857767,4440670
1115985,10397674
4038796,15538007
4468329,9547465
5377076,1237269
7255126,4146031
12295475,15431346
15185587,9778439
7481870,7161831
3307067,7457747
15758516,15694338
3515811,355540
5487034,14872571
11049830,14324647
13082316,9969673
9566886,2981186
7589863,4571343
2242297,14664515
6211880,1643325
132809,10014904
3770633,11603412
11229568,9051123
15143909,4102138
380337,4141726
12891163,4910886
13042012,2149864
16228349,4655804
16267235,3914743
1516266,11435829
12087026,2139766
6933506,543280
9360381,7410860
9252506,10602361
9599161,8294022
6259710,10177258
2641907,298941
5484193,15139658
10259305,12608291
11575005,1579580
16195901,15320351
14616159,8440559
9876743,1698558
1164245,5546957
9010428,10149688
1065400,6349846
1004580,16594809
12124708,5138944
14659929,4559206
16500161,6543326
13403964,6808413
10482616,11831834
4571790,8659944
11216147,849512
12749926,6431736
13497469,9778753
1804215,7447699
12256713,5583959
11151577,3681486
3887102,2694031
2718812,2152055
5048843,12039056
5569305,12136264
2072909,3578729
12683655,5602453
12348101,8330880
14302733,3101266
8551899,12791756
7607185,5789627
6529460,15521511
15205547,12731473
3914296,3001905
14465780,1065516
12834904,9097585
2056559,14486903
5562814,5512152
15546303,11245126
7752209,8159342
16678291,4245643
12116905,9294673
5873861,13467862
2254362,1962973
2347815,12771308
11818455,15082885
11994038,5760279
3786399,8512242
6394825,13624755
6296783,11866133
12969351,7451515
5033382,14943208
4294578,6958086
7414216,971027
14550719,10492558
5677930,1878022
3776089,9435993
11529169,2860554
16014059,5468137
13955696,5429149
16742903,8500012
8284510,1677154
1092410,12485423
5654933,10850150
8995266,9284939
11556351,3526654
6723855,3602569
14516757,5396780
3547362,75111
1074549,3394252
2103021,11602521
8071157,5006539
11845431,2301894
9921665,3753351
12362226,15427997
11514750,5677463
10337582,11690808
1238263,9447702
12020750,13830975
6476249,635655
328311,13910191
4428582,10744491
10718035,8481430
10426530,11726419
7860872,8993023
12518755,9171174
1072622,933589
16187215,6158582
15348633,3916202
1394436,14133188
2038752,6553652
15422947,13852677
6837668,7271911
12389272,16327153
14783286,11518788
6384232,1830251
12979559,753218
14296971,1535079
3121960,5035638
1338840,14920225
850588,16263051
15113310,1795335
7506375,9474451
9408849,8012579
13608202,9703331
9932839,1033502
5973510,39173
9319369,9814168
9452009,2119841
6047008,11964198
6732094,4430141
11411369,1558582
1690513,4763674
14800808,2430802
5773598,6907658
9424079,13872558
11959690,6433146
1257989,10869336
11262354,6839427
11095558,8905632
14012965,3544324
4897345,16430853
15588943,9364516
6879790,11768045
8495872,16310840
5303021,561321
4343690,11529501
4183643,11338782
13378275,8277411
3815269,8006682
15375530,9508750
2065551,12824400
11837738,9782941
11758431,10371632
8024743,3085816
5569415,8121105
1083861,4329518
751435,4068199
3608872,4743943
6869932,14063523
10335576,16148457
1523934,16178602
8919513,13076758
6432359,9501681
5842177,13579955
7196632,10942425
11381582,9935582
15061416,9648388
871982,6586346
2055254,6989585
11054694,1954967
11748887,9421169
9755557,2808982
16101285,12025161
10155749,6869420
14519909,5837104
15810107,16744656
7054743,12082932
2362343,5734827
15963252,3928540
12863085,7432788
7173567,9652554
2543145,15498790
7689983,12513236
8293564,15979247
13639821,10720487
13951859,5926571
4739161,10752291
1501288,13513833
3190059,6839884
15762221,6064999
11883055,16137177
8451165,7796195
6045732,16282101
9858699,10488669
9634193,5121202
8464669,4645623
8265684,893649
1625540,14868703
5196840,4597714
7311369,15342559
13266029,4130272
8346275,12214241
2443297,5739073
13237976,488843
3736209,2112674
5974462,13565457
13924408,7020329
8713231,9977629
2269642,5154327
16001967,4822619
6604607,14218829
2168521,12523081
13004208,12676991
5036298,14674108
11640128,8254064
4102126,15230525
8207967,13858658
11767638,11084775
3653260,12091943
14892436,8051348
12370256,9294119
16340161,5920949
7114688,10371294
15950881,7516035
446998,15619410
11980440,5085036
7790000,7226343
16750747,2785752
10287328,14753249
2314198,2431244
7952301,14713955
11229793,9411168
717578,1040977
11426223,1035872
13132002,4748798
8919672,14887929
14228286,11094300
10217864,11818472
14737157,16385041
11240216,4076999
11456057,4526434
6155802,13566057
5440352,11364414
2978626,617032
4903064,8093782
11334998,16222141
12477233,5586534
14496030,2836820
10782807,8363109
14165782,4874984
9593799,14190243
5059372,213770
9547374,5080649
14635251,9314894
11718660,7639277
10827595,1135923
10677702,10761459
9671218,3083651
8002085,8539478
2237126,7088746
8970391,2353649
128814,16167488
12634030,11469508
4961452,6550300
8037060,3929257
12719332,12779726
8983402,3730681
10187720,15016551
3968907,10567801
2715457,10358894
9289493,7092034
12267429,6975233
5607527,462476
9586549,4139243
5434483,3004459
10028197,10145585
783915,16511439
13936674,7420481
4572507,5143558
8184605,7314567
12421364,4401913
11307551,2435305
15271241,1735244
16619296,10020702
12165695,11922692
2584216,8106541
14189531,4791922
1412164,5671000
14336645,3834667
5064781,7781109
9787770,12448710
5621067,8154873
3286273,15143011
7279034,13391062
6198723,2650939
16157673,10702827
11511126,13150503
5149378,2149618
15281474,7813922
1370295,3511657
11913599,8775662
5620120,3532431
1374505,12875311
1201528,6768285
15470846,2874086
5203939,2783660
5542996,4190192
917160,3771
282438,9313908
7972323,2029995
14562487,4168157
4567766,12220424
2717014,12590170
12562746,6923430
9191317,14637620
14104933,3601442
13938816,9489365
15694734,13805179
4609579,2989534
13934619,7963605
4899154,12729709
2042830,7162618
9585032,7541077
13656444,2845675
9781197,371588
15830912,11160226
16743541,14332017
617564,1542566
14595027,13948509
15061323,10959862
1965666,6984388
14886660,6083899
6681327,7020370
6622298,1289408
9916927,2292150
3934374,10501047
8732083,7472099
15835800,9054720
977099,9428263
1991617,11402443
13450686,13042055
16572799,16053940
206733,6243380
15854118,4480425
6913236,8372862
2105259,10508006
4102830,2909651
14542179,7041178
14351804,7733521
2661535,570465
16782539,14438032
8480444,13957979
10260383,3814518
13914973,2991152
14099470,10299283
7458905,3294581
8153800,9442235
15342204,13246686
7819473,12391013
11807284,15898864
8995147,15777996
744802,11625205
2571677,12960546
4950541,11319406
16504725,4694779
9691779,8934889
9548629,3119176
12086602,10777101
2829435,4559295
15098265,6671759
85675,9372869
8487265,11184189
8881102,1681724
1942074,7147947
16505774,7066133
673233,2568686
14107209,3274882
1106699,12569119
6254880,16259673
124249,11293168
343516,11336143
10122793,712465
12668348,3437751
15296834,15278050
13178015,5304052
6703236,2711477
7620693,4880766
8047885,10021041
11524897,13184238
9425658,4377297
15941108,6663484
8695936,6644106
208030,15330526
12414284,1581737
16045173,737148
14111776,2748586
4347543,16468018
12031952,3045463
6904745,3635213
14730290,13518578
11990019,13292243
15831563,4224568
1252478,7645158
12424732,8446146
10749565,14292472
1444674,4563132
16237053,13328860
16198491,12797559
6969493,343594
7739463,7179512
11364929,4806910
11188830,7819742
3514186,15177199
16327931,11594865
14104177,10595651
5664066,2516439
7837947,13335334
9217534,9077943
13028776,15317162
13478439,1951419
11357235,7838519
2898533,12068493
10337044,16720992
16009351,2918239
14267772,16628146
12728984,10532
12361301,10069013
15757532,15120285
4279122,13576478
2728696,3094965
11138292,7229780
7939051,1512537
4013841,222990
11035562,964262
16063812,7387416
15436592,8586612
1894289,11280959
10091983,11302294
4841004,2679952
14490605,14134533
3047366,1187355
7114788,1869157
10011259,798669
4880574,16277540
5283469,1253780
2638717,13483739
7415979,16241381
15625079,776081
14427938,2487418
14712156,12636758
8340553,7659909
15854895,13082134
6658200,13425361
12576911,13073474
9066018,7179947
13700774,9709625
4865489,5126524
7643332,462919
9639397,1054852
6218274,13013025
112732,11503372
8117478,3701767
11329756,1420438
978426,13359726
11375064,5627080
2957107,15115424
7234826,11382097
13401685,656821
12756942,9963406
13825961,953030
12184802,11496910
13077133,130502
178626,12565551
16253421,2641448
6224301,12832026
8273671,3250015
13964409,3914705
6340745,5729031
7384581,8969431
15584309,225549
4047547,14094001
1693831,16697849
4999272,9367709
12050687,9994785
8897641,11381523
12457988,2177378
7662226,7167115
3606891,9748737
16484633,12701689
8881624,9297052
507757,16458386
12146595,9732907
3349482,4465797
6506108,782973
1552710,337130
13827097,6803965
14891502,4257639
8793426,6433775
6275521,8736758
5104298,5795530
12973650,6675056
3317724,13145132
7616950,15539796
3907859,6406209
10922659,14692780
1133181,1569826
3875577,13358195
2178700,11998755
3484783,12946397
14908625,13778924
7749352,6234390
14191156,15831555
10695824,7785019
11973158,15977003
16389763,14791898
11979941,7827287
6802573,12281468
717457,7732713
10736907,13505644
7539548,12671309
15169365,1369048
5600552,14118249
2275547,4389843
14231730,7611291
4597838,1858487
11808891,8083375
5309239,7569345
4377782,4457110
8790520,14712774
3565519,554812
7390486,8925810
7233852,7145506
2352187,12718835
6171977,15142681
6794672,8378895
7215325,1618261
6366286,6172109
6992000,13065608
2098432,3873190
6684862,10174204
227757,12948388
12908964,2960274
9410447,13466688
13024709,6874312
3367953,14685662
11215714,14000614
14307794,14422173
3157886,2263117
6374365,9500330
2744395,9792938
9265969,7591923
2107362,5206407
10703146,662822
10908257,1210503
9652186,5976694
85411,5228607
1128352,3356716
776359,3394651
5173308,11186947
4277900,1689366
5977280,1065443
1821889,7502509
3713198,14452766
8752599,11845349
92165,8077526
10805963,8900318
3362945,4603882
5707235,3517985
7519892,5468463
10055079,3817945
244430,5696379
3665330,14263816
11695552,9560529
13066587,5030112
12094649,16491787
3984029,14730793
9485909,14902482
1458999,5932256
10875658,14756684
13317504,450941
2552086,14119309
10587921,3563004
1926921,712865
15731256,16030616
13795280,15338899
6325670,6124871
699425,11394685
1654963,6968721
3021413,1125408
1585998,7379421
10683089,15720537
15821982,12087144
7022810,15934740
10375653,15527470
5229258,12929475
8186265,8797647
2346941,3846177
2551791,589636
2459058,14183395
13329183,15894678
11195517,6291682
9585674,10752655
16426127,10674921
8612192,627642
11528721,15483077
15409774,13579565
14991515,9031360
3690265,7607346
3961713,11465333
13776080,3474319
10602866,817670
2057773,3339342
5397181,1662575
6646068,8620454
14598283,14513327
9367274,363699
14946486,11466725
7120913,10466603
4983658,11604142
9596913,6186638
13787426,15471031
454833,14823487
11130461,2602386
4296167,16160838
3131231,9430127
695197,15588450
2454802,8017586
4757718,8177951
10526131,6085442
6897505,12741942
9975728,10177450
12839545,1598132
7139148,4280110
7203639,11296253
1921631,4066602
16334527,6399270
6766382,8893567
1155321,13783498
1856933,14315317
12614790,1691182
10773899,3876581
12447985,6534485
15918558,7871779
11006890,3092838
12668380,13331789
383094,955982
13556184,9065802
14605821,446455
13601584,16278702
1093016,4086024
5482912,3122488
359542,1267680
6382081,8851557
1158199,2057071
12438094,14169353
4477880,10483553
12015074,14638372
7866241,13819462
11982971,9680521
11143574,10769417
1615211,1639263
4062739,4177060
13624033,1544293
9561244,154483
4520547,13533758
16616362,11010598
10637913,11269849
11453134,3843616
2103833,7928055
11758210,778431
1226040,10059612
851745,15128420
8624958,5220968
11136031,5532186
15726178,5861082
8604653,4669781
4808278,7323670
11582655,7270294
9632077,13004227
6883819,10260579
970840,12405356
2580064,4577249
9923387,5305642
613720,15334845
764820,663573
10464274,15753796
5698132,8410788
16201712,5703393
4032339,12367315
13196498,14171951
6143340,6302021
8457458,15187926
7379863,10717607
10179041,8770303
1817962,10828470
618549,3478675
2233629,3298090
14858494,3427607
5007598,13136656
12308151,11439869
10110504,11873430
14564852,6599092
15680884,9290937
15882061,3937795
8066156,11515357
14721332,11850538
14192025,13823248
9164297,13234732
16207023,13065792
148158,8314463
6199483,9901441
10964821,2906845
1826044,642136
5153428,6089662
16036744,11151838
9498328,850591
7282304,12330352
8380939,7333250
14386044,9460254
3924227,14751495
8280161,10655281
7307475,15425997
10634370,13182055
6350932,6654718
7235375,9004878
6632154,8206834
6498130,9746970
12519923,6772435
13546909,14716003
9739550,11152659
14202966,1828763
15512551,10651912
4391928,9596191
277013,5044088
7071470,8905813
995270,4597122
11935633,3424506
7083461,2964560
3531314,9872297
1992770,1247071
16749964,8927040
11025999,15156081
2495768,7385966
1979713,5072471
16078620,15747017
13433432,15012122
16580559,3998990
10233543,6923583
1355417,9612934
10941886,6394793
2811197,5807136
5204096,13231740
8662455,3261944
6997324,10411925
8746366,12011899
488801,10703287
3787967,4436232
13729373,11665248
5889660,11886289
4978565,6132030
337308,4318811
7206152,11745445
4473513,12608718
15088637,15064803
13394395,8669497
6585239,5396799
4077147,5458144
11933667,14281456
15652765,4618274
5030978,12173374
6473245,71554
3090234,13713094
14232976,1872140
1239388,15497477
2395439,5859373
7909988,16673443
13781836,6749690
7875411,5014290
4503359,10039888
9706998,11522404
3021383,9946368
3597516,7267041
6757727,4066605
2335694,1525749
4260818,5083752
7371104,6183512
7224374,6406690
6931580,312151
1757600,11214078
3278154,3725450
1219343,2324080
5002673,12887073
15186682,2435233
15234222,1028647
835478,1480848
6933208,2056300
3756784,14867582
15260614,12655549
5078350,4916419
11514762,16084389
6722746,9261773
11334668,14426322
12991411,14794600
1566756,3318242
9306833,13149226
3864068,11806983
6935374,14145961
6197954,7561686
7609629,14966028
13728807,13989613
9099314,10186688
12528670,12842519
1114205,2662418
13871619,1364421
8213055,1377970
14293381,2707058
4861842,3823130
9001893,13096060
13442693,10473370
14843238,11141038
144018,1458120
10962387,6235788
14334687,2702833
9673596,7519207
3129319,14192883
4373964,4276958
5330017,11139656
2188426,10520018
18226,16753636
4882336,4158706
9526714,4988263
5799394,11026645
13999983,10330458
6857024,1412119
1938248,2710681
3318205,465660
8148728,16755356
16491391,14989753
7835798,2240000
11359838,13166055
15674486,15096446
5565786,12680104
5949133,8148895
4724465,16324695
13287297,5844176
16540322,11551147
14639152,6010843
11871376,14270065
10921152,3192939
4329005,754421
10996475,10439250
2255115,7904693
5160662,15171210
4306734,8711193
6547741,5249494
11195825,10302348
11231598,13065351
13195728,13304575
633757,1874511
5602198,11609770
15651006,7209091
3725264,6851054
11038537,1371813
4428662,11625830
6269300,366857
16611645,13909915
15825886,9013186
10261726,5673839
12540235,10942203
15063047,6985438
12594609,12965402
10700955,8399149
13504328,336796
8407043,12386690
7649364,3447565
16447929,13847505
15183634,3686721
5912173,2460080
2049561,11400397
335230,3485626
6244381,9237831
11051429,11919247
11698300,8098278
14508213,1947902
15684392,13101009
7629461,5107942
11119008,317075
10256249,1351789
6958978,11365898
3940418,4620466
10872027,7717975
3414158,1358161
8643834,12875111
6607402,6790066
5540286,10313333
16666195,5995595
12502767,11594222
6727778,10310268
12786088,5164587
660080,1714438
532111,10363969
7904368,13618472
6669400,1656650
5546320,2066227
13306730,14672104
6616713,9611972
8041824,4071792
7900783,16587815
3882023,5018764
8024312,1759082
14104836,12670145
640215,11668149
2132350,3614539
16198865,10153475
5044594,11094285
1579832,8205697
5658887,5543410
15156979,6556242
12965210,13957255
8590079,8023605
6183975,6763578
11982742,9039291
5675746,244585
12730318,8913389
15670804,6417149
12685370,9769494
2077467,1147274
5513135,10687152
5160895,4473038
4574447,12166634
14980595,13417286
2243805,1662374
14288454,11799687
16202563,9788820
9459966,8369407
9365452,11084276
11631451,12309941
1940113,15363555
14708498,9259405
1946587,14706331
3015610,11285587
11127329,16484098
6539717,5294619
10716462,11636076
15070102,12662779
7895884,2632987
36880,11834149
279933,6132947
4646129,6667480
16278080,11981834
1398083,2928188
3571362,8904024
1522198,1273495
560702,10948724
4885438,2324108
4030342,10398555
13686673,2922021
4755900,11728506
11461655,6564863
8101861,9647097
15273658,498672
14925009,102728
11099299,3946766
10091794,14286869
1062315,5241545
12570503,12312629
11623028,3848318
4976224,2943480
3429193,10003592
3631550,5980732
2563202,874649
377042,5195451
10162868,865885
6498558,15090382
9032746,14019129
8924898,16481789
3394609,8697714
16327848,4031682
5211655,14502619
12396586,2393222
11228241,2411048
5183980,14693960
10365383,13630140
2157211,5303653
3802846,485984
3149041,333440
8953873,15378423
14087232,8989802
2468471,16787726
891533,849485
16408913,15484937
12995744,15926502
4391361,8181526
8675148,5472010
12389034,5423422
11505258,13770282
9226808,11526454
12549905,13298390
10915731,464944
16046878,1877858
3464342,5175080
1208703,10619743
14192360,16223134
15871744,1055603
2172909,2698773
10567013,6743645
2442484,2952952
11920113,286337
1398193,16353144
6229256,5986513
11304732,4514705
1020449,6980988
7596594,4618108
779362,887642
6693082,9928677
7723878,13660656
5186072,2885058
11097954,7668971
2534244,7980068
7507213,4012187
10602669,16258779
403181,5395515
7053840,12864327
278607,6457070
12636429,11791947
12546772,11588470
9828517,11206359
1863051,4210829
15785635,14605539
15531910,13144594
10089552,5392401
15202226,12915941
4041943,8739499
14763942,12532404
331037,2849351
9848458,10539169
16253000,14452134
15526556,1807800
4796406,16430943
7969918,5740570
15412318,15404026
212007,5760509
14298616,1061699
9863931,10216876
4499980,13587294
232119,3500192
5241932,9868399
3258237,8918677
3472110,2760502
15827416,13385806
6698245,835384
2295902,11184665
10051017,300564
8310022,5331677
3609111,7604179
9933742,15846651
10026045,242212
12852264,7219849
8824576,7849846
12230182,11377786
12817879,4596997
3446568,14966467
5891739,328814
10610884,6838285
12281779,14296909
15296178,7261571
13445202,11012051
10800692,4151606
14126697,16104419
15440828,14564560
1053631,8898837
8280662,13459285
3771801,1451180
937694,7737750
238573,3796882
5124456,5780719
13574828,3491812
1787337,4401632
12287426,1408656
5546118,12388480
13796697,15615742
16544977,4184274
5723528,7898991
3865786,15298264
12219024,10047697
1677114,515618
89599,11289628
13149846,14683490
8195367,1148454
7324251,5601483
6689398,2825891
3645060,7622347
8777149,13017530
2317197,12714614
8652095,3706102
8213057,1561043
13502199,14501273
15441517,3212897
16070871,4698744
11332408,3268217
5803139,5159301
3529950,16502831
6161500,2943719
9790240,7743602
11730602,1378492
2764108,3765958
8891125,12019735
11126068,8680194
3924071,15460930
15746603,4942643
443276,11670115
6728809,2513261
11067764,1067685
16774386,11686811
10031512,3440187
11825005,4316639
10119465,16384978
3739973,4816889
13699475,15330096
321880,8224279
15686983,14005719
297300,3276853
13648369,11221458
5188378,385049
12843536,8148845
11172358,751476
1309253,483958
12952874,5174516
15820003,13005991
13348627,511432
8363535,5321307
11822456,1835564
11794341,420479
14199773,9395145
9055632,12418478
12329746,8441404
4754964,12728348
1027412,13673226
11230757,9338389
5241400,15920373
12848765,16661080
4949690,1708537
4240652,8982013
12490632,2736217
16112839,9419778
10585044,5847166
4370025,5913136
6509302,12793124
7901469,7561285
2432541,10520367
14794142,15726685
2613262,2786213
15583554,15840640
260140,13301610
5970617,1674760
273703,9712017
15634514,5644409
14913628,13846342
15696297,341740
14888619,14263244
6101953,14413405
9847142,10033356
14688891,11576771
2892325,10000854
694115,3650186
7702354,12954843
3054459,6608859
4323427,13247745
2826516,12057325
11411896,3076363
15757302,5407475
14474655,3150718
10043900,5189122
15145469,12590965
16587961,13063227
10180553,10266497
6828461,5941556
9270544,1456508
11847503,14681444
14353076,100158
16194906,15105569
10597310,11641244
4676613,2745444
16376272,1426268
90141,7061604
15822452,6848808
2804805,10319374
15462480,12994179
10277183,3074347
1656472,15451191
191787,324160
14744462,2820003
11260650,7887063
8517222,9606328
15872029,3993618
15683374,3808287
9530891,8795672
3272540,15995148
8325837,15954504
4484699,1187063
14370273,3018327
3368165,10694536
8134655,11355101
9000505,3937374
5639388,4666868
10296986,250714
1043336,11548195
10636651,4386188
16149418,10929681
996714,6596234
9316207,12633959
11729160,6704691
15009026,8494400
2728478,7838969
14132277,5583340
9420271,7316901
1174790,8761365
8506630,5417740
3470755,3946834
13615661,3459261
2165057,9171840
16706411,7098039
2936421,973953
12809032,1801851
958030,52620
11239065,8652911
3482798,11159013
15498132,11586711
14789524,13082114
3992992,7372156
8560424,5634065
15066712,27025
13029522,13650562
8040875,13376237
13933589,8911655
2961757,1024019
10711549,16684744
12552574,8352109
9844427,2607116
586862,587836
1672978,8481708
15818003,12711993
14022085,13841411
4003000,14842121
5708079,10834277
9216396,9265064
9862698,15354302
13054890,4720314
9201655,11654012
9092855,10392533
12522238,251197
10178343,7586854
2873907,4220625
14731019,12988274
5526217,12285789
7887524,1036529
16260128,14774248
8896949,13169149
5259814,3966898
1265679,1964782
6411008,3384380
7563583,11610194
5626360,12419670
4115278,7092326
6428295,10435487
4709327,11295135
4832900,14075190
7756705,704719
15461795,7407221
8131729,9399921
5185621,11003921
6102234,10662919
1194894,4450283
15430963,1828781
6884993,2545871
6215316,2385836
6879553,13559772
10872835,6595659
10413122,105760
9722890,16733815
14244471,13168921
9767772,15889596
10374489,787269
14009178,5191619
15496883,7511615
6942188,310974
2098643,734561
6036135,11935033
14474520,15296496
13466158,10713329
11079943,9412753
6949197,13647503
4730415,793396
12626596,15017779
4587409,5988269
8539961,10917133
5532962,2055857
16489537,13201841
16566092,16606145
8693996,12656732
15442115,1269300
10702606,2497457
12352215,13539991
14137859,15712351
3564769,16159087
10582489,6319506
1766463,7614349
15912312,13450936
9365146,6523386
13545143,5274048
268244,12154236
2189849,16482112
4292164,437215
2231616,16149533
6223294,15186643
484305,12406275
2254580,14905055
15971403,5424414
10389394,13737212
2274383,13136634
8578729,5690700
10604418,1941837
14120383,2626454
3476887,12070338
8196155,2209913
10891255,3159149
14087060,10422294
8564358,15342484
14651747,2062172
939974,3054271
13493677,159652
652867,1264042
16629634,5755637
775019,11860259
13330575,16687760
5237661,540608
422566,12537849
4047468,13518259
2077702,10981960
4432996,942726
7989156,4978247
2320048,4877000
12288608,15027429
10677924,16512259
9615520,1216530
16777274,6319829
6627914,16531805
5855213,16387006
4379575,13454288
10058237,3601242
2279055,9964091
16573729,5973172
10667999,5960698
4751080,5144125
3769085,6846042
1156294,3360387
14588094,14797595
9565415,10773107
5395342,12611584
16495163,12424629
8278695,11126157
5362894,11829161
9340335,12255109
15606573,12448625
11564205,2251148
9189191,8654800
8525210,16410606
11334457,8997211
15968623,1320327
10050980,11638045
7532061,1745553
10905669,6577734
11809904,14029217
5147182,7153825
8042686,12802653
1382006,6464202
9107607,16436355
13643271,827147
15470809,11847704
15938377,13193506
6622315,13600160
7894778,6160794
5915624,12719188
4824208,5029722
5813632,13467872
15592962,3303315
16446773,11806453
8308415,3227380
14251764,155226
9764072,8930660
14117493,5473130
15617232,10696164
6737085,7363619
7094558,15658606
13524920,1475192
11904187,2876755
6809714,8993936
3187417,14355801
12251983,13354764
3481752,15167294
6473900,15709397
1406520,1031638
9597704,12396760
9048508,6945368
2017174,8885576
15260158,15077194
8291844,4624338
15796054,12812594
15281257,15588647
12350930,15925043
14018404,15598194
13495265,16537049
14166114,4832627
13520596,11597752
15528474,11453292
8592557,5615289
6418268,9055604
6223070,12059528
15386252,5049242
3287015,7926251
5439803,8199995
805282,2392252
4673795,16023810
14589567,5415674
9196156,14878039
3031115,10338827
8032062,860053
6933156,3358278
524106,6103415
12730940,6130509
12620283,13556798
818453,11273756
11190149,14896978
11351088,11023971
13640529,685408
13525517,14051640
2954854,3145879
195943,12585391
2404993,13206315
7629633,349635
227727,11538827
7920572,13791182
12091579,8418976
15292841,1650094
4363283,15150494
9203711,10751330
14892535,8569733
5876420,11076422
15780210,8780572
4749644,9136667
10805825,10174588
10651261,15839770
15790143,11046228
13572755,11514408
1327993,9608432
15070736,12585462
16303253,9185732
9331442,7528693
9135635,7481470
6741377,10555745
10764327,10139681
12813022,13055922
10982509,3878384
9159656,165674
4205618,15393762
7422655,371478
6488393,8529979
7170430,16476447
13018006,4439961
3544563,7728522
12482645,3020479
12524956,6707708
8211761,13129056
3739047,11534333
10140638,12725676
6009596,11616445
10607664,2576774
13286129,1833731
3302673,775055
11594174,12712572
3268195,2103849
4576393,15117371
11153597,14807858
4748344,6895165
562073,16696464
6529414,9857046
6655543,16203263
5527408,4745744
10242311,13397879
8340283,12789694
915369,15333696
5304573,1604910
6319750,11315259
3366707,4524292
2599677,15635398
3758045,7005381
3584627,10744202
11979422,10246380
7207343,45866
3534136,3377406
4636395,9672009
1996345,15255561
16192145,11612302
8843708,12383546
849105,12010384
5616129,4745294
13076347,6274507
14982975,10547094
11687691,2629405
1660893,5879787
11584725,10913967
28903,15880906
13762181,2007480
1241907,2347663
8792081,5511343
16044303,15849801
7824429,1893995
9536781,9663267
5749735,6071729
15905473,8689158
10932032,9011840
53750,11845308
7487219,5416894
15139498,10474077
2408890,2818009
15774708,14817175
11461802,15810692
9225120,1191140
2878121,13552710
15533502,4722378
1367775,9312306
5000495,13057633
4755698,4863572
11431798,8890107
1166774,7681669
8715778,11865975
9075710,10943118
1986160,7257875
12543087,8505129
4494968,3289881
11441743,12501263
5589821,7619336
16650676,9237109
241288,4154408
8553618,11080863
302164,752221
8247172,12200616
14786427,2824976
13659322,3326258
7233032,15085133
7643659,9296467
1022922,10096210
3953977,15061271
13047066,16560784
11009766,9001740
9335782,5184439
15767734,11193609
14465479,4090411
10557590,2101734
14092265,1675286
3451982,11464939
13906283,13489998
11140882,9955513
410113,13710406
16124977,15329123
307230,182506
13226088,9885215
8257487,8687281
1678144,9246181
9275195,11847153
16532078,4308505
6559784,7291100
14856362,13059376
4961622,3833455
15938390,11473450
15755895,7777379
14944838,1015530
10182125,5671969
3248144,10892533
1666387,1808351
13332042,5255444
1125638,5273447
3467365,15882124
5955849,13427079
11930225,11890706
5495724,657587
12343920,1236796
11115254,13056216
10876366,4106239
14945752,5459966
8293998,7593833
14368550,4254911
16381509,674238
6988392,8160632
16452942,2817628
12579174,7719308
6314489,2578047
4666883,12576255
7173040,8459343
5197427,4081803
14270012,15093557
16261397,6134353
12695406,13821742
1753694,15565914
14700909,10519183
10260002,1685745
10102823,1205632
13718607,11327847
3329547,11215557
6886115,901044
12350345,1967123
11011994,5239634
3438196,5791876
7091444,2874149
10934476,7880077
4262885,6899214
12028546,13514169
14154376,9609484
1642298,3067772
5245145,13131584
14449686,11339834
4970476,4390708
14483946,16072183
2271619,2398408
7120372,10637493
6228754,10118388
14413785,14254371
7112659,11387906
13716195,749710
551431,9512641
5066589,16341936
3563231,8061375
11469726,16621986
16015281,10903
4113057,1128033
2435597,9095168
6189213,5575550
661135,3131464
15223563,796191
8989498,16322653
10318299,6958165
16671434,4202618
3718773,1243314
13755740,2129239
6232261,5255426
16149520,5242033
11753492,14623380
917254,10113699
15484586,11625553
11422064,1532693
2084517,12070493
6808056,12891000
12508888,10652822
6608706,16101368
786855,39881
15578668,6330545
7816177,9149965
3986665,2800431
13066854,10058753
11877309,11612962
697851,4799821
2106302,11183016
1414680,7748249
15350825,5259343
1199921,1826211
13214852,8955641
3355260,5189981
1784927,4262867
980196,4121419
15755940,7704523
4222185,9033949
14343490,11443658
16492899,15235192
1815359,359264
11723283,12466334
10659948,12191632
1217061,16172299
14472810,7025301
12189329,14909607
15328372,9301263
7668368,8725134
10967895,7383864
3890399,13559434
12158629,5835521
12653409,5651889
3106749,85346
13548065,16736294
11191430,1608507
5321293,3641305
5729530,16506744
7181459,12895332
1442562,1946889
14572873,5954140
6427874,7136584
3492354,678505
8682803,6976961
9466835,14592287
4525877,9000525
366435,3822048
8103781,16040870
7180189,8802891
14874683,16765957
3304439,489422
13793408,15794000
1892806,11011141
15615893,11220402
14637762,2220380
14743785,13200850
5797096,7580367
14530807,4706737
1148629,9310106
10953931,4870748
5341005,11310692
11116232,946100
4346655,214114
12302127,1564857
9102476,987729
14383321,14932534
1502581,10820326
5358253,15145546
12372893,1387151
5529153,986958
12931807,12017773
657549,925895
8659138,2685360
5587518,12411600
14025542,8871974
8633339,8483992
8487377,6454011
9361718,15884198
1674358,11254215
12806178,8725552
3480859,7227086
11134238,12935774
5974713,13020274
12375271,4834715
15600988,10565932
4766371,13812725
7728063,6164646
6241536,4322644
11766107,14239843
11736440,12599818
9122823,7647001
9401985,1626592
14787947,5730250
15949078,1027893
4486300,10929659
4752649,15903257
8099646,5080000
5372275,550811
8968250,12063994
13454035,11634282
10344459,434834
9459415,3049529
6444055,3629122
1334888,1785921
13531268,7405078
16236742,13281574
10591840,11416304
2761594,7848904
4947704,820016
7689675,12112756
5454248,8206888
5528249,7387957
13844150,16666155
13357437,12796460
4416750,4522103
9661360,4535979
3466000,12702278
11974303,1310595
4857842,14039809
8142856,6679642
10570152,11371235
3960623,9194895
609101,4802768
2979421,11877717
8250122,14102620
7779253,6146695
9780488,16722126
13841410,2618911
5865091,11605457
9748024,9765322
12734693,6707428
12170912,37531
14044058,15434569
15278106,2442913
10473188,6797976
14958303,11086291
2107613,7254048
4381279,13141940
6172590,2859678
1699853,15840234
8720416,6355340
15365784,13620064
9930880,210267
12303534,2673557
8685936,175246
1001371,12244942
5100239,4600156
11126085,6942407
10568168,161898
173265,11314769
12093392,3350613
6196441,10519660
2156153,11731217
2839899,15580864
3129788,13232750
9581054,14762962
13876368,6134444
2020594,13640429
5053271,13450451
8089800,16700336
7086711,11344862
4369235,3620982
7432684,4051778
13319739,15785272
8044891,7570051
12346679,7099621
10458415,5688541
16758425,7363016
7292619,13349055
11699464,2322102
4233810,13224820
3781429,16361660
11082452,12241228
13014379,11001790
12128036,14151654
14826740,4600964
13432454,5924844
3596457,14185845
8259966,8595970
9416497,14999457
1573768,2286270
5328171,16381895
2237071,2489886
11076462,15609292
10384440,11233
14053463,3134049
1304440,13205464
2161811,11906460
8550027,10008198
7373011,8098210
14046787,13842683
1419948,2361687
4244697,8479087
8905531,2504235
9809972,13446152
10608884,13738732
6196888,10873816
8824941,4556825
5675392,5937442
4378717,14077490
15898840,8534378
5390502,3869546
10958596,11061752
10740986,6066185
13221174,3826670
5687799,13707941
900140,7512023
15041058,8904617
10943996,13647091
9552705,4867527
12309646,16703903
14271068,11348011
8409706,10759352
3145733,5989961
11589454,13127815
2015198,11564208
12905195,6208641
10739017,10017163
4904183,16285473
12828841,9571951
14741998,2764896
6392122,677153
7142758,14970548
14272919,12041598
15413066,13255408
7323693,13562164
10606248,10786144
6726988,8492824
15664107,14269182
13165938,4418387
8399715,12857593
16095900,7317768
5874075,1016353
6970023,4205374
1614882,4198464
13297150,964874
7361219,7732268
7913250,9833605
2895936,13661993
1152234,16410190
10943818,9198456
12784007,2302400
4686197,13817079
10261206,8388275
13033923,6440214
3662901,3542743
12483042,959793
4658883,5715852
16265130,9503296
13915321,5413259
5583645,9473057
11484626,4445786
11509282,294461
15414694,5621788
10985935,8696935
3511132,12981173
2629317,8924511
6538550,13967700
10847161,5694102
13326542,13485676
15439973,13935030
5877184,11199081
5956981,10201311
6247752,5656895
4989149,7796843
247340,15793181
4785094,11063158
6531272,14074760
3418649,11684765
11361483,5667666
16549173,14477095
11885435,15433925
6278297,13898782
423378,884473
8719117,8492910
13071428,1529066
8105499,11736716
7745521,10196727
2524758,1528332
4667778,9840043
8490181,14050307
9638473,8476875
2954276,7056695
6145768,11781608
5947092,405752
14926697,14633596
9538326,1133858
1297032,2446487
5755717,2997188
15988532,1221515
4012780,2657218
253195,478834
6067781,14698310
7660044,15437286
1177115,6909388
8387226,2565770
5288200,1880023
2152526,479516
15977739,13661456
1035753,14909875
11696251,5863866
1751726,13720700
12947160,9145785
4328526,14845653
3909132,14205050
5333739,7160248
14907809,10036697
10626095,5058038
13606614,3351654
9198505,12369993
11941331,4725486
5664944,1534652
4959305,13501123
7676849,4467031
10510901,13768749
4912881,6618612
11388242,13603427
5558065,15490216
4972431,1349715
7935572,1001057
12844741,2549580
804416,754699
7533705,11792317
7248464,9358552
11790595,2655493
1606072,15091768
15678811,7478858
5908996,11163844
1218216,14956928
4773218,14008401
6057566,16729358
3337514,2997407
11454078,4598236
10525829,5634192
14864279,8284085
5093885,12473609
2271754,11518237
10259155,12737420
13381051,5164153
123060,15509782
9808223,14615212
15405508,1973281
8232926,14686125
5057723,7985679
11017211,15075616
9259153,4066094
3709636,16595272
9595903,13523154
10008657,2853439
7911491,16096467
3842718,2694754
7277407,15891965
8546582,10249821
12707385,12522442
13562554,15459623
15616351,10036620
3636308,16657741
15589125,6220308
3367740,4415632
12782835,7987707
8464518,417637
1493884,5053431
326729,5969966
15529889,5302801
4584476,13352260
6556012,11957168
6933598,15456507
14786500,14669183
6099607,15267051
6134694,14023366
12146923,10925799
2917562,14823152
14411745,2943077
16512983,16288194
6633496,15112993
6900472,9946447
9476389,10908105
15994575,2164190
12282154,5800273
2848607,8019928
16583723,9411936
9506201,5751914
4652637,1727645
867067,489055
6280686,8733936
1543610,15277274
15391587,14509724
16653419,3230971
13572664,15420872
12966453,6185952
6341334,11028384
3794426,4180893
10849184,6100190
5384490,4712450
13803589,6346052
14617635,7290126
16068296,7460055
5037309,13081641
4002138,767876
3034894,9713924
10124520,10833471
15632643,3682583
11790600,3257977
7168602,15814084
7902201,8748036
11706035,12642890
9500229,2182263
9650587,11867395
4058928,11983429
301706,16555360
12600530,13413766
4525350,11132410
2643650,8960122
12307026,4427216
11357999,6124550
13508308,10525688
7116052,16324163
6887274,6910283
10593951,14302481
13361397,4177718
6448618,7085410
11245834,16744262
9658800,14248260
7773698,9159927
4823639,5107315
5767251,11562109
6136531,7619464
8356415,3937042
12806667,5107690
3672684,4190861
7822501,1547503
2853005,4679566
2387557,4999951
13461168,10415211
14275080,1318804
14465005,14624426
14587305,13215057
8460704,7118605
16525305,8874488
761033,9890925
7707819,10898812
11789817,2378403
14422773,7557539
15830208,10401217
8909015,12812116
4370737,4567853
15553777,4536064
16265426,2831494
10273405,4259598
10310917,12336123
5898544,12042954
11356841,5864324
13934170,9562150
5547020,1178445
10969031,1786919
16533135,4980089
7147353,3352185
10803489,8697675
3750966,9974495
1550998,10389294
3077763,9217594
10778844,2565688
13095454,16675241
14702759,9328781
4907380,2180317
1392897,12735144
9569835,8786527
8081005,5650291
15525127,13079661
3476912,4993727
12417551,15211593
900098,16544587
635102,12491539
15276461,457690
5941025,12160211
9771988,2802000
5826869,10473197
9467247,3294033
9907827,2706945
14720007,14588647
16404937,9942152
3564001,4101166
7715347,14984470
9757179,5777882
1078495,14335716
4869231,5421187
12691004,10075282
2134265,913410
7303887,9090005
5477251,14885741
1213098,10997904
9079540,5810963
12071824,7989967
687683,9446978
14449022,16413689
11156754,3688615
13672460,715623
1876784,3420881
2264552,8162952
10163348,12145175
1906671,15917241
4488363,187864
9499286,15256293
11974699,11125041
14208283,8302349
1518292,4273680
8363917,4933764
14334315,7354089
2258876,15447930
14414168,888369
15562770,11759231
7959170,3832256
6081744,5582517
2293677,8488142
6861830,13824338
13454428,2085621
7699340,2199292
11014435,9619436
9897566,12419287
10245931,8305131
8479491,15473876
8056320,4494651
10674250,9448745
2970455,14143561
5597601,898156
13232669,5236996
11577148,868300
10208452,15735615
3888909,7954424
6627793,239657
14768309,5243012
4734565,4704473
1753664,11196972
8276793,4243446
14208118,9934761
7330581,5511895
1963342,6660907
8043317,2290446
13486964,2599905
13232873,10974065
7604858,8496712
6899455,16307459
13229169,3517605
13924217,10403222
392182,16532425
5955044,13288899
13299509,5353543
13660351,10207452
9227260,4726333
6689020,4695445
5775444,14319760
826022,6867265
14848886,1655540
2637501,14829389
3627258,10607244
4827083,2013583
5865002,14172323
13520247,11610031
5714358,3095600
11861170,1385524
13642175,16077445
12992274,4567385
1670427,14753112
10432565,713437
3412245,8933048
6802656,9466176
3388282,12698
10665164,9834242
5157723,7780765
7284239,2360596
9308452,11478783
6175229,1018480
9578489,1791786
13508013,280780
16043667,11849440
4145224,3278529
704129,6302578
2295731,3009108
5984022,224688
12861648,955673
4990496,21656
1179539,11748425
2054005,13525705
15565578,12964929
2525541,8349660
15809815,8652675
6774544,2283955
5074495,16289571
15474657,8739802
14916428,8787062
6208563,368728
3920277,3355144
12653303,10454640
4072461,629856
2233342,16454555
10707897,2679731
9207039,15745247
3390305,7646524
12852062,12166691
16204714,6329566
3276688,5238979
13472458,8135434
9899485,4190770
4728076,11208495
5552409,14576934
10637000,8630906
8050764,1928216
4933605,4170869
13685342,16125991
4368833,2650380
16777643,11667574
3054579,8878923
9533262,1173109
9275796,6987586
14745572,12246010
16052429,15306568
2239299,9231762
3196287,12013362
4888410,1811455
13510578,7878827
10288774,9556284
7311988,5057907
7354264,16437108
13659178,3428667
13278819,4825491
13620390,4052293
12680103,3946556
14656925,8544927
12669443,13928363
2768164,4590056
85043,10733433
16427835,14441048
12964429,14688689
14443657,6188166
6504238,3753675
14140888,12581339
1474475,7752268
1130583,3145439
15106086,1356625
11006310,11268664
2027359,3011828
1286418,4154826
723788,11552160
11433720,500202
2162727,15045131
3136558,8641464
15682210,15330314
3497465,5987531
12843286,6783842
11888420,8216381
8186781,13279495
13675596,11317529
2891837,13329120
5761029,5857788
951914,4504296
16217888,676727
4950437,12377076
4890480,8544623
15471816,9482223
14112148,15792583
7149829,8164781
16226300,5542601
12789273,6024371
3918852,13237094
3488556,2992950
8188166,1685652
13516618,12385555
16612671,9906114
10960551,9018809
5938194,10164995
460415,9280878
2804840,7176436
11626249,14115287
1475215,2379457
10472630,8147885
10266056,13777046
13817804,16048335
5818000,9820082
10620787,13088448
11406189,11678105
9469068,8841204
15472394,13303052
5572286,399028
8018890,8287635
9926046,2797069
3225863,13761700
3585273,12827909
14884630,397993
6698153,4234639
11585505,2041454
16665611,9666916
5437768,13670296
13160642,984630
16136280,14366370
12795484,7709694
16458925,10425190
11871395,4004002
7690682,9831374
9001153,13131596
14047499,1822959
14079878,9984587
15624466,7669257
8578616,10997024
609893,15496295
2206779,8193726
11605906,2612331
8283557,11242278
10116172,5777567
9976741,11356284
4237235,4918963
895764,5839946
1811389,15941118
2683745,7219431
11009708,2645178
2364264,14122451
15019362,6472897
12569416,3299844
14887933,13889178
11737241,12552446
14832764,13533795
7605575,12763075
1529986,3980561
3988868,10806924
3981664,13103647
7955148,13365787
2137689,6123821
16284551,11017604
13622664,5313418
13815994,10069199
9624385,4231101
8318215,9560623
14828063,11748297
7157422,6880526
6173525,14620693
8338576,8261163
15858856,15961008
3384848,1130453
1125745,6501603
3430878,410919
188834,14616243
4682550,3954717
13327184,3700300
2303883,16012192
3255074,576341
15245834,10899720
3385377,10018080
13655278,6778712
6639224,4413821
14616728,5622726
7696471,14555271
6415360,1819447
6559329,7473026
9224065,15266413
2389717,2803608
15370046,10981293
10582847,3777582
5171258,7735612
9437265,5248961
5915309,1962119
12234690,848961
14031973,2182699
9265591,8954391
5403133,12435492
10699007,11345664
14129488,12252066
6275133,15161625
6774540,10434516
28127,15432665
1405478,1489346
15680886,3572705
543807,16271853
11348079,15928376
8270616,7412537
5298473,5177257
5563898,10237524
4502459,12117297
1466508,15763001
11609435,15841775
7830191,9563024
13427914,6109713
3170644,13499320
5203052,10298020
72934,16537099
3105919,8551373
3028305,11184122
40614,4908521
8660116,13121218
3807380,8441503
13658356,571398
12864201,15214985
7708132,6487544
1345672,3218375
2601273,6565754
11065094,6437819
702994,8236038
7434847,3759386
11081711,3710785
13373012,14228878
2524457,13695169
14555677,10476291
2802536,6127002
12159283,9005553
3922481,6586005
353217,11744230
630568,3192968
6193890,12598233
2741429,12921608
7320925,6415774
3058326,239800
5530412,11354303
8148207,4944757
8343879,9899963
8946038,14240903
9127581,7505559
7234933,8128486
13398141,15684735
12025406,15165912
2025731,14365022
6006357,13525823
15807579,4236804
3162201,3656816
13989228,9719761
11877500,12602584
16139269,12545218
16556456,4211150
7363168,14498643
3411433,188145
13745373,9116206
8739272,5823651
11783105,10970089
305020,7385794
3738318,7724565
10503841,2861637
6613280,15784113
5934641,52660
16029667,205326
15583959,5551026
6745355,8638066
9382515,4815035
4113936,15728343
7722867,7355967
7542060,2558441
2154274,7023893
11148273,15032333
2239776,2962083
957878,5853696
829683,11322150
2861517,5733299
11341869,4364545
5006052,16116444
12610284,8571371
4281663,16307676
4502335,11827096
9582226,8307144
3140734,10178965
13514571,12801998
13623462,7549399
4976590,6056092
15769167,7163175
12154664,8164766
15712660,15258652
16173803,5167788
6656075,2624309
13769364,11631047
5545081,1625938
9492947,4984483
2528130,6444095
2407797,14682869
12489526,3397934
3971366,8439602
13147325,6897227
11282849,11253196
3903041,15382017
13448484,11874763
10987799,12653853
1309958,6746680
13473329,15495146
8975648,15717566
10684514,171985
5206631,8838091
7742433,2432885
3015407,2789798
13552167,15719341
1443298,10788526
6239511,1665101
14350608,6465185
7693538,16471586
7406572,727028
13250901,16521409
2467040,12881069
3650955,188275
4802531,1256459
5242331,6783995
8066033,15451260
13932649,128111
11792718,4728914
580016,8349332
1699868,1207454
4126423,7678423
11475356,1697106
6341515,4684953
842114,16106859
16178706,14446990
1114431,7154161
7868818,13169736
2803917,1177476
16083534,13969510
3940684,11134604
8932105,5426185
4011938,10630460
13837680,11675639
13641271,15577987
10877213,7497980
2945331,4978124
4389429,9997858
4206872,12859378
7837548,10434858
14530293,8870272
4583866,4218899
3753349,1265157
9244381,13161179
12342609,13524057
1039057,10321816
12309055,1085515
8241231,16192371
15250321,3197103
13811402,7636976
14823930,15768208
4890628,5658323
7375940,16251948
11320321,3225518
5986135,9239537
4381954,10320126
9122548,474292
8868603,2038741
2083872,1782205
4844952,2510879
12101394,555486
363758,14136794
2128964,3434843
582523,11576316
10490909,9650405
10721448,621939
12425237,12463819
8899760,13692409
12063786,13956367
4305101,78361
6777893,12877791
4179766,4484630
8829884,14159763
1410848,6789227
857137,13006123
8874251,1499851
7669357,6476973
3509739,318800
8376844,5436595
14552971,7242682
9055110,11870154
3725602,7111568
12745841,13459102
8481297,6918237
10028655,4663005
6941591,10384238
15325768,8104748
13486886,3707753
1274479,4412785
7707197,14272280
8355611,6953647
14075332,2128930
13980035,15532380
15920660,7852062
6438691,3327901
13131908,9192066
15549747,1140476
764527,7698792
16652769,748076
15326992,5091566
9757788,10958389
6202859,1169724
15268225,7603888
15386857,9954870
12038761,12048895
1504041,5593510
12763881,4992675
1864889,12209554
10181995,6829697
7585561,8331794
15753654,7754255
15962977,13871686
6829654,8343489
1710300,15322424
12492770,8105326
1428537,12371386
14071411,7078005
5571922,8859357
4716943,9141802
4899221,4456563
11939408,3109496
9921930,7201951
16459881,3396282
6066717,10396510
923416,8515356
4262177,7788148
5433047,11677239
4300569,1907572
16590221,9652262
3044311,9872733
8103612,1203514
7530034,4454246
15315201,3180186
15347782,14594344
11798461,6022427
9913333,16244153
11491335,1336941
1895483,443676
8633565,2169674
4039921,16083287
9322939,15927229
15011319,6113001
15263651,4195100
6186393,11995403
9445054,5160857
6697359,12881634
9610046,8097397
10217130,3474686
5387194,11279540
12123297,4835579
3023271,12947210
16176064,13873888
11177706,13995064
1290482,8176056
513830,1675739
1457404,14621868
4103266,3979643
7493152,3587671
4833404,9363571
14861249,2149055
10512378,3397803
1097933,11568415
14654169,1213252
15716970,15132052
2315574,13501983
13101062,10344040
15360134,11247899
7652879,9625853
7956084,13841013
385218,10185872
3144511,12987961
14481145,1231764
3131216,16304365
11580871,16556611
4855432,16426149
3544660,6959123
15654089,15082535
7644466,12961946
8020963,8504622
12660544,1255237
10069655,10543689
14119711,12950097
4490148,6807181
7694632,7666648
5938356,7767740
14764113,16655787
4263716,5025512
5810879,7981149
2550766,12103786
6002489,3585394
2304217,15363758
11663815,13129764
13361006,1337008
8371159,5003162
101600,988133
4749009,241645
7245307,2689242
13443426,1008911
15557843,9011793
8321681,10149781
8380631,2023722
13505304,10662802
3669410,8374403
13625331,16018268
11622215,6330138
11428710,7980482
2054669,10183071
551346,9800749
3455054,2067397
2347394,12354694
13814873,990767
250144,7956773
2984093,607431
9926971,2077182
13914031,13254238
8113546,7181081
11146006,12673617
16025748,8767338
4566540,1935702
3689491,5359421
580041,12520821
270954,12846947
16619820,12431647
5614810,10638389
15359814,11936898
13432761,16409631
2761859,6843907
1616086,10371972
6926794,6460420
8622593,1163747
1104236,15904036
8467976,6854280
9277332,8559070
10525503,2598489
5939727,14253986
8075236,4734816
14678059,6543510
10697427,1636837
3720279,10097978
2874431,4640802
6249083,11717862
7126459,16718385
11634904,13059888
2981596,10162106
2236417,14282932
10587654,539626
6709969,13639567
1458346,7520748
12664188,1832729
8177145,10582753
12775181,6408809
3425673,11263678
8420785,13362857
13129943,8975648
1769145,1672722
2934248,631740
12321298,15963965
621848,2726973
9330984,3674289
5193044,5242996
6504608,2976058
12593741,8061517
6987361,4482248
12063264,11573575
10033762,2257216
9238041,3602300
2029533,8408081
475595,13669852
11754310,183436
2658255,3826912
16574330,15695964
12258511,3900835
1529096,13853302
13904706,11686939
4297679,13561836
11710760,5685050
5380469,8710938
4388177,5762447
8690556,5849978
2246749,12326846
7806,15911102
16376951,14499783
9786168,3349193
11275536,188452
12188097,8800772
15638669,12814214
8873547,11673607
10887836,6522528
13278462,6040432
15470884,16203030
580525,8747591
6393669,5962744
11295214,10650158
11945905,1612969
15468826,16096396
7539130,1791213
5394052,1092795
4990488,15022442
4298858,12356921
13669689,15863894
12882854,9641915
8717432,3470928
6827191,2994571
2731628,11758597
6955818,705377
7699998,10630808
5077110,2166729
802303,15557887
14507014,9955918
11961575,16354950
14262279,9292676
3027612,2530877
2873288,16128451
10460516,4377649
11551895,10368807
5726737,7786048
5223360,7632329
12292147,8752895
3563651,5025265
31812,1760621
5415507,4518141
7376592,14232342
15208673,13983716
5400297,15874271
11726437,12113335
9164703,4651480
1331036,15750015
2636509,5035133
793445,572018
8572607,3819389
6546697,10105582
1135968,10116935
12293564,14828583
6159661,506297
9810447,4904534
511639,1047407
16188147,14774072
15557837,14120549
3437035,10724348
9644632,8281592
2866631,4475523
1722492,10579018
11714273,4668451
3969479,9275024
1768808,7597726
13403409,7005490
16403101,11969009
1098263,1574077
3794944,10502503
5106349,5081996
13319206,2200430
9234929,9452425
1004398,15813439
9974351,16683440
10584362,7077113
14426727,3265649
517285,2537588
14354878,16434441
14598478,1287652
5608549,923968
14207596,9650865
14057785,12471283
1345421,3387735
9651467,11256842
9391116,12389633
3310689,4948318
4699428,15069356
3049844,8442365
5149577,2460622
15888489,2089429
8789442,3468995
10282870,11031802
12559090,2784790
4350288,5107529
1422629,11513290
960333,1154065
11685862,15191720
10278487,4164540
6775892,11286629
10591468,11057733
7266424,9495935
13602621,11404548
5049152,15376341
4530983,11092720
9516898,7539248
11299324,4339822
3600078,3958871
2815574,12096235
2186814,7708265
14534569,8390371
5612246,4619693
7449808,8626278
5268701,3083188
10834732,295745
10351060,5425727
2219947,5700008
12464975,2008590
10759216,8863886
6108436,15666782
1076438,14259816
12198838,8109622
4695027,9909904
6168058,13274439
12844154,10483773
1611556,8432681
4968163,3157498
13680283,7509022
6451917,4156058
11606907,11691663
9400257,3370546
1426222,6079126
4848312,1090711
2407260,15960823
3216404,12435226
11664126,10069504
2918508,7839682
6468989,746570
6159276,4667753
11168106,9175754
11247336,14599362
484647,8623782
15112590,10282408
7236982,16258444
11988346,466142
5093331,992219
15093039,20929
3117239,545255
1044127,6978710
4831224,3461568
16061405,1477137
16149862,2937485
12305320,752127
9040342,13174026
15697378,14983052
9065183,9564283
3347517,14015230
13715995,1307420
4802298,8527730
8050334,5964948
1393371,13515950
9621451,11003507
12101313,7039641
6918625,9915821
10856486,2102037
3480744,10143058
11495599,5897276
3915807,8466557
10177713,6232092
10585087,15321454
2276830,5838290
3619098,8540936
16062038,4815719
7627987,12153976
6115441,6417084
7834671,14419274
3339398,13947534
6315576,5808269
360913,1266579
9650168,4413833
2635032,12144440
8193561,13136014
16556041,16585718
6296720,4509605
13485474,4471478
8945608,14727483
15615295,5006593
14418380,10754797
13281483,4051697
2067570,6211885
9305318,2297153
1533486,11085105
16727914,5874768
4442967,15626966
1615430,2173955
8133538,5440973
11024888,12046362
11471583,1982370
9423420,10510210
14446662,15467313
190061,5779307
11466769,12947209
15483028,15881964
431416,10439316
15870576,10000948
8602667,5198590
848130,1681248
16273917,547808
15633650,13328696
2952077,4078028
15819724,7568993
16474348,9726729
13503130,7206384
12297274,4417302
4219986,9240489
2038674,3768475
8623440,864394
12647140,12680577
9768180,14786297
8397310,3002342
15762848,5574840
5707633,11926836
15770562,768389
8543181,8141026
10184767,4642458
6713227,1038291
15346084,1998784
2490005,6451043
2470144,13143029
2717303,9999010
3040516,14618198
12469251,5713371
10719338,12935607
9252053,598710
16109682,13890442
14528541,11447216
14977409,11647968
6596206,9992031
1618622,5908865
5319623,7984355
7308584,4345655
15445591,9057490
14229110,90331
4037054,3225648
1482626,14858809
13359231,10104687
589442,617955
14115168,3268084
11479471,289286
10906136,12814007
11290718,15829591
13343372,16672552
887831,11956317
20320,6349612
8030390,14107145
5099292,341469
4173626,13242163
7308306,13480192
166497,9973116
5547446,13597841
13139076,11723910
9147903,6956760
2881006,1929402
7535737,6069982
7620211,12831383
13329864,1851095
15370512,5729644
7702288,10035552
13631817,4953601
12133551,3110682
10230476,6640921
5917808,12740258
13432605,8614969
1360142,367307
2029807,6199481
10102819,1237582
1039743,13767091
13127949,10412101
7067269,15164708
1324016,16266233
8074145,10188148
6375227,7578828
11758100,9022320
1393334,10609013
4800811,7100587
10240003,6727153
13713977,2940600
8080523,5554935
6982713,2150236
5055139,7274190
5987542,11473752
10377564,2007624
12121495,1935314
12460636,10249916
14172447,9346278
11659704,2571336
3931572,13659422
7633523,13149680
6923477,11123959
15165863,10594008
2914516,14622703
15122863,8111156
2082160,16614097
1171468,5345843
13114043,4526467
1325158,4368776
4671439,16753719
1257240,6656360
12193774,1903740
9077850,5778059
8691584,418352
14436921,5956053
13604828,15664924
7090693,12358158
15039955,8351738
1422799,8979083
11936617,1646455
15407715,7905465
1692362,14548293
15104828,4064822
13501542,15130378
256011,8465385
8316498,3573268
272656,3725593
15904753,10125223
12791281,13545182
16517010,3484829
6238076,542003
11695312,6768698
14713598,7087495
3544596,6148092
811819,10353526
16161628,3893757
8867274,4683407
12415097,6036041
14180747,2148940
5969510,16278901
1703871,6616571
8427778,1387242
3647479,7593837
9485953,5750387
14578660,3659228
6743263,11415265
6893296,5984523
5521692,9996514
8981763,11092758
13153153,14189353
12147558,12370931
9632195,5330325
13705082,15587411
2367881,16360031
14106614,7072690
8611224,7165655
8600658,7353657
2358646,13414420
3610357,5928207
8167891,1154708
13557077,13054326
11080927,5262087
842000,14394916
3559720,15345242
16696499,14001350
5966755,5168445
4925764,15095858
4584248,6397759
4300389,5583001
12825644,13301104
11905836,13009828
14735827,15116183
759925,7255665
1897810,3526466
11974739,15992711
11557491,12548029
5172049,7429635
6737809,12288143
16696587,13012700
9234742,12739564
11601287,6652665
683387,12412952
3193108,44473
926448,9888854
1861141,6837680
13836984,15598779
9094696,2810751
4309797,6231285
6168710,9896423
1470298,13374039
5281929,11146957
9069846,5387350
14268973,1201127
14869971,6892086
13747061,15903784
3119135,10854182
6847153,8176669
855472,11579321
14967977,13004344
4993045,13107110
2077184,6649918
10581009,6281497
13839115,8953585
4907063,15500278
6745079,14932926
13668089,3032200
12387642,8565946
4452172,6784305
3697896,4587880
9052728,2065820
4647643,3764960
844259,9892909
14894454,8766534
1790926,11364553
16164341,13860542
15560822,3077294
2917671,8518471
2674168,10830866
14195647,2354867
10576614,4315782
14167508,15071251
14493849,12299569
7731489,6685085
7577991,14296056
8668785,14331628
1487490,12407263
9998516,7085473
2442613,2518310
16434666,12074212
8961520,2135833
6820007,1136615
7531712,598818
7739525,7641148
5210807,2302663
14263692,1457561
4600728,8896150
3743291,13699836
3934575,15071265
3089970,10148794
49527,1535866
10354501,13712253
3256060,12913485
6815179,13242389
11534654,3137274
15142034,6847993
14778720,12991906
11685948,4588843
8521751,15578936
8402873,1175312
6325790,9101310
13426098,13784014
334937,10538065
1075507,9787213
1417336,9577964
948616,15962289
2380411,13200400
983219,8230675
3940177,9751721
6045795,3882217
7847793,3320217
3034629,12866691
833264,1040008
2796760,10779818
2298966,9997979
6100456,14293936
9322225,4934914
552477,9960481
13273143,14600256
4712650,11689014
6775578,4406040
8760792,699301
7457272,14135180
10733736,2317078
11540888,12608034
11302330,15392455
5902035,3363524
8457789,12927222
8541543,9420046
6620769,12147627
3527421,13516985
7598142,12631604
10207500,15922996
3182761,14519423
11940825,2326556
1725128,16345264
11364685,2424110
13485768,1868390
2761226,12658874
3043778,6322161
1990914,7969659
6717696,13563739
16347808,15424276
8586040,13519362
6904167,6361247
3990803,6242580
14519403,7436569
11669676,130778
5533114,6592728
16032896,254856
15651998,4499551
632264,12185366
1099415,288283
6710956,9925166
12122776,11015539
1455835,14754957
8383361,10390346
11715853,15969459
2621415,3420403
14515466,7191251
13284,12012110
11093954,4641642
7461759,1948354
15589309,7411497
4527444,6769212
12614116,12421941
15246624,14745523
13554086,14866308
10908322,2749903
4340010,4936486
16731794,11488689
3731489,7916970
1167895,709924
10201953,14332317
9751507,10383173
13390248,7681267
6359,5379719
14167354,13738095
6886876,26615
474569,167460
10693553,12010766
15599877,5647058
13584522,9904621
9769674,840159
11733464,967613
5283492,9990565
4336594,14598646
14247202,13685594
15969737,12961512
12225741,4357503
653866,2773351
16381248,10296449
7628748,6193624
3007815,2739999
12203168,5525028
15027357,3460036
12085717,8668167
4404977,10447940
6268726,1212686
12410386,1975713
8493806,7013498
3733083,4475785
11975189,11891788
13902304,15426127
8941007,2133059
544563,16010001
6778718,5011254
2134818,4223706
14582360,5587265
1749463,14007076
12886501,1393151
7588928,12467558
2741937,16145813
10969491,9391886
4168427,175912
6248941,6556101
13989839,12403416
2378815,7529030
7857619,15276201
13328848,11894851
4400520,12385307
9239593,6226918
5229558,8428518
3659366,5011071
10328600,3608224
1070614,9953782
10174612,9734637
11749663,9880713
1642900,9714860
16501801,3656357
709367,12874507
14834088,6838038
16523962,15360398
11356007,12070666
114928,7474417
11658565,385031
12867054,15828614
8082264,5997804
14771348,16480583
7079007,15861404
8299669,1452424
1942123,11417202
7187354,4813023
6914501,2161861
5313072,4477732
8473377,12935298
2947283,16216548
6654319,13885533
9157886,14348079
10815764,1761098
11717171,6751670
7361957,7548856
457121,9163107
12547898,3511555
10017989,15530185
14707682,11820469
8169912,10936823
10209869,5227281
5526522,8515230
3733711,5203783
15297258,9273120
1933506,11828351
12587660,13500628
508154,11526900
11928710,4829467
2832362,12416565
13370683,2510607
11099411,10615118
12540511,4296851
6982505,594442
572611,1828515
2569929,5321131
11862054,2698749
11021151,7229873
6742758,12676074
3362782,9936702
11111078,16326809
6944995,8237060
8239573,11372456
13462386,937203
13877884,1533800
10740138,598159
6591195,41097
2209582,14632598
14597792,7027247
12540770,12333546
16653712,15916913
2294566,10122110
1298414,13281040
10395295,2930331
415754,7434882
11478258,7066374
5073240,14291936
15758935,3495665
23697,2400189
15015118,1377666
12059593,10954761
13136929,16602826
15605595,3621087
8307539,997828
6457369,11556772
31154,9900396
16251461,16733910
14293064,2307121
4764544,13824290
2366751,1468082
1166384,10914360
7844685,2909247
9529105,10443021
12518807,7949817
9033593,7712039
7118089,2153489
10673779,3390118
7562906,10536828
13803919,11213124
13794988,13120955
14241092,14637129
14728080,5079184
2692046,6713130
2457765,12997911
8211565,5625659
8414697,7911971
10344214,8928725
10291572,4415896
10759627,12209640
15975602,1113933
12561438,3849651
14622225,2831961
155038,8173492
512298,6593689
823652,264086
9581669,5173413
16533402,11080770
9994811,5979138
5173274,2898332
8265300,1287580
16700751,14974923
2372445,15477396
2342098,15940856
4470511,10045486
11401112,146473
16034432,7279597
9996004,5257672
4056540,15292867
9515529,5193241
12762069,14026967
13662870,14052041
12082074,9764895
12562946,14225211
14538919,9587465
641735,994417
13987563,15316279
5852678,11602017
9883534,12954754
1957589,878086
7174344,14363933
6207844,2526932
14886395,9072411
12126248,2657105
14917172,6297426
12037206,16407043
4120969,16253736
1175819,10953197
3000109,3967780
687877,11312712
16551155,1106100
12693416,3333221
9910015,4295203
15084317,5560571
11689851,131876
4926448,8597217
11762313,4141555
2688493,1549569
14491969,647540
15332188,1537499
787541,5752520
15335523,12124205
15573381,9122236
16316123,1968360
7662000,16090203
6206824,6665511
11390961,1447802
13157574,8055580
14416951,7010124
4564430,16731406
9081276,13498884
15635972,2646737
2726442,953257
4164588,14616986
1283210,13596289
14775335,14073514
4588312,10731076
9876032,850619
4303919,15088639
1913181,5947967
12605741,4592993
14040235,16053110
9720691,9527663
11568408,5838878
7971144,14777293
9343310,5073035
5865998,2911771
2189572,8707762
14595381,14820642
12745536,6471198
3850898,9887854
4273795,1598255
10734463,13518084
15526264,4882140
408594,1779333
10458968,2387644
7709523,5993846
3021086,14858029
5721014,8075633
6780488,1447451
11885673,7915783
2731022,8126550
10148436,5982709
9993023,10200014
10176416,501496
13469462,15269016
2339874,14671977
12050761,12042688
14689383,4676712
14169265,7271415
771323,10700378
7137907,3948385
10780701,5047622
11181709,14739892
10644056,7505527
4415019,8394293
13845111,2934186
7166157,1103413
11035137,4870463
7849942,2611681
14244421,8965613
7339839,10655218
1985952,16391084
8508503,8679168
5670734,2636459
8803089,12675970
7933205,10708897
6882988,9623087
12869619,15552520
12968062,2921854
3887148,5611757
11753454,9983896
8762342,10140496
2710975,7325951
11261397,16559870
13696283,10319796
12062143,6540920
11029711,302403
7547109,8156691
11057146,5765624
136029,1781972
8693075,13703423
11396730,9030381
9433249,10204905
12041032,11481113
13605244,1014616
9004134,2071016
13214319,7987371
6932375,13519793
7000465,10247578
9661906,15834811
9413182,11675165
8512239,14287450
16038296,113064
1063587,12852755
11123370,12340889
15831351,7102532
1710717,5916450
10113652,15633379
6473338,11617688
163687,4974924
14014981,13613828
2249580,5145458
8831759,16035707
5579250,581778
10304135,874353
11060873,14048416
12278996,16210647
3602459,14726753
3041986,9366121
3084469,6768903
4218111,3330513
8690470,13604165
14710555,6557176
7173269,4653278
3023700,3890617
2308866,6788333
6081028,14296177
4428583,12927943
15170697,9285898
9118507,13317550
9565808,12555521
7003993,14043753
16153454,14389611
13327176,10630710
10591138,13342405
153117,9102187
3464031,12114771
16243041,975485
7512838,6346343
7193725,2669288
11235500,14573223
1524491,13047091
2956279,4801092
15961514,5186737
9845710,8065838
669450,15677863
13390597,3691455
897500,12741651
3501419,10057186
9205241,11037125
14895933,9754100
16684575,5054748
10854848,16756777
7323528,8627232
55090,7596928
13740783,7877673
7984265,6232073
152100,1689023
1122671,12298570
10152223,8476920
4587612,10503214
5837479,8656256
3526486,12611398
3559674,11340086
10540092,1849794
4669839,7868865
2354530,15290432
16101813,4650842
2955123,371665
14307977,9863161
15316630,5248716
2820627,32450
16109904,3620079
1017887,1037903
12373820,15252376
14995383,12546814
10834690,1792336
7151554,12388264
14855824,7662511
15670602,2073375
6399252,2039199
2104357,3060501
10276341,3229966
16270325,13882616
12827336,5481133
4574805,3051319
6837606,16017347
8623478,11316317
13178822,10553781
3976182,7452985
11805178,11169073
12276609,14339075
16508124,1228299
5877292,8053701
7753046,9420232
1374699,11982588
4720275,6744180
4869318,15242087
342000,3927055
6552332,1316898
13181774,15892611
8241492,15708903
6357229,11201680
10595978,16792300
22189,1311088
4467581,4521895
4239206,6519638
4535471,1525215
12955274,10029015
169920,13578035
7465333,6877033
15146415,14690713
12712365,1090218
6933358,8240785
14389438,3201416
15158846,13829432
5233698,4435989
15181756,3259708
634808,1704721
1089303,7028681
10222904,6291300
13366817,13213375
6991721,1311592
14542720,15596010
5422605,12287342
2645253,16652801
2917739,10431644
14369317,16290096
6523474,4393360
8080684,8848401
3464981,4829068
3984561,7070849
400265,9983605
9799868,10683926
4609968,7802887
3628724,7329203
4466111,12476199
6977207,11463868
3444444,10751135
4449602,10253627
2347180,6405483
13293660,4379846
10555673,3439358
8654478,1782905
8955366,4502679
13268468,4234271
493448,9902431
2849592,10593171
6817467,4996709
14776514,9123275
11434423,9133872
1616371,14374319
3340870,6893586
6902578,5074728
4246412,1906565
7605296,2613479
11987882,11634602
1920975,10059716
2368499,15162874
12846486,9547960
10215942,13810101
15866138,10495333
10758430,12761455
15874177,7605669
11681915,6059644
16496723,2925054
401458,7041914
2575474,2547683
6812711,9424530
8608069,11745945
1637035,3726612
11668438,600584
13722137,7427074
7489181,7088422
10901733,10491125
5363646,2579884
7601650,12176859
1989753,16742504
12317052,12805980
5779700,2312193
4267005,16287649
4030880,11517009
9455256,6928530
15668700,16604891
10007100,14111624
13777520,11839873
12982600,3076509
15073975,16282089
13245980,15497290
11889780,15813766
15338607,4801486
5662607,15994537
2413869,12189931
9516274,16585885
335881,6465973
8416725,8227960
6925789,687672
6254814,16121858
12066167,14497600
14720857,16782209
4589619,11927756
2247534,12552818
13064224,8083914
4589644,3922382
1666750,12645523
16215674,3354367
10512880,2988939
5967230,10773905
2103162,12211382
1902670,8874256
5826116,3538300
9428871,15131377
9675519,11268280
4685564,13043706
3589119,6785482
11552639,15512885
15460829,7552793
9035138,4422280
13149794,8953955
9436789,7053279
15258752,4050710
2844795,6604932
14509304,8856546
2690411,14673077
4114621,13773177
14748956,3037198
6633306,4721728
1848346,15515827
13234880,7850152
5455117,11478595
13913169,7202969
3405769,1791801
1958081,7040995
12931979,16414578
556027,56754
4567278,9549172
4186328,8100242
10707302,299096
11762685,10766224
12919062,9579180
4786288,56830
10831673,11336896
9749680,13965129
9902384,2345073
11045172,932329
1058874,16356657
12197191,7376946
7454649,11434629
15630036,10777177
13661641,1543515
8965936,2355113
8166061,13224234
4862010,2778618
10980831,12422074
12919235,11563289
1852068,11504487
2435493,658263
2046619,3484760
16562296,4630596
11211917,3604454
4827805,3510314
14585830,4061862
13749765,5761523
812407,9985358
8617629,6459635
13058909,1954387
2886877,7943345
2364314,16601816
4353131,10740165
9421366,2036201
2633970,14066689
3582360,8518171
11483669,610416
11828485,7278531
1736990,108199
1418940,4523036
8252576,15692894
16579796,7184900
887380,339366
10517016,3261531
12073653,12345619
12502473,1427594
1684919,8947552
16246097,5919506
3195808,158576
1521467,2649779
6613894,3271141
16161384,9615234
10817418,4677806
6981953,4473066
12915405,5813858
2651699,9452662
11780849,2722741
8912997,4520123
10506612,8374693
11039843,11281963
14075425,13992410
4864048,13423532
12494549,7445526
8277071,13352233
3355440,511482
13820417,5707027
3328553,9848736
1221844,8410426
1156221,11071957
906761,15716866
351930,14270074
2670082,16689257
14815369,6732746
13997992,15995595
15940621,13066052
1745535,10132469
13860095,11148685
13419256,6662797
2930278,13314512
4960959,12878930
6509942,8029966
2381338,13594871
4834656,8914663
6219457,3864672
14767406,13065663
14729797,5456342
14806643,13779404
9278100,15765676
2055955,13363538
10335385,4873797
13220835,5802618
8261518,15586122
14786803,4074432
14485388,5881805
4194081,9887592
2038955,16763787
11499372,1750367
10002663,4795877
3129458,1486312
5663097,3017604
8545232,7097343
10547832,3457949
13921155,15788917
16602953,4623820
1387191,15240136
7144876,15734186
10033865,5882533
3751048,14958838
2220643,8654590
6326357,6563379
15296417,2389363
13416594,3226440
4349483,13624974
3308827,11864062
15845172,16207241
15501141,15654888
2778719,4363239
12812421,6907150
1267399,11038808
12846275,7161464
15221314,2097249
9420444,8052331
10049615,945352
8863309,11973522
4480491,5644642
4231003,13807064
15563277,4124112
16449690,20432
10831102,12536592
8884122,12316171
3163904,13881155
11531563,14257819
1012432,14793559
14868839,1063292
13412855,8373540
9797281,16624582
5510966,1668107
1022627,12936229
5657520,11791502
2732435,13702381
7753004,13441229
6435953,14755763
10784285,12900739
13367394,2855627
1161694,2068577
14379317,10957798
15150574,16245881
10378913,6203349
4677547,14178514
10346835,3713180
10107585,11140767
1924463,5793768
4785725,9486094
7862978,1476373
2460969,6217593
14838780,10871724
2981434,6500257
14274376,6590695
16100504,9238787
10005089,16502010
2788103,4122312
11557816,5394027
147184,2389479
2043994,6902196
7079509,6926127
7166136,1271791
4278962,14271850
3012441,3078371
6509281,10163041
1531734,11272004
12607075,12876631
13457381,9371227
2420463,2903832
6383251,4079809
314533,15711014
6060477,429318
3698423,6226265
8608639,13965373
3770469,12858319
8322963,8005584
10362285,5360455
3337656,10977409
4138498,6987615
2378827,8852038
4564868,14011710
7694303,15135332
10110612,14539701
7715794,15255536
11490,16602517
3305617,485944
16367978,6945255
7503717,9234119
9114638,4970776
4620103,11185294
2272083,16721628
9472597,9801862
7603875,13961664
389979,11142137
10066581,13410238
6897699,15987139
11452916,15299635
3503889,4170976
1820784,10083814
5673577,5010672
13724105,4409134
7964514,7711391
12631169,7465545
12810508,7020397
11246148,3612651
8824674,10269928
7421187,5879510
11614976,10500186
9283953,6042768
6882639,12765405
311520,14292912
7662320,214564
6305192,2502000
14948943,15535420
14645191,7061101
8326549,10575369
13573983,15863065
15287834,2740320
12048512,13759
3253640,7817282
13005366,9744741
7717796,390491
5959882,5123304
2920022,13209187
7065550,5016739
11763877,16665379
8698363,12305934
4656030,794796
6003623,7100568
8749614,8100126
11148095,1428003
4349426,907537
3200171,2824802
11528393,5524129
14782191,10226975
11835333,6251639
1806447,11370985
16181507,13235224
12692826,11296142
13716802,5792978
16398556,14654221
15908261,15583896
2826949,9883917
14678117,15018158
5289011,104994
3402453,2008724
7939925,1036196
2893197,6730891
16609621,5628280
12534927,7079782
7631051,613845
15657709,15046983
6756141,15875907
13086628,7286395
8019208,2931636
12520924,6764083
11804496,15124556
11092614,16356645
12613592,2409064
1028589,14245324
2665458,5315601
7340848,7849192
10973336,8576976
16084271,2690523
15279715,4377415
11782162,7212732
3306505,13209877
10972546,13149677
6765175,14847976
6906263,1917685
5360204,14154343
16446156,8112346
10235370,41312
4939584,977710
10896974,13639664
9009911,8840070
16010809,3443579
14731571,11569182
12209105,2313646
7224458,15050147
9845488,114083
7140141,8914668
14070028,11757614
13344657,4918695
10424595,3431153
9932407,8899833
12722760,2575600
475193,2291024
6157791,9118832
12877580,3665315
16581176,15149376
315255,5613818
4932529,7359544
16533353,12307819
13376000,169173
12042459,10816008
173511,4778004
15079611,1120095
14376111,10115317
13133380,5106456
5336237,264193
15916271,14397489
12794894,10873564
13724385,11039424
5883089,13197775
12284275,14244263
13351706,1327306
11860344,11823742
9484083,14925013
15122091,11807034
3772180,4664827
3476966,11321122
8912671,6857400
15095506,6856505
15448000,11766298
2544831,3748727
16753651,8504772
11929513,2996442
9751679,11914829
7279205,13011815
12898310,7740187
14408439,8201733
7804339,4350494
4857021,15152429
3707461,1443518
9093886,10692717
14681313,1900628
4181140,11730705
12960535,5338885
1364962,14996398
7059830,5587932
7744819,11177492
3493440,13954205
6902370,5224110
10910109,11102930
9215601,6062065
10361808,14395681
6176092,13721365
16659870,8090688
13913086,15653529
14885590,1753122
3315472,15521004
4315183,16677217
14631855,5966335
480754,3578830
1500215,11654815
1710713,12992096
313395,11600339
15041861,12115803
16599702,6228354
13764506,3374877
16233016,9513167
5035603,9477743
14938383,15055081
14252175,5226302
15673419,14985389
12863228,4317929
1423041,4675369
16626647,9839578
16065265,2191558
6354382,10388254
10879179,13128003
7281272,10202864
13316441,7933418
13697725,9059367
4217903,1734959
57306,3641210
9948305,9125034
10274685,2628458
12377815,5850931
550756,6931101
13301912,8865779
11852371,4107924
13289887,5478036
7693000,3989438
10446713,2678142
2465386,5442029
3314793,15361827
1962520,16655395
764682,10360955
13600471,6198554
6685416,10641976
15108993,3521361
11287336,15871376
16264734,7276482
8788286,11475722
2280708,3557760
6629904,9911688
7987291,14131518
6463458,1972855
8975468,10824279
9111365,8641921
12072909,8168147
14419837,10156459
11262155,7089111
14543009,6896550
11591575,15307708
14309397,9310829
16583025,15288570
10086280,12421885
14784202,1530314
874115,9231157
7116083,3274561
3568670,3481114
3900621,862194
16537441,15135235
6262406,11498078
8060345,16249547
12438214,6897933
9717837,544758
16389303,3291672
2160736,8247155
1979117,1923068
49829,7675691
11368761,10208041
8583993,13868716
14163651,1325921
10961044,3996445
12992244,16691960
4450240,6061583
1086426,4296233
2546233,8846360
9944290,1708454
7054867,9768983
3177757,12026134
2458799,2919679
9653895,9080759
9138142,498365
2158412,15381518
8518890,8112712
5790823,9309496
8546704,234414
5843076,11271548
2634468,13648149
5623817,9763859
11575220,1466568
4319719,4182169
11701390,12145076
12361462,2682054
8809048,13093543
13207075,11250962
619233,5339874
9885597,8754461
2106612,2570140
14113159,15634551
8798867,5350838
1236192,12188080
9991770,950347
14570260,10395721
15576769,242038
3088900,13467209
9846261,8823258
1403367,5266618
6135082,3231701
741704,12025041
8581179,4171348
266524,12662300
13425668,12591809
15526718,11802824
10968247,7915621
2911311,13571070
11128033,644170
5325602,10903989
8693953,13424561
7604918,344453
8251929,1035131
6736737,4935125
3993493,2570011
6031741,2574467
4541357,5129223
16388511,5630796
12851258,6521267
13657876,3198796
7537323,3289284
10479891,4725941
4946379,11077246
13977323,7596636
16713982,9107848
8695605,11348629
14745575,14353966
10055718,14785783
5931729,4617892
13313550,12301944
15607726,1984221
13814293,1552669
4931113,15907110
13946025,5790974
16523117,7604690
2275374,10815620
8342755,713798
13554791,11009266
1224744,7936178
6098807,12656103
14726252,86434
8614651,11716744
16515915,15979524
1406994,9339868
16600418,1506770
15391207,11870993
3420677,12493186
14402085,5833371
4800349,10006978
4408930,11238309
5143968,11307338
8003108,11431357
10007140,9320419
14896339,9720423
5890452,5365318
15302580,936171
8320743,2900282
14274895,427279
15610301,5672587
8633292,2074363
11808595,10491112
7229019,13213197
12449397,8670107
12966093,10339225
9126377,11260586
2107321,10265040
11866791,2796973
15033488,711404
459096,12231024
943046,14857626
5258903,7754382
5213737,8384606
11601504,4358829
9838146,3960566
8593139,12569941
1706474,4059748
14886955,10950373
8174727,13753746
13687874,16647530
12760330,14443424
9279240,9866485
13585079,11702801
9538396,13078627
7424708,9370005
13648893,11315706
12213785,8986911
13899449,6564287
12517056,8135525
2983648,15485560
1478910,12133396
1202746,2626850
10182121,16176642
8684054,4731055
4409932,11033079
7785124,4308483
14498555,5691336
11571831,11587202
13848776,16587102
10402701,11237329
5825724,7681875
3883127,12739866
11536997,2805369
15529339,4817270
1708092,11488186
7727875,3771886
6930349,13678024
58728,8193045
16505544,4418120
7192609,694632
6970801,5858673
3625696,9909892
2943911,5871697
5362516,5786020
2338558,1300659
9993392,9312504
2008200,4543779
13956622,13800561
9124734,15052539
133574,15770951
15895141,3073372
1932969,5925360
4694575,3589077
10590505,2622125
8682851,9313510
10574201,898538
970420,7408185
10908214,10419685
8100740,7021972
9080777,11836157
1355956,11214790
1819039,6788060
13016584,1239286
843520,3213966
4423939,14223091
8828699,1580675
699913,5080668
8716022,6782209
7245187,15594943
239901,9506594
3087026,11481802
10291392,6938916
10257064,14456511
11740486,6945562
10471640,12025197
7963605,16681839
1360459,3827762
1110848,12060253
8004167,15144510
11911177,5362643
77509,10024230
14965955,13712268
12846490,12830695
6427164,9967190
3880438,15221893
13085473,7261650
7563896,6585205
12215965,5662131
14551534,148347
6989550,5225085
8268993,4864736
2512139,4768273
8361652,9857704
8414277,2975568
7675448,5111191
11066977,7113663
8301366,14750121
1331809,14782044
16570102,2484032
15837959,1643404
10128057,5378895
4840126,3124174
8427868,14191804
5552846,885047
6617293,1831523
8635547,8764266
4803769,16019776
10218267,14155199
11301890,11681104
9171838,12619062
6172737,9394855
13069862,866055
1949276,12517178
5051523,3636983
1724993,14501109
3512642,16583399
4773005,15211325
11450107,6079681
12724481,13379166
12628727,15193366
16572710,16690390
6050124,3780699
4916886,14097270
9771918,11857334
12863351,15481750
2966590,16740506
15424110,10631375
4224958,14031508
14230640,4260770
10509701,10900946
6236144,6627316
12350467,1536448
15424215,6870086
3080663,8382920
6151860,15178771
8682714,13879572
10628723,5476971
5659584,11822691
16154716,2291134
16442515,2248024
7858202,5630812
5377102,11093611
15845950,11876958
695477,12228443
3081127,6332918
15626815,1151211
15011625,2684612
16590740,10992474
1451959,13666238
5120948,7542243
10996835,6320651
1321835,15682143
15620383,5401573
4987537,8859409
16523995,16413840
10584281,14132035
3963131,290553
1426401,14016222
10204218,16787537
13669896,7087427
14775023,6898292
15739191,15387938
9938047,74608
8383244,15501207
2134589,6865610
2164844,10624406
11669838,10322770
11228739,5471902
1991569,2016658
1260419,16167333
16192100,7400796
6573146,10199182
15682018,612474
16016650,4483941
11546545,11517034
5141387,10006906
3205903,15020963
995654,1895934
1864793,13603287
5840966,10230858
9250453,15087110
5314262,2336035
16714922,13626730
3934280,5066906
1160912,11021764
12365317,11701805
6939614,15345748
7016770,15856099
4688260,4576916
16466761,510094
12671343,12392783
2195745,5568298
5697251,14205172
7280469,11193890
4601298,16553329
14059798,13964186
12000002,1173705
5530260,8814970
2954429,7584109
15072698,1970437
13588792,7736568
4351848,5800938
13085898,14326428
13651511,1545093
3819162,12878603
10285077,6905428
5958329,6919603
3398641,7258983
1766942,16134302
13671229,14912337
330970,1687796
14585915,13027217
76686,4210833
9095101,7611842
123438,14462511
16796472,3207970
11093387,7677472
10563229,15589005
9974725,15834868
4255127,10653488
7940713,2905988
3529529,6850607
11668897,6133955
6323434,6744770
4769949,11183683
14106878,2437216
15032583,8364444
2337511,13216263
5370095,12808537
5148161,12517599
7586858,11998309
3883156,10694285
3280374,12143267
6859423,9515539
651558,1682117
5857408,6140982
12840118,10814471
14050132,15534274
15392386,7373137
7446418,1604893
12536159,1229003
13549111,14357253
1253737,14639454
1452717,1353140
15260842,6722925
5971832,11024545
7687915,10591536
13211808,3417883
10652462,12486325
7423342,7614687
6638080,14127167
8580117,4875321
11890103,6663166
10251654,11153537
10114586,4148561
11117142,2955679
13164629,15628248
7264900,6649735
6884381,2380355
14619503,15661603
6435187,2244285
12747605,3863693
9548242,6679923
4767428,16242161
12504370,423323
10841928,5326623
11365415,5712039
16569628,6235547
8726263,4655045
8058564,6199865
10455713,7260811
8293663,2586173
16637170,7558333
1819763,14169162
10701945,12358085
15474241,5168693
9509680,222955
3833786,11836224
4285515,365886
2396609,5580249
14010024,1479431
3947047,14413812
5262319,3516747
8586544,8124808
8529237,2238716
15395688,14173941
14256064,6066554
15463152,14345900
16612079,11375320
12409586,12461593
7882043,14024476
15504566,9895940
9704495,15706040
7640660,10618117
1273939,6034389
10774485,7656865
5485245,14248993
5843023,4478694
8026708,7724895
1421096,12471681
7650035,10906015
12686966,15081126
4714499,15135138
3032377,15427905
15911470,13620742
11443948,8748283
2265065,14605029
1114228,16031688
7427607,6580376
12946637,6581503
16412991,4139147
8271711,3045045
8100410,7467001
10058673,881783
13845208,15529104
2803870,10520404
10438977,12435182
1288487,5915009
6033641,2180271
721078,3260897
16139948,9430979
4384906,6296699
163435,8153724
1880236,13249482
330364,6221752
11856368,5542401
4494439,2241750
12120936,15279314
14518393,13223291
6620164,12179427
7312520,12192381
14573046,8387478
4631026,7695981
6952766,9021809
6341107,7580992
6490777,15956826
9216215,9990721
13554300,7608179
15374778,16792013
6687140,5798851
13532137,15951165
3096686,2757219
14364937,499137
4803151,16118092
15243135,2177564
10057635,4881250
16099002,7108373
14169454,10031806
296462,15324801
15147920,7847922
9967382,9530000
11775266,14992216
11429055,12124302
3917291,1521553
11376399,5147995
10671624,11619213
10661106,9997894
14848664,11098318
3449748,1898474
8350512,10965636
7072124,3342778
12664084,15784691
314716,10025438
4271728,9809832
16458308,1921327
16158089,5707530
14428380,12763880
9881621,8130320
1560231,4488949
8371202,11881245
7109546,51513
6788363,5864647
2163954,4014938
6947698,10494188
14933682,3004291
15685733,3629763
11695265,13818178
9957121,2654938
11135602,9226024
14412851,8972940
10108321,12751909
13281860,3569780
2488244,15496909
605809,5135364
14784405,5290749
2728878,6627493
15365757,16663644
15853883,15321536
11600338,5492692
14876213,3038843
4472332,10314833
6249864,14362175
12027234,6139302
8078641,3885500
13143835,3266424
11189040,9473500
2570091,13134026
7672779,11902427
9202450,12922910
12849201,13679900
2084747,10684921
5271735,5006281
12604654,12799775
10238239,1652966
1394413,762825
3308111,8715465
16491421,8588912
6241244,16453469
7442558,12080620
11438432,4874075
7234045,8332796
2022914,10841394
3656025,7837340
5108072,5484044
13442350,12835515
14712260,9107354
4030962,9214651
13401449,16701753
4552555,16603158
7666947,5071306
2047540,3888442
7338005,8972014
13268150,405284
12483587,4288582
6215919,15521287
8128776,7143962
1598361,8870808
6391621,10370765
11371698,15025261
15728543,7448750
11897390,13979792
14741550,8211838
10781375,15724747
8430834,6543896
2041514,14209069
9152596,14150256
9051118,12663412
12194313,6882652
10593585,5416527
9130930,462411
6387238,14543972
13121729,2224069
9314402,12021355
12401681,12622918
14216081,10943729
3724135,5780408
15165487,16155329
1135790,10190220
1066774,7806305
13161237,413665
13508287,12880113
9980730,207349
7653655,7558059
9062071,8127493
7710736,5056444
13669731,9116429
214507,14379962
3531518,2367241
517156,7343114
15781596,4647435
1652540,11955126
4135268,15255851
11572535,2823342
3663458,11613163
3014714,2335021
7885805,6762991
11429657,1011634
3580266,3323700
14872953,4123131
1100913,8616030
12642817,4242147
3029443,11878880
6265519,14498686
11657973,5397396
4341908,483940
10159035,5719987
14219992,13524693
1222632,6227963
9033512,6424000
10642135,15656037
4321987,1342583
116882,6705320
16431044,6999241
11271842,12052812
4976661,15111628
14881390,13655551
15722660,380752
4898933,10446225
8559089,13038746
5525006,10859799
4788466,13723415
4478445,11231678
5014571,704460
7577706,1107719
7273628,6418640
12619740,4967271
3808758,14017996
10452509,11834887
6072686,3508435
11218285,2540721
2711974,15153261
1919280,7730689
6723550,5420709
8971714,16647112
1431290,16309124
12769006,9440856
7166546,15149663
8882355,12791927
10171124,9862885
8028407,8678378
2101093,9131397
6061810,3731864
13688857,14917949
15963965,5255152
3902162,1926559
8061807,6676731
528933,16224136
1466095,6753686
15844237,9698944
15848796,8344056
8418104,13308994
6127942,4401322
9638326,12446524
1303205,10404624
6215041,11321166
10756160,16294397
3309769,6385660
4141058,15546219
7577178,10748883
9247704,2343155
8886008,6576986
2950895,13723538
1634471,1735795
9628731,6883255
4901329,12294798
5270509,3921166
8216771,10944692
12046639,11471415
1855390,8078683
1502828,2475042
10211357,14221124
16291332,8063914
1530569,6004209
5648376,10242245
7416132,12189541
7305487,4980736
6753907,3308024
2908520,15501766
5919676,14859751
15295039,13832352
4150745,13063732
8144808,3435660
16393879,11775466
1909399,14616879
6024005,12443786
530504,11980035
6062144,16005529
6630713,5752545
16042023,7921124
11989307,1821837
10452792,1007277
9222251,5899219
9189092,8809375
15630294,7776101
2254204,11022324
10668225,12302735
13656065,13378953
11716303,3394995
2391755,8068862
3642719,13969680
4756463,6232585
5904818,8356121
813715,8050486
11751189,10101651
6365883,1628940
12897073,14868724
5315552,14766718
11385723,7689553
9435260,14856515
1466901,10994726
14968112,15703853
14922272,7092794
4366519,13673303
4853089,8403122
328576,1442552
14653078,7520964
8437137,1452621
5306414,5346020
11461662,3269835
3909312,5419043
14031806,4259411
13785711,14717025
1810518,14115366
10609396,13910537
12409235,3663782
10566456,1050311
5395887,16612581
8431295,6446352
12716167,2066499
10852092,7457504
9180004,8413512
2579701,5198136
1601329,4530773
5612242,2460604
7956756,5269534
11345943,10374594
765722,5196517
14343444,7346691
1803401,14277445
10705987,8762131
3600079,5168030
11520182,11235427
3058208,3873020
16455732,15745837
7753898,3486520
11910481,16154879
13121278,14349791
7748976,1984374
7467302,57140
5659763,3549238
13286861,7435544
4213736,4387485
15362315,14153383
8594762,5772694
7158162,1155457
15821486,14040032
12530439,15855332
11494592,14408114
16774900,9418139
8149859,7241447
1911679,2478263
6127008,6349839
11092111,8616750
15506689,14967847
1834286,8540082
2391439,15114659
449869,1950499
15543919,7991671
13767222,5250558
7065888,15563010
7556874,11565449
512004,11455017
1951758,13098521
13335030,2928881
5020,420662
9297040,8500724
4455733,8075780
2586175,15565552
1166234,5818882
3685058,14859382
2799102,7398312
2341338,14670581
5236792,940570
16752768,14009263
3896845,11526844
7377850,6648499
7637707,16279757
10642861,5756568
14085963,10305727
13513209,14197224
12329159,1347616
949560,6074699
822406,11707500
14859700,4182162
10739310,14779065
5319161,8920830
11564055,9641599
12551509,14106344
13862921,7320790
16734487,3534825
4540324,12784947
112515,7891731
10740765,9639458
12659061,6142983
9798470,13003701
2660478,8360650
13144740,3362374
4803626,2755113
6505209,14899529
13705651,10675175
4818592,947993
8636813,13710518
12435814,6350571
1856124,6558972
9413731,2456242
1005564,4500132
7007872,9834085
5658098,1019921
9475328,12463010
13340255,8410541
2033856,12965820
12581604,14650343
2585367,14720902
6921053,7565208
3511637,10119847
5007454,2896774
415727,9837019
15818096,3527556
5638952,8306093
2126270,9303716
3772433,11062274
7658147,12662202
8463872,11540986
10406947,2480753
3979571,1469083
8691913,8190365
8959668,8894531
12790967,15861165
10370306,2015136
13486707,22301
5349405,11774173
3180549,10225744
385399,83016
11002850,16003534
8797623,11651335
15461462,3623180
11574929,1611102
1527492,5609115
7667575,10767862
16317619,16405953
13363701,14052720
9766686,8844669
13705335,8662064
3472053,16042557
8891182,4524624
3948853,633712
6029939,1237709
15878974,4713569
2911494,8946766
12214456,14949757
1867329,5257111
5898411,2012614
11852223,4063641
5447364,6691212
4200902,989121
7256498,8927089
16673116,11042337
4340128,14829145
9785523,2247501
13122688,706548
14972741,12427042
11185011,8022530
12608665,9174494
15003524,13423517
12826195,1774389
8872666,6575474
12662418,9319912
8959382,12076250
806388,8068954
9618477,11241449
6561647,12593818
6100262,8136899
4184231,5568441
3785005,3212640
3615812,11880283
117639,15824745
12493838,7725469
13342359,14385368
3062086,11291987
16794919,3398983
9585795,5999532
16704983,5171625
15375278,3820635
12283399,12249161
11003508,3752486
15006429,11940641
1237743,3759805
9037628,887539
6814262,9525808
11333751,9588490
4316640,728317
9511427,13241601
3644757,10553540
776828,3631076
14257492,8589325
11647570,4435244
16284905,7451980
176688,10251155
3676284,9554945
4938374,7662884
3241285,9667420
4443706,10029130
11521723,14857701
16445928,15975783
8221137,7931347
2361109,2587955
105547,11986547
8371742,14986979
3919817,11739672
15283467,15042988
8896246,3290397
4890301,11667284
9235619,3901870
9196849,15975567
10584429,16558099
5477500,8642134
9967646,16438290
5310351,868714
12291067,1158834
10068601,1960469
7157200,15359271
8708758,7135550
11062624,5900777
1137104,11137999
521941,7319668
5236616,13296047
7233255,12544076
9057881,12342372
7478463,1131926
14868932,5642487
2348069,14973209
16448156,932545
13521152,766051
15202509,703301
11017200,13512886
9075736,9161435
1894406,1468164
10889585,2557361
12868533,1920598
12037283,1449614
3104799,4978955
2557591,2630438
1334524,11319208
9749049,3177375
14654550,7721316
15441260,15917081
9548256,8049291
443496,13073105
13635409,12380514
13870940,16647260
14895265,8370701
10640854,8658107
15655428,6017801
7138823,391173
6576369,787972
1019395,3416547
8484883,13866926
7130212,8509451
5812788,1014294
9369698,4145568
5000657,5361657
7670569,11242393
14635335,9112495
16750783,7230330
15289422,2055421
3559785,15050973
11548950,9602989
15662076,10959871
16414864,2271193
9058653,4720047
7174281,14913715
15820338,13654819
5405129,12859481
9281302,6649048
536353,6072927
6450287,10873158
15125830,11164139
7696838,10742468
598264,5793408
5821525,16524200
10865151,14978933
13796337,9554223
5617990,12319694
6269252,2054443
4309581,4896237
16200496,640022
11858098,14093644
2741322,12570314
6073867,13366933
11158286,5488154
13745151,9233291
13637943,11791911
16778172,9705611
8447222,15644867
5271569,10220099
12312137,14068622
5656793,15469942
6458406,9156919
10066427,12920761
14701489,2871384
9087862,4840321
5123476,7238266
15419761,11465150
15658709,10224288
14796051,15595107
2215573,13719335
5497285,10283898
13876933,16376380
6570106,13300084
8510088,14444407
888873,1248260
16625453,2127859
15969521,14178944
7763593,10027693
5063212,2879930
8429201,5513205
1377546,10029664
2632651,14290634
9294189,15829226
12846775,805947
5040232,3880502
5502585,5239939
1467011,1312480
9274981,2718242
9532388,12623988
14189726,13631749
9393437,11695188
14428088,981825
3632002,16716361
8781375,15155869
10942269,2673372
1346728,8288003
13612707,1289617
6254255,2860069
7367632,11901483
2041350,3343557
8523380,1346901
4900022,11444487
1270824,2164436
9919829,11610252
12747192,15658870
14639839,13409867
10111496,8216017
14094937,6314280
13197593,7587694
3242087,14397849
6335983,1164334
9436352,12903683
9944221,7443749
5112731,12253462
8884822,1270797
381042,11391839
3954817,2513902
7263109,13651888
2747120,16349146
14936237,5283726
14994654,8794998
11311344,2881792
3243935,1726179
12828992,11657595
2900072,14237074
8874998,7449328
6307079,7549114
5140383,12073325
2249161,11915896
4421023,15841778
2419144,6180713
13438094,13018712
1179221,2323592
11370091,1401033
535194,11413166
12012928,10281664
12243406,13608405
9417195,14874689
9579908,13802884
8733168,316732
14510364,4601779
597889,16699371
15235015,12175181
7401704,10974563
13963928,8859282
3103302,4464577
14311757,4427511
11631927,13800464
4071321,5407338
15651979,13230227
15267808,10123732
14204149,5110028
5992085,6201163
1515928,8142850
3235469,14155004
7583017,1355259
16630416,2270566
9393647,5273540
7237750,524105
9831843,9108995
9514202,5832187
5424339,1958559
6086248,6940076
16139852,123168
4738174,13272317
8125030,8642697
3916283,13156641
11607203,9461397
5329635,15672022
4632772,10203850
5354116,15450592
5897829,638850
15001709,15882247
7672265,13550100
212259,13550843
5319527,11481419
4375077,2326120
7367804,6632238
1703262,11164630
10781968,1590223
9620609,2758182
10319067,8188538
11611009,6211232
9957508,12302602
14559697,3638110
11955773,8255801
15022093,15126640
8371769,2484717
12807068,16108062
10734008,3740515
13219569,13163964
10717705,10631677
14165600,10639239
11378971,3609379
15199009,6074906
2790249,11736122
808521,14601932
4394071,10946493
13324367,1349576
9614456,453159
12757258,993698
9018591,16077294
1033835,2392474
13723288,15523751
11671486,5360176
10634570,383032
4037159,1234555
216001,988878
14973508,9039568
8895202,9473548
16344972,10923086
2317963,6925812
10056771,13417047
10488394,10185465
5775330,39862
6376135,16250914
15189219,14582159
15348724,5158877
7069789,12897763
4325180,16252069
5301351,2463918
3995664,10936944
10450726,11841804
10706240,1507218
3813932,13606182
11586633,7471418
2095990,14341912
8502845,10139521
7825663,3396571
4907012,871359
16325146,8136808
12771726,2046475
5000422,10362062
3685194,503126
12266472,12005805
7992648,14239123
15613173,7866242
3463963,4020959
14851685,7096960
5697552,12302090
14049870,4505239
10759535,11207128
923330,320759
3026238,6195886
7842637,5829181
12644675,5029684
12511699,1406740
10562732,10809471
12096890,8755842
7204635,7860315
5138652,14292754
5884777,9850886
3088054,1594621
10333983,12226713
11323374,12838114
6179153,13485823
4055971,7250333
7197370,3706771
2480087,118940
10659257,13868266
928927,7645375
6330972,10636701
3300087,9632265
3125782,3819835
13550646,3401510
3775394,174002
16231053,4438425
6863302,5594950
12431136,11753479
4725640,16347462
14886410,12924697
5508044,10544232
13485587,6664858
13379666,8713760
12917794,7904856
11772719,2768049
10627514,14931888
1334061,1540772
9777597,12101773
6312773,7971940
9810835,6770620
849739,14004484
7115722,2020868
10766474,1229701
11031373,10567120
11135894,14327306
3438188,7070022
3309145,3500724
9437805,11661362
9248722,6975361
4578004,11373655
8042572,3296040
9813825,5085914
632610,10077338
12532533,9347990
11385028,12123854
10339940,7172654
8338236,5049969
10469107,953215
7168985,1642697
7560895,13491511
3259794,16147411
13603764,3288470
5354018,4943145
4480394,3119917
14964364,10347080
7378678,14211928
1363468,3887741
8983100,920325
4302421,10950428
5060729,7021839
13779838,14257894
11624295,4383303
7780702,9308894
15412691,5477648
6420581,11623505
16074767,9186891
14996521,1010270
8097224,11582783
15067645,15144311
9526773,14681175
11385970,12411603
14964622,12495521
10834698,3651069
7829136,8412527
6207240,14127827
14526615,3699089
3825847,12077625
9845962,13710727
9210134,16564494
5027230,13229468
3843307,9328532
16538693,11165474
11399576,16116605
5624383,3493294
16601898,2281705
7082781,11771430
13737863,12769671
11134771,2116389
15350070,7074432
8343540,8887259
12086305,10248940
5467844,8343502
5479148,4678406
13638608,2685925
14715945,803833
687760,13658412
13630172,1549284
4522996,3343022
16042125,13941906
2514509,9327747
5331937,14136039
2533676,10421692
15737908,16563778
10245442,3091576
9029996,14204376
6575264,2182890
13952526,9416297
3340756,3685267
5908407,2852750
14919316,15293363
12700229,14808258
11368376,7187762
15698534,4484607
13327603,15598866
3271905,11812280
8494943,12009431
15385978,7109838
4313584,1169809
5003103,1961832
10479242,10599134
14331617,7923909
6751523,3456554
12171909,7076305
2019175,12245008
7935637,12125715
6281359,16149160
7616684,16404605
10153484,5594309
14490811,15594227
4088884,2126700
7003241,9648236
2118330,10811374
6845502,7012850
13749647,1572350
6536821,12973229
15940429,5880219
3868053,12164330
11119209,9064005
15081230,1691047
13392249,13539924
15628185,5601262
14114390,11343602
13484215,9692569
14107879,14041832
3593615,9477289
14546629,3971698
3077736,5137394
14462861,16537754
3541745,5406120
8720688,13023306
11393097,2399951
2475636,8382929
12116490,13664167
5454170,12659550
166859,13827744
269184,1347749
10001257,10507158
13402920,4022486
5914332,15583056
10171093,4533184
494316,7815154
11828511,6867684
11248746,16443855
563452,12483260
167535,7502250
3452838,16275252
4400292,8403409
2047691,9699753
2445588,13752403
2591610,14010264
124279,7681128
7001366,12260207
3447342,10448388
2109057,15708694
7963112,14107362
8804249,9319345
8096553,12873716
9184050,15216750
9477923,1957064
8768079,5198552
5877513,12787537
10553033,15152373
9065456,16730574
8413309,7441038
15225662,1377176
821299,872294
7237903,8670665
12822783,3146704
4451094,10926151
10147365,8546869
8194321,9785261
7924578,12327767
3277785,2144254
1733673,10930221
14410447,1621320
6880053,16087542
10883144,6517326
4443942,1697796
250394,3727556
4301874,16454021
12929715,8231525
14056637,6782658
10011633,4079802
13596506,3287036
8342343,2965654
1782064,15365876
10481558,3354357
12270799,12735403
16082898,6234590
15259303,4203920
12197228,15788882
9826258,15528180
6302214,12498224
13274826,16465118
10257459,5871584
256055,5349717
8899021,16394416
12938786,879107
12836701,15170830
16017752,1443043
8681735,4429236
16221044,14905323
5107968,10045243
2445252,3303435
4522643,9814594
13158605,3397935
482128,9296846
3190095,4011476
11308767,6084040
3841897,4706482
8195872,16285623
5091277,9079229
7747086,6469931
8439165,4693653
8780343,15307544
3127397,3356683
14718669,4305790
12853882,15307830
10965888,8731971
5227368,3982257
9674982,14428314
219120,9650500
16585782,14802009
15249432,16175296
4092517,15220012
12326636,3738040
11751085,2187598
4818601,7392100
15586528,3867077
11446773,4694424
13091473,6180842
382722,2687262
4187886,10827248
16487181,5013504
8094240,1780061
784909,12083453
13809905,8658898
370312,769988
1890682,1802618
14722556,9799449
7022879,16161122
2128085,4416187
15598183,1653647
15715807,4547453
4628219,5434521
15281438,2766570
7275401,6175012
11317916,8883125
13985515,4283259
3157919,924512
8556632,4587807
3130429,2073163
5108782,1811651
1823997,7568336
12941093,12470680
3856567,14521524
8457942,496645
8766271,7506865
2198702,10121231
6636189,11333818
14066009,8759504
9271016,12917089
11130665,2992380
13190182,12396245
14634702,10123634
14061109,6577147
8892032,7667715
13142634,6914825
3667877,219267
15624623,2244171
10415540,10373694
13634419,7001034
11283711,9446733
499349,10987131
10580252,5822081
10649372,10364835
9262256,3278997
14145908,5747836
8398374,3780436
8925090,9002016
7359675,10075087
891804,13593272
7483825,13630691
13723918,6542257
1959558,6467918
5456464,2155277
7363350,12484553
4622031,2661478
2142553,11297937
6155310,16682931
7933100,14915634
8791794,10227997
5636743,7122443
1699431,14414992
15548889,2726755
5992323,8237844
7403429,7949320
10469617,12623691
5160495,4413883
8939975,6032660
1390292,13713471
11520818,7476339
2328845,13340511
4412045,5146135
12773737,10995844
1274482,532711
10046896,4031064
9093271,10711427
7511243,3547019
9261478,16624251
16735864,2170030
9937405,10679374
8026470,15885916
2346581,3503237
5075140,4285350
6052633,7352646
8926604,5031071
2216549,5213118
13974441,8106213
11672643,14498115
4003907,11800404
2795685,9943537
6067641,10178495
9605812,4991205
2305108,11899388
1814412,3532375
4049729,12077494
4356705,6280615
5364290,1302230
10338234,15096025
4124621,5672250
16359967,672579
5113417,4634310
14658580,10404488
15596304,8429652
9732309,772607
14561526,13095499
9230964,12489522
7483275,8358845
9746221,10128102
3101216,2882045
977200,7199815
13208552,7526790
10005961,8237001
15794551,12375770
8403608,16006758
10305889,9943887
9322429,9641515
16143909,3276830
630876,5430000
11441181,12928673
15641400,5945463
7974622,1279781
7045298,8372823
14159273,7318600
6877288,820275
1458066,8133053
4376871,8582118
2122638,9230687
15821810,12874382
6511962,13209135
16270583,7769121
7129882,15729573
9384319,13222087
10480700,7580071
10739765,15875920
4288484,6780497
5564641,15705187
9637443,4515894
177556,15433831
16082986,10014784
6702727,4765288
1086240,14853217
15712971,12693844
7297761,16047079
4548599,12339333
14266519,4513016
4234923,6861163
3155059,2060063
6047628,11332569
7639489,13094117
6533105,2338946
5933975,15659933
12000256,16486659
12231947,14196614
16188225,3160715
7849604,3932683
3578892,4454180
2200492,6750252
4734062,2175093
5365967,14346211
7007378,15574805
4909139,5359186
13180221,15262138
3476701,4242864
7603771,8978942
7219561,15429625
13172185,2622062
7948810,16779383
4799634,16777957
9402806,10196036
7199530,11205834
5767497,15499456
13430461,11566705
8498557,11030158
2881919,7381100
11041678,7188412
11465834,385923
8521103,16308263
1356462,15623199
9979119,14395477
1810207,15409182
12083554,13781377
13608486,14858836
8904918,25436
768301,16157149
6972872,12208490
2932437,13829089
10689422,4478268
4065803,3987731
8690723,6732595
12593647,7759045
14459088,14541190
13707840,12356551
8036261,12280554
14708482,1352307
3649594,12053060
15187221,12645092
4049453,12645730
15186935,5531133
4592250,9507326
7891037,14258221
14068634,3670096
7113418,9714979
16513973,3955804
13079470,1762865
1110023,3560125
3141198,4436338
3484392,8709958
821548,15529217
5209019,3127283
1515326,1767354
10331162,12764619
16323844,9741788
3869059,11024978
16000947,5294224
3900461,7644055
201069,7658168
2909989,3077138
5648,15877781
9783513,4982405
13802339,4832572
14249841,13363607
11732344,1464185
4870544,8364555
14354865,3218026
11426298,12171575
7274303,5521531
16534713,3801831
2583722,14564368
13624198,4235137
14683121,16123048
6889582,11106533
9395834,2150781
3101032,12931547
9669338,14574700
14038502,5695077
12651051,16469400
15107030,11046560
5293123,9896587
3083865,5821792
11338111,11337659
4515894,12120195
854928,11197723
2033581,12248572
11858167,12366650
15295698,4024725
13027176,7256591
12287978,2948449
7288524,7292621
13172085,7327337
3690378,12271550
10857621,4583603
9142493,2276681
15755866,629596
4422821,346402
8227039,7948580
15040091,12647512
986746,11261773
7038519,10262034
15145990,4095462
8871047,10514241
4604888,11341774
3172018,4149074
11048192,4353029
2476234,13691346
6227048,12124490
9064172,11591286
9800595,1696959
2329364,9518513
3867030,4954881
15014546,7302762
13028995,2368624
10268572,1906377
4577084,5406797
2080150,8059968
5873626,8317133
13697429,6785379
7716817,2989200
7661163,9948186
16483911,5062628
5281109,12872389
3736204,6216332
5634294,2235668
10723661,7109214
13251159,2031721
157013,11747664
12210176,176440
14039511,2057146
3975034,15541986
11232557,10568393
6444364,2074837
5983923,11792089
4776061,5180107
93575,8399727
14272001,5328549
7483185,8497192
6073272,10374493
2560661,6506068
13049755,11776509
7719661,9204205
8535957,11964739
8411987,4112408
5634212,747942
14108061,11160939
9910580,3927023
3185185,3386200
14530527,1164522
9053872,13166821
1373963,11485953
8171202,10004930
13785156,9338218
9475419,15864155
4545276,5212588
14086841,14192111
8336466,4738873
15632820,12201294
5308251,15814929
12344929,2693798
13180268,12290834
7570025,12921409
14131833,1344605
789496,9346073
7306212,12296300
9510595,5628719
10325452,1794164
9107399,3974608
1438460,6823771
11673870,5150878
3599230,14287803
10634854,4972906
13262081,809313
11767914,1960901
3359630,14146014
2445972,953568
1829117,12877346
3491524,14958513
1905875,2085182
9534542,6665756
7136439,16621511
11189841,10426362
2473884,14530133
6725469,8641351
4917940,14085108
9756215,7489895
5381007,6735925
5139218,7782345
8394937,6095080
14003666,6569212
2590065,12146435
531831,4372834
16739043,321279
721740,4341359
8692387,14874118
2866699,5333987
10490250,86644
7431558,12640870
8397729,9000293
7199559,9474769
14637349,8859784
12767739,6926451
6162541,12900736
3514549,2658598
10022764,15097896
14516690,16627048
1494764,15893476
11333408,4062382
3164029,12059669
15456707,2640196
13709881,5134788
2967445,4197165
14678592,7795610
10371060,8276453
9592324,16014521
9619292,13140326
13445905,13737826
1782929,9536886
1394373,14764061
6848944,10343245
5045597,8180561
11988950,6025112
5277231,10801397
1502932,8971624
14855665,14949973
5365575,6579582
10729063,16319947
1503864,8533233
8011385,14015533
13008555,16027603
5194212,15339006
13240900,8223941
6577230,10908299
5228461,1995035
4314925,11127074
9043730,3709459
3072256,4349292
645136,1436654
14612983,7614174
14171227,2398836
15408348,8992592
13803900,13771624
9454140,6489675
9915461,15987655
4028570,16476852
14505021,10782353
306711,9939112
3526700,11738945
12366885,16178784
1353939,6686058
14776704,6783314
387581,6248437
10419605,6151707
5679511,14309341
12328167,1654628
11682281,15969297
1112969,9784388
11117056,10056159
8404244,16750210
7674492,8030702
7274499,12089993
14959545,5972546
5813090,828106
13525397,8056712
8162872,16446534
4037339,6708553
7121105,12461931
2641047,6017548
5127462,4348733
4336183,12102383
2878419,13234669
5338867,2258582
14894819,8957233
14597914,1099307
2290908,13817080
13197343,3391037
347182,11260665
16258126,1922701
6361536,9532600
3273619,10237437
12635798,6170893
13486510,16664823
10603505,14913653
10012391,2381122
15351238,13443188
3360417,12681449
14336559,9523409
7793962,16592924
419204,11473951
3407148,9369165
7872370,9690755
16607626,10440233
5438335,1181495
13704499,6707064
2086927,15426890
8831932,11728253
9544244,7283285
8358686,7864225
16700600,13113201
2633293,7616659
12601988,13945554
557286,3042694
5020922,9510292
5072885,8767720
670351,2827986
16401709,9425835
12778791,10461181
9438967,1304831
15308350,16120727
12298501,14633148
3047743,2235873
11031306,8907126
12972377,6582925
1983768,10895067
13130263,1658091
1959080,7290025
2066961,9466055
585137,15521749
6830610,7578830
13181611,12352686
3242456,4708184
12451982,15378837
3693403,16281845
16316626,10236493
2933887,12241888
11742767,15063301
2308464,1105776
7764414,12473649
11375214,14171139
15145896,14236370
11669039,11549739
13904090,2471059
13965693,8402722
5021872,4141371
4704515,13753617
9007270,10767200
7067498,152521
2317529,210629
4522196,16565820
5039655,11512776
15824768,2246097
3917998,6547285
4404212,12607259
9340128,1816801
8542744,9644121
3127280,8154129
3811964,5562954
1913569,14461484
1753666,9524940
5321073,7357402
15122068,13320326
7481313,16511207
5970150,11550192
9904812,15228532
1954487,8778404
2117488,12697570
7048782,5776114
5857181,14336999
10899805,16068660
2632983,4858275
3788378,11464085
14690862,3647984
2551216,12406804
1818896,15237773
11469536,1498171
1582502,4186684
7333483,767345
4244564,8821813
12167215,14533457
16535576,15802890
12412448,10440376
14049022,8236259
8347874,8969913
525848,14805369
4657572,6387402
11653908,9893050
334905,1938834
15335679,12211969
5332577,193727
1800178,1898350
10738226,8999466
9211831,7106460
6518176,10327918
12630244,8017902
4345834,4417607
7559740,2184094
15957317,7753264
2228352,469767
16309725,2196387
6150749,2039899
14151644,16288812
10218229,8342418
8148178,8433218
856740,11671886
13844965,14971015
7557436,7068091
1504280,2403763
14177983,403514
8619631,7470587
6384941,866499
12188428,11470243
15272847,16656156
14045935,1899919
8813897,4363348
14703458,4147924
3828299,4658050
14425430,16596223
15719461,15364679
6628320,16386386
9796019,2747176
15751025,13209607
974781,4519832
13302866,15919673
2213553,15673566
4358199,15998700
1740041,10794448
9622046,12817659
13838800,3616137
416514,9754271
13903714,1137396
8872952,7874579
11377546,15669914
2904064,10218538
14632947,5208733
6609544,15134079
3012045,1031352
2657533,8898059
11806003,5966157
500489,5793352
5974985,7304106
741358,8045399
6518697,9625358
10822069,1869357
16525972,8839430
14372698,4106826
5912276,990977
9713829,6087768
9349108,4051156
5956431,7904850
4507927,7353254
3865160,9223604
14579593,11954471
3016335,4215151
7401631,11271099
1857885,686703
13920738,11040437
8174980,11719993
15651826,5564782
6992496,13499517
16081605,10526639
10445661,958584
221643,7726540
3817883,14209941
1715160,14017382
879149,2816048
11227824,13727826
11852658,16116043
12769095,4237204
9590101,14650402
13772401,16658222
830967,15141811
3870832,12609488
15952675,5402735
5653724,6242505
15701144,16137874
4029559,16231462
1122227,607279
10951504,1767756
6575253,5705907
9130551,5083193
13764272,10022753
16390176,11331079
4235743,7526091
14376626,866278
8721271,2705634
5125769,8381477
12234810,5795116
11584216,2420403
8082274,650236
15606332,2235514
3121714,9861542
10387779,16104348
6331460,8638226
2613153,16750459
14969339,12952833
16214753,3001640
9058541,8329833
5972536,1430582
15206854,12273089
2074912,5413452
7533698,8160503
12161683,13014472
871419,10233783
8889345,2604621
11773028,7066272
16113004,14825425
11972293,16793012
15228545,11757538
9660493,16208099
14207924,16481718
8143582,12335049
13784138,12875743
11058338,13478003
12726149,8485557
521475,9603683
46894,15474762
13078822,5905737
11649866,4293319
8414619,9500458
8050904,16732807
13446585,3775355
5123931,15769062
9713770,16766612
12918868,15657623
3314375,603144
7093645,7967085
16296728,10005449
12231881,4498959
6464298,504506
12043461,16067116
183423,13868951
15741620,9943425
6304042,9793175
10468638,6074911
7091341,7833574
712993,2885213
5888861,3421573
14451981,11803367
9145536,4668386
5052944,3542597
15492478,3070787
10135497,10541056
5056867,16239245
9178153,10960052
12664217,15169566
12920551,13655567
10219480,11569634
5126776,14775709
12060878,11722244
12083410,16779334
12041251,5967104
13491853,9323404
2583791,2099009
14367472,5706318
15656261,7885532
4644666,7535107
1513794,5212671
14199416,2591801
327658,2027884
13828201,10414856
10316167,10211957
1240910,7117237
13208363,10188641
3187747,15287000
6115260,3887099
10030577,13264711
1874688,232326
13743597,15128042
15943695,8069006
6600898,15927319
16364005,11669678
16375422,85869
8603583,11401670
4054580,16456248
12048578,10887176
3101374,14086449
6202634,1218448
4260665,11345505
9995396,16257767
5843687,16616787
9257373,13736962
678680,6858378
12487156,16080934
14565333,15421063
2546682,6053220
14770109,13769853
2680105,14555533
9032520,4582768
16348022,15383802
13361239,5552679
3141273,8010643
11438068,7433755
13085942,50342
16770634,10007267
12811576,3256612
2194063,16440087
4301142,12691937
8841647,9111562
203827,4691615
5287254,12696844
8909305,3314483
16235112,16249445
3982153,3046840
10113659,6619449
9710696,10928330
9458552,10479923
1608342,1200270
10776182,1849713
15530392,14576571
1541137,11126415
14266265,12063659
11108238,5746865
1764408,12935975
13198088,14171419
10608767,9907295
13447811,581297
11974729,3454396
16104254,5801100
11635066,15534521
1590179,15315929
13505341,16189415
38126,54276
11232576,1581824
2172852,12113061
15878504,14503075
6837066,15783981
5839833,8481440
13000572,2640929
4185078,9633928
609377,6637251
12766560,4282318
14273873,2274832
2536740,3049565
5955219,9247809
13276942,9160112
10233025,16469179
8968655,3103304
8364112,10750163
8221263,13933218
8649931,12197965
12648278,16442686
12465633,9096442
2934825,15008012
14026892,12756426
14423460,14185479
12605732,7513742
11175096,3482872
2408697,47438
1861711,1237058
5558626,14107441
4583526,5476784
8093375,12520823
13586550,3970625
15802737,13017010
15283018,14252737
7666583,11606071
7691311,4828977
396825,4059202
9659024,11847266
2666512,16740012
9806677,766686
11351154,13602374
3370825,141582
8066281,2443510
7157533,8577414
15814515,10235459
7675335,238612
2838544,7481728
9185575,980056
13399541,7898661
3948946,3968264
865802,9636711
6742637,8805617
5471144,12535560
11077820,12368570
16197378,1978490
10591466,2749304
8476641,10251576
1407088,3163499
16303721,3824340
4512933,13408922
7417384,263003
5500098,13286989
7561499,3627419
7004574,16146434
12421707,14990549
12151806,7512509
15946251,10851889
15845540,15417782
14823801,2341327
11321878,16270900
8722695,12674183
385136,12319721
181496,6037416
8640571,3326828
6792661,4417160
9561980,16563240
2127702,330314
11165969,4088654
13742492,7389205
11155254,12980319
6716375,13600244
13522277,1037831
12445878,3614996
10097500,14672869
13454395,7267238
8518422,8794295
5741012,16200780
10094167,14277681
2209275,13397350
14462191,15768443
1279550,3053397
15569392,8018053
10074724,11522103
14499985,15455958
9437175,209487
10944358,8063398
797329,2568749
6232747,12344523
13853259,10775143
11820240,4383843
12620755,14859246
6915625,4494595
9027126,12073252
2079848,4989994
4414122,6952617
13672287,9148981
6613186,9144483
13883377,13006686
3090398,14199786
9463445,1257667
8658826,15694081
324272,2826359
946961,12806777
1083759,9549733
6979452,2081620
11279206,8972980
12801924,13801533
2302081,15285947
7337219,3043298
13100150,6829097
14198362,1033226
12689241,526135
367260,13083076
14847702,5056181
7269882,2674199
2443894,4356138
14819275,5980114
8604090,14716773
2386166,11318145
11905570,8892464
8503424,5066211
5063866,13019704
1082653,464650
1141397,6337000
4945855,7344969
11719227,14193388
8662523,2637997
6201720,14265566
5303526,13892365
11350573,10286583
14307088,15465998
15396998,2608723
768549,9247743
1226895,3664330
16445669,734634
6984559,13862312
16656774,3677413
15705031,6660732
11192251,881939
15972592,590159
13606155,1561798
2294923,6051616
3206701,12614920
3759742,9089948
1502453,8946502
5088413,6637352
1543598,1197062
3177860,14192314
6441150,5176732
13297064,16237695
8796997,10080064
5870733,12012869
13310559,707138
15004758,8383009
6758414,13117264
11222525,12085708
3515796,7207382
16167911,11341696
830950,467953
253431,2355327
12156741,14726779
10628435,1222943
13211225,16718160
16281220,3288859
14046081,14001600
16342424,315256
14354115,9300312
3934561,10467038
5522648,5566464
9143805,14967868
11199555,685098
8771245,14699743
2769891,15293202
6063453,12771323
20759,11155222
3172765,15165061
12930816,16494133
12518783,2531546
16026604,10305272
12036959,4230680
15392787,13767815
7239121,4280797
10547344,7804934
7865949,1545563
9118295,787246
14548951,15645913
7766495,11492876
6150962,9626971
790531,6481310
13042318,5221791
3132229,7507994
5051670,15049192
14120135,8219086
1673960,6049067
7887912,14139581
1265858,1121894
11185676,15691189
2729719,6116055
14962618,807515
6408718,13632810
13852959,12280540
14970725,5026329
12471817,9230273
12801485,15035872
4594999,8743010
1265699,15012314
12225503,1283736
10961068,7444104
9308615,14410211
16324626,3874122
10969026,7787340
7451854,2534729
1085719,7920459
8835214,7085064
15375812,6934515
4594825,15224280
5218391,4802472
14314574,3407117
809253,16730042
15074075,3210754
16681,9455941
1240359,13793522
14953120,6562531
1580182,1931998
14554525,4862713
5523134,10254986
558795,16592834
16749631,9831416
1027788,8641806
7623579,6397693
7058418,5105365
15820305,200775
8389446,6387216
9047125,3117053
8063561,7985990
6338407,5215021
13235118,9492793
16745748,4803789
3571333,5940724
1952230,7300934
503734,16316097
15571135,1149078
11669327,4212398
3103274,783295
1228678,14991777
16237368,6375470
2299392,7485067
11724754,12334205
14436276,10305596
8243696,12896594
2810195,731244
3336243,16628718
936244,15355752
13257155,2758752
10656077,8266897
9937442,9227249
3670117,8539995
14068590,646328
8077141,9981379
5069935,1613611
16053731,11071771
11823120,12596798
3889142,843917
15272176,1143077
4420793,6550950
9807299,10332193
7327212,6832897
1375555,5384039
8513131,11027843
2692574,10216360
8544836,9421290
10295468,7778993
2092350,5887833
9051635,4109408
6048490,16125943
5019710,14584336
7337008,5548857
1352162,9850367
6772590,6627258
9861830,2590575
1255519,1686803
1334568,13613131
16705058,11267450
16292601,11469604
1197217,4727236
1311916,15570779
7909000,4107246
2096679,8042720
681185,16093615
12371313,12662221
14948765,5237853
7572253,12821951
2223001,6871330
6333444,11316915
12470081,7045911
8953482,11771360
3172408,7129841
4203898,13220722
5054524,14660973
3327688,1011348
10737030,14684698
15736711,6185184
10601800,13136314
5582234,14972930
14111709,13371968
9287387,9821284
396297,11544314
12144842,7227876
7679374,8886656
4289983,267780
3572062,16415919
7369965,10366487
15860694,10881612
5065514,16128925
13907153,7092096
8294787,16176893
11146521,15537420
13499312,14345279
11851251,9827428
8675300,16266099
10178664,11179964
8380006,15295298
16459706,2145649
12495335,7263670
5488370,5862843
5147991,10553710
14983264,5492277
9723752,10886377
1387894,6172531
12945211,1161669
7701563,13077799
16188408,9797538
7222817,11464177
7003888,13335172
2354804,2535155
16611741,16432386
9684805,472218
14320239,12760454
1794891,13150980
4357010,10567720
16604818,15131440
4062334,11311677
420931,15560402
5224294,15630445
10567254,389586
6150413,10094866
14828651,9549918
11944857,12339409
11605274,4814501
11326896,8081714
12453570,16650038
14884653,8784315
10151877,9620016
7619752,8431177
3221793,6339845
2634359,9187722
14804657,2514822
6569320,5782113
11976298,16086404
4074060,1637722
6676571,3381652
5933830,13375606
9452943,16015900
4125063,11536682
14980436,4509982
14562919,818331
8201421,3699700
13009,3029916
9557599,3655809
6419200,11530797
2566767,12788662
340977,10132888
4827351,10227006
1734308,11149244
16360443,1044511
4707282,8047217
8434440,6048621
11894686,9480644
11781067,1465881
6097803,13337288
1284816,12410161
2456322,13266124
2314056,6600639
4924307,369002
942616,10032639
4425198,4394462
7905307,6238984
2224253,3051266
7550329,14569691
13001348,14909790
12805626,2742131
13356407,16192306
1701863,694269
14444555,14485081
9187878,4044975
776490,11738016
15987966,5974450
5579291,16716026
6239192,15729658
15520521,13624559
2472472,4332663
3337698,14221416
10615463,664078
8390857,10419818
11166890,13236723
6364172,4682588
9336321,5954604
9417200,15803522
12696744,14867069
16611127,2174724
7931266,11795172
7149073,12705969
4193620,16603860
9703297,11631682
15321740,5418161
8639403,11169362
7913345,13965229
7617004,9742213
16579858,8235801
6504734,998739
14200848,10068045
11916103,9636107
5677106,14085917
13486854,14149572
16379946,8275312
14158561,6260646
3066182,3023756
11646625,15339333
5676674,1630101
7592878,614542
14693989,1824177
12499718,5044139
4724862,3699604
11180365,9120596
16574529,12112785
4462371,1426495
13241634,4505789
15977527,9229993
9142118,10862771
1488056,12622604
9286022,14302273
2695709,10861180
11070378,15586975
1599013,4506022
11995234,8586175
4714246,2938362
3650807,12867572
13966843,13663296
5565868,2026936
11385652,10036660
13743267,12093817
2610550,9196122
13039555,11629594
2519440,11429716
5729044,8182440
16433635,10876655
641054,14899536
12079709,2373828
14126636,2196153
1173642,11848220
13375398,16579556
13953404,3051939
13307875,10734082
11491444,3900358
11381688,13113395
12101440,4879093
2261647,3259965
823303,12564540
14441375,3729100
9436504,7896454
5466336,8873480
8046680,4113398
5987730,6222116
3494433,8479945
4499023,13128658
10961645,863696
1458654,1547834
16025831,9429825
16576607,7884423
8845230,15586212
8220426,788636
12558686,8724144
342206,1253353
6569300,12342964
13654983,13624598
4986215,16381988
14180313,1622147
2544506,10964581
15274215,12278265
886610,10809174
7788605,11337351
16451007,15772113
14955706,13823207
14659661,4750976
15927711,471387
2377260,7977051
9091376,778852
10418488,8895966
16642749,5874034
16411758,1993728
4587155,1946436
5505634,12153165
11011058,12711659
16386307,965807
11307573,9305783
6740142,12970731
7130919,760001
4804505,9682871
10603939,15604744
2446130,14720013
2228137,15865487
2724660,9706118
12078562,11099203
649836,11579695
15913813,10337697
1203978,12336267
16278145,2480413
7307300,9829032
6341918,7685378
13839310,14349783
12985185,15312106
7114289,8592147
10394706,12996980
15791990,5238437
9179058,14106189
3096293,7751319
7903015,185250
10893837,2417503
3023731,12047629
1050538,10984935
6627538,10777755
13193337,9342394
5901299,7225987
6582403,5894798
11676132,11267603
9548260,6266419
15122984,9085441
663119,3563554
10590900,8086984
12041004,9362722
1260504,1500757
14557310,6869766
5547442,11473112
14540,11895293
10542862,10726498
16372049,13372107
3710370,2417990
3090145,12430603
4131009,486360
4687179,11853216
13910254,15938759
10903484,1391308
8004003,15586261
12546793,14671657
3535126,14356901
16781740,1454755
14639480,8808148
9696475,8307311
9725375,10142215
5349582,15653782
2056756,15170580
13397778,1558969
2527875,1347979
12297575,10984896
14914846,3084636
14687695,14290863
12418739,14081549
15261979,11514665
10106413,2663046
15049632,9297498
328816,9735945
10337752,8294258
12653594,16416890
8304115,16116174
3693005,9283726
10651032,6386229
11558632,11531164
13441424,9555114
8580179,7703487
16221753,7331671
1576404,9978655
5861280,3877911
16386345,1989910
5529039,1908947
6057536,12752452
4983722,2617853
12086260,4168211
15152055,10701430
13685592,10831996
263744,8496295
3861027,11148854
8900633,12590887
909258,4195037
10241837,12256580
3872234,14310231
3099145,16308547
5870632,16126310
2684136,11082247
11600979,13370088
9817331,3323770
8711406,15462
14658157,14484279
3117020,505929
8606894,5683413
9434155,15663752
9409799,9339246
1878476,12728319
14502687,12798225
15607683,368037
262034,9177894
1759951,11316065
2418854,5347991
10898614,2885816
3522084,8709624
3575588,16400637
11785615,16738667
5154104,4746380
10149700,5169150
10982173,9397573
11632766,4843232
612781,5978011
5194725,863235
14811639,11723797
6937222,12320096
10818415,861937
12847919,5292940
15196500,4492182
9455338,3751065
6389069,16027415
1618213,4712138
2066475,7496896
632332,15962528
10469933,13209276
11791381,6543720
16173301,585453
4299754,1946301
2164222,12206061
130324,2599456
11792722,11413493
15194342,975756
13060289,1786275
3721654,15469183
3626882,5004751
14652453,10589449
12549233,5161077
4953347,6669041
3291718,9988105
4701446,3542678
6154669,16232820
1202864,8815130
7684021,232254
6409918,13855891
15320903,5101293
4313423,7962396
7264212,587988
13827979,11825716
10517243,3654706
11799946,6130706
10473321,16490484
2405364,5795769
4854408,7652395
13917978,8802525
8731938,4394377
2674239,793729
5421356,3116816
3645045,6303416
7812130,6034572
4299490,10449475
606725,10121857
15335844,951683
1004308,5004797
11656756,3023926
2321438,13316728
6288401,4407342
12181010,13849199
1801628,11937291
11899525,14283294
6301325,8357532
15343056,3728632
4279328,14079782
12839184,10478569
6875739,3812172
5510940,495774
3217978,7599562
903383,4057764
4674283,4118014
3672220,3117234
10824506,13975207
10648423,6110393
3130803,14308394
11667793,6980814
8248732,13104252
11642306,5978883
12934308,9335684
11392075,12978346
11568077,10852667
15440972,634469
2545190,2951117
11556790,1009859
6026429,14709701
8587698,9967114
6708922,5021002
11793386,10877226
12151118,14033800
900312,4123731
3721936,4331845
6717478,1682656
8200412,14535116
15330189,15046615
11932954,7745343
14648739,14243540
8730018,924331
1896385,1534596
8290454,13675304
6443847,1083427
3628909,2492011
15898769,11190875
5322153,502027
14247363,5449897
5859362,12429354
12416798,10382083
11925965,8391953
13419946,1877718
5111715,7875629
15373802,6236927
6505266,6079044
6550983,11308958
6753592,11990994
11976181,16457532
5716532,14933636
6007556,10179958
14224341,7928275
12401939,6948132
9934642,1915053
6191659,12805352
16691751,2639386
1289753,4955069
16565734,8069696
8729576,13370833
8856210,13598016
834334,2377488
12404309,8073122
12133784,7620581
2785790,10408371
8722876,6652248
2255234,11152928
8654788,70962
15981148,13925686
7319170,9673334
1489791,4016308
13058368,1322809
2715492,14170468
1919264,4971081
11550729,13461750
5190765,9223239
5048668,10371449
12849108,15099343
6215716,16700682
16396477,2030516
9160477,4025548
16686603,1646094
14485893,5318867
4764818,16650305
15173461,10233422
12026617,9440028
5074069,8621463
10697239,16080888
3878563,4101173
12231773,13751608
8112050,16727131
4469136,724749
5505415,13306355
7758368,14326111
10456245,10466314
16277222,14006953
622926,11096020
5729947,16223299
2703214,9446178
9931868,11942656
9641338,8852829
3494042,3560996
5092084,11724984
13459926,7767823
9852146,7821367
2646830,6542742
15865158,9817267
14094623,4528667
7331273,10720407
7912613,8105451
1958107,4590793
13320662,2598682
5854410,1174302
3033,1743716
11863199,9657830
2460562,4119720
10574750,4088447
5878499,4073857
13285313,5263280
3912516,5652890
12040585,14354361
8407720,13706995
9966476,16225889
2541299,4065477
7542392,4522121
10796548,1671789
7852336,14470484
4677918,337520
13835488,10690997
14040385,8194792
3421335,6713744
5058363,6682872
4937757,6947176
8838886,15100708
16591036,15847621
10706292,8525520
15375001,729983
9534262,5375118
2187340,3326476
948284,14998403
9028774,4488144
1647168,3472951
15946055,4317583
15647943,6053302
15974818,8619808
776274,9223963
7692031,4561346
11737628,6212121
2568343,13330206
7165446,7421702
15316263,8540722
14356771,11262863
14870140,12554276
3280055,15122643
7192188,15191909
3027084,7585194
10753255,2140366
13680501,4847689
15957194,7680325
16452145,12856542
9424690,12768134
5364507,15143761
9860047,9631320
13914367,4353484
16494612,12301579
5707812,6273468
277872,12494257
3326577,11351116
16235453,11681691
14758133,8026487
6392582,1862215
7079100,15744027
13895335,2284478
14523802,14108124
9898054,15486864
291853,1699782
2255016,9852896
1514229,8649845
2998360,12750296
16627709,3782798
8047294,15251416
2588758,7944927
2618168,2310016
6787470,6768261
10423158,10439425
5123166,9331748
16236191,2149280
47814,455992
16456427,8648030
3337701,6312936
3402269,4392820
6775855,114656
16731203,8210022
2318911,16141537
7169249,6678420
6771233,15196271
12012859,12412797
7637677,11518695
8987825,16370646
6146780,181613
8498421,11924878
9791742,151463
222944,1871263
8122693,15525051
10134577,11141759
12064014,638473
14322167,6022490
14116896,974871
2597036,8349460
2087019,8712315
7282083,2975703
14690578,15502185
936878,9207341
3709047,15526590
5904442,9261119
6820304,12165415
8951456,7898925
2883951,605026
10157078,10566182
5932385,1073731
13387648,15552335
5310039,10155855
5680529,10046567
9626223,3880692
2031348,2789947
1119530,3026932
14089330,11326004
7636381,5590187
9712061,1244958
6071757,7699158
10681232,9422977
13108191,9591056
14388725,8178035
8334888,10909286
15955186,3867937
7374235,3067545
14236422,10311924
5392824,14944638
9375040,13108120
2816877,8348360
13807169,11757319
8811378,8554916
13601942,1172985
8311122,6422327
13733969,2815580
16202768,10538516
6541846,16726344
4974700,11041699
14934947,8544019
553885,5453404
6394222,4522196
8478006,11784440
43307,5089067
9130120,11036574
9592213,7161431
2507680,967775
4700024,2132522
5244194,14350802
8190179,14675500
10692375,12029151
6851437,8415511
4796734,517992
3706971,1855197
4112699,16239210
1714528,11067719
9805022,11444219
11012662,14604420
9328710,10869407
3619664,7230494
3699539,8912736
235101,2238655
10071495,1552276
13885097,15211305
12049749,16650724
12281946,7461853
16124965,15374266
3542755,10290662
2744971,4239079
2259857,13877355
10902498,7955242
11898215,12290715
608432,4746352
11763350,2473354
10262357,11684535
12504151,1361428
5126267,2834435
9776561,217033
8972415,3739445
2852583,6348542
7400814,5025673
9711113,10065106
1599146,749715
16592088,8140607
12588821,6240778
9179828,11172588
420498,4525525
13665624,10682421
12922464,5018048
14921878,3286707
15717005,14411832
8106245,7973054
15689597,12456903
5609041,11958076
5843367,1818252
957335,6599777
11198128,10888270
11118058,3300490
3882705,11144953
9690970,2246307
11333533,7593415
13271601,8164731
2659530,3740744
16452323,14342628
3380285,15939804
14636349,2972898
16100336,15809627
5452859,15887913
13425845,10488282
11995275,11736913
15280760,3724130
5084711,569548
941440,10816491
6674607,15915628
2553105,11661749
14633122,11802030
2247819,2560236
5835154,3910485
8425228,11123483
12905018,2716700
4802896,2230432
16594366,3271651
5965203,16401332
8018387,11552001
51709,5044104
4309996,14291276
5314020,12134478
16349000,765025
409091,6841100
8275067,7623007
13152474,15230550
10488357,12859674
13938045,12139370
7870834,12379394
11640966,7059457
9001993,11273601
14623286,123515
6667499,10236941
10505130,4649573
9277360,475630
6332106,1026089
4101489,2376996
14138004,10469972
10255455,14957419
16219921,14714721
1209140,8909319
11636800,817576
15798695,15539288
15234490,13111778
6276355,3716198
3257938,5909208
8914789,9125624
15934021,10324227
5261595,9390889
1365993,16008483
10923400,6886569
308877,10216945
1197843,740754
12098187,13132812
10844115,11584343
3590310,9340134
921132,2599358
874154,5975538
12638998,15337704
14240579,1273638
10604553,14312411
3877120,7722838
355313,14940714
2767218,13288973
504558,11767450
14998424,11322738
12499194,504065
197668,35487
11396447,12972617
6562451,8985709
9076525,8450770
6439868,2115112
4166917,14656662
11741169,12063225
10446629,14918775
4999952,14261527
13463616,16305862
14756143,3443116
12392298,10922941
5161719,6857342
10224779,12151969
15057322,2730923
4489341,3766802
14506144,6357753
13859050,12159113
14736489,10258278
13200466,5743757
15151729,890559
5072407,12071809
16033878,5234094
1453525,4061540
4422352,135804
6882750,2982541
15328532,4872456
11676909,13890186
4302162,14864363
2872603,12195252
10840505,2909201
10262394,2082798
15179398,9962187
8890461,5905848
9352710,8491136
11106190,2431250
13256600,14097275
8290195,10028406
4129593,80720
16548106,780200
10210743,15081495
16045537,14562841
10574861,13365821
3118597,6712408
2050418,12582083
6810337,4746934
3220120,9753483
12269346,7796064
7504928,503600
4487595,10279434
7070572,6620343
9114352,15866203
12394071,1764688
9554600,5485379
7777210,6665952
12876589,3140554
10654768,774561
11354944,11886112
6432885,1207574
15349427,15951806
15047719,1013819
13652475,4520327
11273238,11400966
504341,13467865
4855488,8579504
13214592,12539792
11413689,5480753
11140146,4434330
12787133,15979623
5701263,2619401
13793634,9913524
16214762,13431956
2434071,1370660
133847,15783391
12203799,595021
3858723,12241909
2232121,16499558
12410284,2934460
4120323,5093454
13364421,15955557
793592,8723543
9617619,2264482
5910724,3902839
11608757,10394186
13759605,11301677
4242749,12435074
8301850,928667
10512755,14911696
14199408,11470431
8646476,8894749
15544028,12954243
15772777,10548896
13885599,10698252
3268431,7494348
11712691,7362761
5754792,14902299
8841247,5594256
771113,1662702
6485314,13607662
15340750,2224154
5891827,13060987
16714301,8879062
7969162,13364416
14235027,13917793
9028949,14943947
5467179,6713830
4914063,9267095
15064331,8105130
14125438,4251264
11674458,16065426
2814857,6586526
8725274,8179034
631308,5427477
1395951,16008097
7065833,10115102
11614970,9194333
267153,9044099
12871632,6561129
13414107,13099614
1628503,15965814
1068631,8272789
7844837,10778410
8437756,2794730
8462253,8229347
4198620,760278
1005878,3309299
10031725,4567369
16634321,12654026
10451380,2426845
12912658,6792760
5072614,2275851
10415317,7866140
16441605,11309696
7154192,4622712
1232847,10876388
12452176,14512772
12399883,8570125
10664177,9367796
1913227,1220918
12431143,11355332
6594690,16443996
1893543,11693402
12527868,12813888
10188053,14635671
4770330,15912239
11281650,15642953
14353583,15020346
4282667,5989121
11282295,12499082
3025183,13808830
15011256,7707192
11562846,15877516
126791,5487465
7848041,9340606
7092430,14672411
4578261,13690261
4897513,14957774
13487588,151773
2396282,2315897
12376876,10745799
16434346,16788835
8763776,10243778
9086482,2519833
10433165,12155799
3605768,2638812
4159289,16302309
12155469,9906118
5811587,7744565
10054668,11593049
4830348,6921745
15184227,10433741
14786656,11615427
16443889,9554348
13570505,11000067
13013553,1264745
5197459,11701995
86624,8262794
2820595,8175826
12129419,533259
6676051,14652619
1447396,11864362
8863082,11449716
15549789,11151228
13254478,12582978
12417412,1139165
12300952,6691555
13685776,16074840
5318164,2123437
2986498,16761532
3696430,15623926
11951861,5258073
11387819,13120704
6431893,3999723
4286601,4596271
8124525,5054168
6730803,2431233
1002181,14048703
4174291,12374249
11550314,10087356
7338050,4087195
11870743,2091085
6374642,10636464
11946257,15357176
13727134,217142
10998082,15162885
1840383,2816037
6099772,6213668
16363320,15222998
3665930,4269842
8057614,8915098
13785793,515946
14900743,15149497
11598636,981680
5713685,6586286
10285859,14983908
14215202,7073020
8677828,453473
16268928,4087511
2984324,1237749
15028169,13988658
3283981,2298413
444525,10470456
7155534,7367304
7752584,12108476
7703876,15017606
6100586,923973
15600781,6970251
7655755,6871039
2854720,15118707
670371,4761870
11072433,11702304
14052063,9569260
9096160,4146590
12174063,12348483
9826543,6118877
8804498,13828628
7836454,8794129
2283813,1097898
5724683,6722337
8449312,4036246
3499413,3516772
16086554,15654916
15162232,12163691
11574514,10193135
892407,11860143
10198298,10609085
13922342,16773649
14309281,440272
5748342,11525676
550929,3695507
3187094,6305031
8497849,12975423
13954259,12421693
12884731,1508418
12134742,8963363
6663186,5824714
8344599,2845441
12205339,2520621
12350756,13189510
5190363,8018443
8789164,2664087
10102936,2460644
2143707,11364367
524270,10573859
7498720,13582220
3882135,8124064
15294000,15164674
15005921,11437927
15583946,4946125
15269138,777077
2904342,5371345
11956785,2246699
14522871,13013195
3373973,12721594
13848427,8983890
9046379,4609317
16069230,11092754
10502958,10000075
2888096,14823513
4483180,4250946
4102859,4956416
14430986,7903959
4958242,13517416
3670455,728405
1875275,16122900
3775479,13762521
11884846,1977190
15507804,11978402
9577849,14376218
1326684,8853250
12340434,9040651
8537912,5004506
9846353,14590692
12900871,4927500
6017433,10093898
2803524,12597484
4597748,5931801
5457231,7148541
2493751,5727200
2572769,10389831
15691885,8615696
6355909,15982834
7783678,14617213
6635535,12625769
7026336,12388798
16357396,10954073
10301894,8960342
10965999,3988954
8814626,8156063
15987654,7430056
15202675,7756557
2865586,10489738
4123118,13139446
12635784,5277171
11401709,6400414
16095701,7836948
15630770,15344730
14136970,4034430
2989943,1540480
15427860,15860298
8678768,10078725
8350329,4220595
13006234,4684794
12865723,8488750
11551320,6969489
13960277,12802239
1963196,8666063
15781947,1162987
10981646,7883049
3140114,4907481
14411282,6872391
1816186,2901124
1873219,9701916
6890410,9177985
9510079,12698258
1910734,2910088
13334833,11766413
731183,10163971
8357725,1263780
7437638,1585224
7308292,16182024
13649760,12793061
9307475,1829539
2131264,4250906
11899701,12026427
10210050,5438338
7600933,12055663
6796619,14224400
1923217,3660996
12458159,11037112
14682389,6631513
4212355,6709559
6720662,504866
16107131,10975202
2903293,14046624
13629466,3865004
7205130,8176464
14945996,3345078
2793193,12015020
8030166,10606834
14295150,15235731
14936612,11013443
3753396,12152178
8230568,6424944
5279662,7570578
10351412,13791216
13357137,7752655
10078194,2199533
10133656,12642895
1863712,11004829
1572786,1048046
15296587,9767164
7205880,9649218
6002204,2973601
15882169,14359288
2586188,2341784
12241150,6740661
14384840,2603344
12969453,2179672
5683621,2377644
2143260,12410182
5764797,7334732
9364437,16223477
4267693,1390797
496632,412846
12256137,1511904
5243766,2423942
13813698,4137748
7673133,5645299
9325450,9760267
290018,16411398
10858169,7751317
2231084,9344498
3357295,16388443
14328109,16079138
4165404,12935932
13097095,3222678
13626189,12571578
13690494,4450415
12797990,3425355
15716593,10794582
16176058,13441955
6026127,7818001
10529773,9629209
9131599,10628611
9582719,10474168
14237392,4286625
12593309,15596837
8464465,570985
1649642,14772947
7783837,15057476
1295500,14394929
4951,10047557
11940013,10675763
3724430,16730211
1574921,608636
618866,8331901
2971773,1424551
2399802,4541284
10293099,1226091
13832100,14210279
4502200,3974903
15629423,8163063
94667,8810821
10216951,5613282
10518345,8610644
6914372,2562880
4615427,10069914
11843113,5393401
3299766,1025466
9899776,9563844
14142245,14860295
16457072,241107
5353798,1162493
14494621,7228119
1257162,15294642
10278933,12300543
10933145,7530441
16023728,1517493
13555978,14398270
5672069,8637022
12716988,679154
13596106,15476434
10111885,8069042
7515387,5824946
2860453,15305018
3838121,1708199
13110449,1208191
12136887,604421
7593958,14880307
13751754,3424319
15217415,15991515
12048535,10336907
1258101,4168876
8135816,10250656
10790305,10368062
1531330,11312358
6941375,15643852
4148422,12072987
15692955,13078726
11178446,15213964
1416147,9961610
1940344,2129769
5798180,11160873
4781606,10309233
1461494,7707035
9383245,15621087
6244450,15563211
7357397,14650290
14694926,4540614
2232617,16350784
329578,4977174
10647954,3735077
5763518,16436672
15257775,5035930
6990763,13859125
3023183,1739853
14814776,14336078
15724601,13182296
1220217,10571646
9331322,1927653
15746773,8206290
8200368,16524093
12726799,1322825
1016233,13928256
13667785,10780162
14839119,7140025
15926619,16553536
1851545,9219492
16452164,14421432
9041691,11298367
13746401,14728810
2586066,1279363
5489147,12175500
3721711,7969400
313794,8918162
6519479,6230264
5244243,8904766
2856179,16380350
334599,6801988
5956031,6977160
11979145,929918
10106703,13259121
14980571,5986614
8785096,14892219
15732592,15825843
14210481,6131984
13592371,9298709
2974837,16377753
1917811,9365560
4993021,5106788
5690887,7679066
1467288,7953741
7276533,11204123
14940594,4560180
10165954,6993863
7845732,6529840
9613660,7888053
10319431,14735226
6199068,5886273
8564578,10039001
6236440,12002215
11788370,273453
15907222,433889
5410082,8337890
6648667,8557589
3554221,16640402
9943349,2220369
3875660,888209
13341173,8975845
10695798,6164264
11300255,1055155
10723118,7275159
16582082,11266412
13506832,14969947
15509756,6464165
12320754,7174086
7884127,4651537
9265563,7164481
10198529,12921154
6128576,12000786
13396223,7157929
8736134,4290113
11735502,14163806
13297129,9709429
10225238,9680824
4122559,10108408
7382561,574062
2957891,4921884
12325591,13716608
8016429,8486229
3132331,9444201
3431114,2384999
11531951,9097923
8130613,7416338
13424022,5163560
8443821,10425545
14069436,6020287
3134688,3645672
12936257,2742858
13963534,14793575
8030638,14874236
3916206,3679513
3661475,16406982
16273138,3301490
1948196,10622271
8880711,7264
794361,3825
3228671,9454764
6210546,14191129
1735702,8781975
14305819,4386448
11966712,6993153
8379499,16754604
13124437,12534620
8187971,782075
16494899,8939612
6831670,13617721
12554466,7520395
13369487,11006463
8999167,16238544
10251559,15556070
8823525,4163032
16443406,5903438
4244094,16020411
1305369,13134202
7581895,5575534
15256381,12547814
13077447,15461018
11221929,5628265
5742785,7587881
10800090,15852758
8984685,10985190
3207932,6419346
13429148,7137815
12164785,7305896
9972962,10412837
15954509,9990949
12056974,10725339
4215734,14499584
15230942,8284349
4526860,8373202
7925371,16114788
15043828,11767213
5326698,8962103
14217730,14952459
8328240,704860
16118671,4047118
3369034,2675378
13189236,9889367
4799260,8120386
10199091,14630007
8891385,807572
12908022,14939854
4008033,4978279
9753066,1515427
6353381,12440796
1021711,16171335
14903170,13080765
10978430,4053754
14037469,2378707
3571388,8069017
3538648,10094123
5135070,11541568
13855361,14643621
5008436,4340058
9064936,15585253
7650307,13199647
3826947,11028050
12233904,15232613
11650023,4064203
4798196,7011077
7954681,3225109
7906000,7266840
7083650,2575097
261127,4860941
1023520,8033630
7388707,6517704
2682325,15275852
2926064,15261411
2879130,13765240
2383579,979481
16532321,3353489
9774476,2157411
1314226,8223939
2887724,10130795
6887220,5821086
1317211,14743457
6601921,10575013
11888217,5033861
12473732,232764
9451023,9820679
10064795,9749484
5651567,11294709
10449794,7549565
14453450,643374
3549229,4804005
4455794,10206132
6883900,14324703
12538319,4028003
9404952,15513024
10189085,11692895
10096117,8677793
1423162,4209392
3337261,14366897
1485990,12390340
8251860,8563185
16222683,4241825
4533068,3401355
2415893,7509375
14349164,6230599
12414930,3196639
5254177,7793349
8619820,1867713
2393689,11950792
777004,12622832
1074610,2314151
12208975,2293182
8572492,4884711
12447467,572689
3429423,13492624
8183126,15369725
7686187,14793508
9334906,13687148
4997970,14705639
7586455,3715719
12223435,10640401
11098070,3394941
1851347,15917128
7219407,12091173
2453022,4922144
6966708,10560451
2835360,8711307
11598596,9018617
12052120,12433849
3853568,13318623
14247551,15463850
4819510,1252441
11101929,4578600
2431113,7988702
13625816,16747914
11825624,5733138
11188685,6731523
569251,1631926
12663725,5557328
13382360,3532940
3193489,329590
1082842,16198087
8655073,4056013
9106351,14959381
11155332,9202558
6229303,8893235
12590464,8315668
12339719,6793000
11436869,5360687
488259,6191427
3382917,14949315
14059531,909150
9868039,10946095
10400619,12407354
3870564,10763305
1249120,7817667
14831770,8757348
2328626,13054206
14460311,14864026
10214280,16558693
5859762,7805426
13117053,6087088
351967,11614352
7171820,6914277
4567951,14908286
4518108,52256
13912242,6160975
11379936,483026
2573182,7763935
16642250,1740527
11140860,1012312
2214825,9592135
10659616,8567612
15491623,7727235
5570716,3298227
14025078,12586744
10232988,1951478
2825765,16220926
13240031,8489465
9545284,14037493
105443,7387638
2773746,8550030
4862838,2355635
3256649,4037613
15860121,12886652
12743542,771328
12917562,15240763
3761352,14589823
1345442,8362834
13013096,12103869
14999591,9124005
9156850,14112530
4969248,3187797
13432797,1649966
11023058,8693242
8244686,6688320
2450124,7711385
10767564,3817559
4256892,2959604
7628704,7617765
15918274,5877135
7607028,1436227
8299928,2475612
252051,2372492
10975844,3009761
80835,11899387
15472679,3769438
3504997,11591104
9310949,4437678
7795552,3975752
9307068,1992777
10713839,10559856
11344708,10843993
7458883,2880851
4091125,14951527
7447232,11790537
11967203,6049798
13692168,12267846
1043883,13463099
7383984,10076636
5624460,6514401
14683075,5669334
1015452,2417065
11485413,1663005
1851469,6266137
11286299,10115229
14062594,9545695
4224269,12240565
7798302,4882538
14332427,9499761
8684373,11474588
14304698,16772399
1728028,2865398
9583787,13013137
2652674,5227925
5519921,3433910
9210573,11231384
116473,11591353
484542,12069513
10367531,11903422
6643082,7302212
6777975,9951522
1030036,5257948
1866549,15184965
10411164,14135068
3943567,13303510
2077786,8330908
16692272,7143391
13495441,4693794
3467798,14049429
2175650,4751062
1499374,12475484
13287753,8284235
12885898,12012434
10394497,6946324
8860146,5677452
7605401,12502170
3004516,16222172
13713973,13025826
4644875,9499809
7241354,13461967
7247886,15204722
12957491,15645114
13402951,8107072
4656111,5900794
3089496,7723014
16581431,2491781
8643451,12826956
10696814,982484
14585504,14877147
8561212,11465287
7264224,11742795
12577104,7921745
3276539,8913749
18395,1714620
10525722,5495166
11831158,11302761
44828,14385238
13179715,15942861
1490493,3959456
6587263,10220929
3574114,13797312
4697141,16441504
16251043,1915102
1291534,9503592
15306987,2699767
8798999,7683888
16157310,4335122
1309650,6834700
9364769,11889571
1889189,2315521
10798118,15428674
1474946,76864
4142847,14656342
3619054,6667491
5458250,1877183
8268504,13437612
12553842,11186253
11700064,14973578
6598018,6917858
1309338,14857960
6620199,7360501
3530231,7392538
16041647,15052163
3259325,2589714
14831413,12461096
16078934,8823787
8568520,1349538
11632583,12350604
13791872,10940189
9024054,10425300
14306806,13758907
6146115,9335557
558452,1339108
2760784,14057020
6691099,9686836
1438815,5946243
6165791,6073374
3532640,8889974
13543519,15119695
5092826,5858388
807371,12512745
8976585,16184805
14814471,9914922
4341219,1598824
10820186,16388823
3359892,16628682
2567915,7734620
5514057,12645048
14285572,4866966
8222968,963024
9477668,2348200
9697804,1149019
4195686,9662381
8910743,3976178
7882883,4092613
12143055,13946955
9864354,1541764
8317612,7923129
8045823,5780894
5213284,9444120
1943837,10986487
3112658,2364322
9771596,6544176
10549497,137711
15923287,9415502
3427831,8577241
9522436,11915807
13089410,8406251
8253117,16123827
4922474,8832168
164073,5302920
5784955,4069982
7012815,15582579
8505631,16739732
15285648,16561216
8601871,4080022
4991153,6397487
12425450,2797824
2566196,10364765
15406307,12734466
3098126,8059627
9071850,11619327
11429023,1641928
14030398,1374521
2126834,981757
6968723,2090116
12763255,11354124
3535722,900088
9598803,14485300
1655346,7191192
16525931,10785705
4941917,14985702
9437155,14252031
7779821,4038430
9574784,3014281
12851467,7587316
3399770,3770402
10127109,13935065
10878146,2295167
11524133,3677879
7016358,7504929
16119596,10407745
13879452,13284019
1032677,13074010
14144272,1393677
6716915,5230255
16793396,9760978
10950089,11495858
15320210,5586475
11110680,16615183
16460696,15921739
11049755,6248945
6604194,16544685
16284740,5376518
14712991,5476374
8224577,4589537
16741749,12586453
16191369,14481765
4801543,655889
2668910,16496525
8129591,14830964
14494768,2356727
13264616,11166463
7109450,8065351
1483362,5833282
3298122,11547649
834079,3833544
13947822,10123291
13356128,1210302
1519303,1222227
16626892,2305218
4344494,4009804
6688095,16764542
8265961,1186193
14898158,1149133
2210494,2162865
4896598,4330222
6346635,161940
9314699,16651276
3031228,7968402
1753965,7787471
693800,16622303
5488157,7575363
10036993,6451177
16121742,7779124
15451113,6508906
14832575,3078249
4696843,5278851
15021549,1875398
11478137,9928916
829055,9921811
5420648,13579554
1871016,4524770
8874696,2890986
5977562,8902769
16193002,15588345
2643001,6281485
4451738,5280429
11153386,7669825
9560882,6666912
6326584,1842061
10088773,3598047
98366,16359519
14531876,7566499
14015297,16786103
13948171,12129255
12481931,12044516
3817988,13464309
16229159,16782675
1448389,2633259
10770681,3334228
10725079,3394268
12415600,10024310
3673039,9781138
10646901,10776548
2483289,3234917
11485184,6939740
11970778,1320199
6524973,12442666
15556181,12307695
7936372,11505678
3260810,1687636
2706529,11112077
16634765,9437912
8014985,15621356
11120158,692263
14235729,6551330
10370205,14682900
14142724,27511
10317475,16494980
8926370,16755905
12077495,7415393
16050657,5879064
14869414,14355042
14060286,16703999
4465413,11043421
14380811,7298489
13309401,2117318
10309106,6347873
7276980,14559965
11627214,12525130
3189411,6410670
15468394,7340934
1183544,3411328
12127927,10108514
9770357,3300376
3750211,3857232
16198177,4687109
16329145,9213376
2679171,7588629
2067352,7445595
12380985,1400196
15800493,13062262
16534474,2793026
16598990,486068
16466399,5181087
6607816,13516480
15582393,5571076
13303518,7399317
8926803,15417471
10172601,9812837
11332450,2499220
5697592,10071134
4959345,7535895
3655625,6591959
3907382,3502788
13297585,16401795
6351815,5992475
6598525,8236163
6881340,11342946
1215993,11404142
14738703,13356234
13516777,15551380
9729722,10434861
15994075,15942184
2444276,9986228
15886456,14752541
8688207,10759299
7974366,1620489
8080547,4207425
9320006,2404211
9891541,5485390
6086996,2470370
12775499,5364974
13302641,2481232
7516814,4049649
7035498,13312274
12826304,14223502
770211,5635405
8480230,9668991
5736084,6535688
6778691,9469278
1128115,9033254
11377158,7173283
7633004,14754236
7485769,10555561
12368226,9343006
12264897,8434648
5810243,12733871
1455557,7176997
6147729,2981143
15609672,2107920
10864181,7083117
9204932,10747522
6014412,13117396
14899421,16227271
3830678,9001543
1581115,9713818
7386065,2029465
15292721,14533010
8512833,5806956
11692171,6658275
5209085,2278379
14553695,13883079
10202010,10245286
10826632,14080059
5730157,5966820
1678189,3651533
16346349,4228605
8244575,10295452
8170281,14675447
6997047,7788698
2940166,16282459
2336214,13405668
449975,7261409
4298005,5441493
13822064,15275066
12427153,12839524
12794711,15943169
14192629,5565452
1660080,15734749
9362315,13281852
10635347,16432514
3184440,1294993
5179037,13321653
15740377,11312708
4413986,16071686
2054223,11637743
755775,10179699
3731977,15660670
4523430,3104524
13243494,16002265
7882324,15695606
1777944,3637121
5223305,12530810
6464291,6846843
3697803,6466769
5236224,12333570
15976495,7051598
6279154,9153633
4853596,12688494
4280554,10128650
16090651,4015663
1375759,10083654
12994027,499045
14394435,13599490
10687243,13536519
245674,14593515
7841185,13968474
11480668,10615045
16463496,13287448
15277242,13183768
14325458,11322625
755090,10646130
6227187,16732086
11321273,13190634
10878126,9760084
1001016,7323452
7084896,15474923
12020967,62269
12258040,2052660
1497930,7697423
10215724,1150444
16364386,3581042
269268,11939303
15632055,13981052
5593659,13906675
3670384,16244795
11405162,4050917
12974062,11755190
16624077,4651883
15538319,9649823
1463906,648924
16454530,6832623
8959672,5257169
5400975,11299384
16274091,7709590
2377482,4296360
1063430,8372524
5936054,16698741
13733467,13983951
3485134,395126
14887251,2087294
1041602,13727714
12137643,14097455
16755155,15030633
15274295,16585007
14388492,6014060
8384707,4913627
11083884,710591
13946800,3836418
7853793,4197335
15313522,11134851
13192189,9122645
6649383,45085
6224843,13203186
14306778,5659835
10943524,400362
4585322,4085981
12126894,6614974
14430491,5382090
11514499,8296675
3660627,8215627
2526708,7071710
4525859,71688
12321347,7432713
2314280,3856223
15449648,10921553
7560714,4409547
15862569,6436233
8988746,11767756
5158123,3500765
6232805,2755568
363516,1217328
6992424,11690858
10177814,2379930
433550,3651099
10984690,5696026
11696617,2419753
1522874,4404372
1984685,1934813
3960592,8838893
16304274,15184473
11162872,6756777
14780329,11552178
15563046,14370790
3027572,16108008
12912932,13759780
5635148,15026195
16152236,9974669
5205697,10600524
13735444,949014
4122794,4096339
13336876,7556342
1011158,9303865
16555834,6114866
8217445,14374130
6873371,3848073
14699477,110067
7484608,9438704
6778450,6687034
12110057,15693140
2430560,1492083
14500453,1613655
3088999,7381423
9204142,172474
319323,8372942
7270084,13690808
189045,2490370
15021171,4720638
13094329,506022
15758168,13602628
7285451,15470654
11832761,12608485
9193175,9529785
11666013,8165236
2835073,14787184
9074535,4595834
9041560,14404985
11119992,8430052
6958078,11401933
5939447,12412589
2356317,6025291
5477048,16100749
9601951,9370626
2927917,12194327
429572,13381616
4590461,5426747
7346596,6396456
8854123,13020058
8566889,4736623
13297608,13855462
9305940,131695
13506104,12982200
7808309,13979377
14459544,11345378
4639464,10486619
2407585,1199120
6129474,1300477
4870177,10580930
16741196,8046537
4040886,3909829
8510572,12163547
7216148,2315574
3914262,8286288
16237967,10618053
2789691,588574
8632714,12514815
13510943,8042601
1758714,16583438
2282512,6741131
3495811,4007641
6169132,8007806
4587385,12591665
13743205,677809
15495062,10410691
10574275,6990129
16636486,3680324
13348834,37552
10753733,14529287
10743316,10085920
6064514,4632853
15854982,9612788
4859370,10108708
12515092,2103105
6135687,9061678
6640591,13480456
7114980,12536602
8529119,8848888
16034443,1259464
15177810,10080649
3442550,1940746
31601,6977895
8845763,14916889
417194,11835979
5149849,6097486
8525130,2963767
14150310,7293895
8932522,10077584
5990815,5333627
4983255,3354548
10343373,11865257
2390343,5893678
14525323,9257691
12156662,9653288
15717644,9023756
14930123,3408175
7306097,4748055
1797902,4761952
9892853,1722522
7068208,5081131
13549445,11889806
4789425,9467611
16731941,15602983
13240849,11134313
14957894,182359
16615969,7235271
7303702,2197680
11903599,10953936
1252113,10703598
16187079,14786275
15357391,16378811
8940907,8099170
3497173,10441946
16109464,12473553
2627395,15749320
6721883,8293509
5471098,4674553
2628158,6960686
4950894,12723645
1937509,15725486
2936483,6364890
852674,4295027
11788807,10977099
7467694,528302
2006977,346079
11902331,13822061
10702135,13448472
13595197,324830
6040565,3688065
10059147,13543154
13835276,1307626
2780940,1451615
11734589,14994740
334916,6918463
3289637,16622335
6641938,2227003
12509596,3913232
12272487,12119723
9693340,1098430
1870401,7153456
15517339,10178879
14033156,14715443
8930161,10628643
15888715,13884676
3135860,962116
13767377,7713433
356086,13561917
1772968,12573277
12382503,7738522
933234,4741140
6733551,10580389
8177958,7098203
7405685,7967975
14819638,7330662
11306797,6583519
3333947,8454285
14184383,9779182
16625468,9509874
3044650,9127314
10330733,1882680
7634123,4198769
2507279,11274245
11089315,680291
1579962,13830015
4458491,9118887
5187348,6445405
5806930,8196957
13248976,14562037
9838252,9503585
12964212,12742954
8102747,1048834
9267504,1601234
2880076,2138670
13487556,4656315
3924967,14738393
6908307,8406174
3998587,1777974
12172250,14507182
9735262,406079
14748949,10628162
3972733,7885101
9347060,8702027
4615642,7870777
2891418,14835299
8268228,6112874
1877411,12261101
590860,11081732
11213632,6718507
4036582,2121126
7767637,8680426
786396,7211715
3165792,14983660
6186906,15454379
6729227,3518828
11101138,4591506
16298914,6193388
10025211,4940109
11849695,10652916
3605889,2569615
16377406,16567170
9375597,5122086
10477845,731016
4229238,212608
9974859,6091751
10745640,5822755
2240083,10511041
12686105,5191243
12396854,2652061
10998741,10813320
3609913,3150667
6371364,4500395
10061083,3476176
62123,10457726
15726719,2393240
5254202,1874341
3509324,15135061
12470132,8801140
15431175,3111495
3456069,81671
369581,14435992
4524741,1378713
10940361,885543
15211167,7698363
7115659,3123115
13095679,5181610
6038245,6879498
9700878,15597675
14929612,3473074
9525976,3546289
11129703,14946948
4867449,6657864
3549237,1879815
7021748,730155
10716070,1245984
1954335,11809345
7624294,9730800
10793822,13914005
10635560,14044808
8639633,6306479
9259954,11733979
3619684,13851484
8594052,8830836
12559124,4955556
895892,710625
3479885,8704103
13988149,7869047
13825209,11369109
16701766,9703216
10079867,10964511
3947069,2130893
5115290,3557732
11243865,14745184
13313777,15458229
14828732,16008999
12128236,7514856
1789419,13678385
15209149,5329196
6021299,13627140
15122053,4640087
13756815,5593118
13821932,10985843
7545807,14058204
8860339,5683523
79314,4088533
14218412,8184549
15005930,15983519
12386820,15346340
14437026,6965878
10495857,6763700
884512,5498079
16211886,2759941
13451245,9808210
5818919,6878787
12606276,10407768
15773894,12413000
15515450,12975590
9733375,3250783
14679962,10545034
9904309,7918466
7520896,7532291
15582276,660816
13001267,5389134
9721615,2865622
912119,15634327
10000390,3774760
6606133,1795999
13032990,10544483
1380855,13181764
6886242,14343901
13569554,9417635
11989118,13944772
12288823,6676444
16487010,13350860
1892588,11399477
13822783,3917978
2812372,5759167
2899323,14844021
875133,10671084
15522041,8647957
14026206,1224699
569212,15889493
5434860,9978048
11092734,9609641
8642623,12568821
5603308,3277345
12945863,14277124
14681995,11348845
736317,6136969
7071492,6942323
11828283,1991336
529603,8281266
4460660,5108830
1205637,8773234
8309707,6170075
3353492,717791
14417497,7551030
16074895,3231164
9425564,2725997
7712869,13072555
11013121,9830984
6017201,16263409
4689306,3297441
5260041,8267088
12421386,2364779
8023249,3725934
3609666,6511882
9370753,3144381
5693031,7814175
6642958,15745074
10623630,6921763
14847949,1222016
1357918,14849886
6538842,589439
7745664,1546154
4591986,6655006
6797051,2445366
5729780,3772420
2638539,9615891
4474091,4852588
5599708,11323550
7406157,15915981
12411857,2373365
10879668,10265826
229884,4016498
13864480,3347857
12859820,14917825
12845294,10179608
15601990,10199686
11562652,15186816
6500877,8099377
9641476,7116945
9211081,13003394
11793285,11578040
2492230,4489182
15381838,1087670
7955164,12392376
14622497,14353296
8448198,7414203
11832149,9773464
1781845,16648018
16279085,11177088
13354742,7543560
10599069,6548566
5710512,2291736
15472056,6267796
3174885,15212196
10663550,15351216
3193608,8731939
8083774,2439536
13618960,3724675
10646765,10754155
13164831,10211884
12381579,828130
15235377,11077250
5850259,7230875
5739252,10364376
12714116,10393142
7403691,11848026
749624,1120625
4503850,4134404
1018435,16491825
1175215,135358
11282374,9290761
14201755,5691070
2048468,4193338
757027,10434396
7835588,10696451
11738240,2762796
902573,10068883
13440197,3023518
797045,13416570
3523916,1282737
9647329,11271751
15185905,1051827
334711,4336255
4445628,3776528
13262407,4511852
3324042,4774382
9736776,5793000
15894387,11744092
4917104,5927501
9809954,1933574
7896930,13607566
13840485,14105272
1307945,4943217
3323251,12023870
5967266,5994790
2979781,14669034
14721256,8107623
12619724,1305888
11625318,1247424
11184437,15995878
5331820,7909795
14662184,2074611
12481091,3881905
5488011,14318253
12859665,3359686
13222877,2764693
2253515,11923823
624043,10532126
1225868,15677695
3465851,12060283
9029765,12378522
14318173,6811686
15656712,16156544
14659197,7862278
9840072,5394200
8029614,14100199
15800857,10065781
12927940,16160690
3940387,13704441
12663538,13526628
14633854,404959
2088379,10972670
1095655,13655964
1377107,11743074
15624079,16227759
15234668,13855560
7297260,13362042
3919625,11864587
15941835,14981373
1490796,10064142
16554272,858715
8293926,13699743
4470096,1599039
12273402,5145517
2407226,14114470
10246655,323450
11946140,5232421
7560558,16613731
14992379,517636
15915558,995954
5891710,5683071
6025884,1278514
4772744,1566163
5610246,10745122
11229620,810716
2647698,5581058
4452995,7114310
3921774,3273851
8237823,11617268
5214534,3408957
4399939,1147308
6460236,16545196
9569243,16032179
7340599,1063145
184356,3033793
11758203,15942779
14813912,13439093
16719988,14416714
12087362,11840384
4704443,212931
7527611,12027647
3333945,6397286
12700383,9092212
13345927,14963965
9689836,1890181
4599742,1278001
12742040,4351549
4702011,9421573
10753367,15480510
13538924,13777874
12265559,11592203
12980568,8046038
11908735,2924344
4811359,2813481
11754941,12992439
12629761,3543464
10167799,14282939
4775896,10286661
14856126,520649
11474817,14255868
4301742,12332451
8247048,1972622
9665258,6924427
11090158,606894
2461144,15720793
1303252,4459435
3742307,8726647
13463824,13935954
5301892,7588605
6389015,16243135
6142052,10052986
13719468,7608722
1834454,7736247
1664012,10093188
3938566,4946202
511945,6561775
10298879,4835648
5617986,4757422
6473204,4024102
12973298,161582
1195431,11180892
6008804,7245430
11282918,4858272
15156259,10762057
1284212,964498
4100441,14040554
15927264,12309500
4803249,1619164
5383872,11022740
5478728,14915476
7137198,12424042
8462752,4942806
1419066,1587599
2456963,16152459
10133963,4115411
7617949,2127118
6511877,9347310
7660100,8332849
7374414,6680305
11578968,9830457
787809,8822217
10650698,2343626
9370523,754174
279437,14169145
3299807,11951333
13975385,3014375
729987,9117458
10877323,1927468
12644932,15836532
5381853,4848509
1570799,13894070
4635698,3052843
5018441,2151296
4794365,8956252
15929453,10379661
3071054,14841459
4336098,12642099
11532687,12824157
9347927,16480437
8214413,15333504
9303601,7661746
4509315,8691425
14531619,9034695
8353266,8050
15153694,15308486
13041638,8036820
1140111,14200935
14737090,1886157
16153043,16306468
8992671,7276481
1352994,16587
3877295,10974308
9647863,15792224
7639586,8764076
5737337,3591972
2604810,8768652
794776,9014739
242332,16417613
1049094,7745635
3029573,5670361
16118386,2766811
7134697,9407771
16680311,12257952
4638973,11241524
3657920,1059323
5373959,6828737
6728175,7090413
1689852,15722842
14542874,10142261
10628751,348667
13105091,1123606
986219,8859162
1156866,14154281
8706699,6998339
14786847,2520479
13136790,4427931
4441513,10853902
7580783,16670271
12580992,2829246
1688616,11725943
1225486,8905751
2695266,14381179
15050592,16487722
10367931,1883950
6941454,7537562
5377859,1484839
10248798,11744114
9765791,12556752
2594403,10942645
5219285,16519006
5746874,4668217
10753168,6717343
15608263,16171743
16276909,14848227
1208576,3395595
14705618,9319633
12059469,3551525
13528405,7322617
3042054,2180120
2692630,816170
9838459,12478361
11179913,3087950
9316808,5178341
15754534,1708803
10128641,3754281
7603058,6679322
14983915,5830416
2592222,11920962
7440730,9842465
9367498,1694159
4101587,5679916
9088811,9621242
13999054,3083860
7838091,9168345
11358502,13000041
4409346,8186796
2916286,6465358
5780625,5864466
9095813,3981007
13805661,3259949
16420425,14234599
5991753,116984
14211808,1827686
10878106,9548946
8266320,8465891
13912905,6913745
14930313,4033765
8297038,6855186
10612731,1964618
3379077,1931256
4490036,6958076
11395911,7760222
11368524,10214759
953213,6094523
3088375,16738272
9206740,12151449
12869677,12724896
521183,13506352
5911118,3232456
9596119,14407986
9266251,2654197
2117882,16587021
8629647,892633
744847,9647155
12369481,15713436
10285428,9032660
459130,4263859
6904298,14590604
9452715,4349619
9798751,1511094
726824,7727902
2633723,7577028
7306034,15927786
5485610,13753295
731999,4171878
3097993,9735041
6469477,5274994
8951833,6360592
3121165,13099229
8681180,1966454
639809,8474914
1186399,331317
9020421,10874020
2066437,9667754
5545716,4690745
13882806,9937072
2868816,8076848
2390827,5292046
4563976,16529039
6019339,11788891
13557829,15685085
1038075,1311024
4717517,9115588
7722936,15808550
14984937,3888639
2615370,3834378
5780275,3630048
13739511,925768
2831085,14713184
972460,15893799
16053480,10138354
6900631,403246
10762372,208522
15367690,11854144
9569359,5147246
12999874,5516901
8985925,10525634
2825548,925248
7238159,11537256
9333218,7909375
1518881,10987136
11225387,3456150
10393814,2767438
12780149,9088152
15451083,7704193
16649325,8225414
7028515,6236777
16614489,16014213
1331042,4973595
10502805,635058
5024150,8161971
2568016,7721366
4432444,13849149
1952551,2336716
1017015,6503866
2072239,5851388
16066634,15792792
10159714,16491781
10861263,6218052
14935064,15992101
1115373,3899111
7763179,2180601
11688675,7380590
13316871,15018123
8540931,7443209
4399300,6315711
15813007,1038048
6511472,1712131
8818589,11385541
11135040,4031018
9054004,13002386
14447723,1887073
11457888,4848357
6812955,4973558
16764151,5877883
5587493,2282712
9405785,11342581
13062533,5127174
3122196,12962825
11204562,6563442
15246237,11019972
1575410,7009553
11817278,7810173
3811708,2498759
1765768,10599674
4925896,13156721
15341246,7427236
5046400,16028778
5436587,9941730
1304586,1657145
12371137,15225030
1358657,14290684
14495207,14136390
5006656,2905322
7469823,12225001
4908533,5733796
1281244,1398728
8557689,8837786
4893195,16348712
5912660,14063474
11970451,14241327
4833820,1708820
13123423,13251553
6679299,7954312
3037315,13824773
11079810,3056689
4393556,11981229
3036915,5332021
1152541,3457134
14540109,12821802
1983525,6688304
15913016,964645
16012089,16235535
1379367,533588
11469851,10612529
5953855,4805901
13842854,1182985
16380090,12544351
13939915,11751700
16157206,11472097
10583201,5349548
5552294,13350948
13064412,14722703
15520186,8331744
13373003,3725478
8053922,13298390
2038894,5172476
12809826,1312712
13720697,1154505
536879,9170675
845896,7880443
2297834,8236758
13069733,558418
6070006,5362643
6225092,6007079
7266405,2804527
6102318,15727799
9221147,1494606
312677,8754685
14326645,14137556
8647639,40184
10581086,6548252
16086456,3064036
1936580,5475814
2521861,2036696
8933537,10852333
14399137,14759031
13339034,5998470
10538627,14780478
9131556,1333863
12976815,4971690
5393460,617232
4905262,15720959
6371856,796898
4237245,11780955
8781591,11732520
3672635,5565727
2437650,11731615
3747305,14209510
14172634,11705151
8079194,12233817
12990339,15350764
6338311,14006631
7117387,6644863
10085013,10225466
11811425,12239256
2272898,8900859
11394213,11393177
5235816,9589712
2207062,3886231
6653147,4477916
8791711,3682369
14406939,7019921
11158255,3678256
8986902,3504578
3183574,6574347
1045483,14490449
10533696,4707638
16567553,5118415
1200390,6004044
6209997,2892395
4677014,8916425
14967283,6091897
2233630,14453419
2874284,11157343
2243516,3156191
11841354,5947396
13555439,7686341
5301386,8526816
15089146,10364662
2433078,5455322
7119710,11682870
8089644,5527206
1801081,2103134
293529,16065939
12180608,3232769
3941283,450019
10790039,16559729
553912,16752
11491689,7719406
2325511,7807083
6313284,16644701
3735368,6734453
7141582,3292742
12955021,2132394
14551152,1996640
7062186,4643156
6558025,2951471
5893028,15590289
792094,10645065
5757804,6479894
8934993,8928735
8673048,13855581
4944051,11735721
9493859,573931
12899820,9141454
2882501,1415364
12889424,8910018
13263394,12471361
8311752,4391935
13831766,10444529
6445172,12029944
5180799,6985108
9616639,1828687
13136336,8472997
2796426,10729763
2844096,4703538
1877085,16598792
8815380,16571505
2290290,2305683
6566223,13496884
14020557,5007192
7992582,15988069
8063905,4200270
16021535,15563046
14890990,11537383
11566751,13160603
993571,14035310
9535245,8620587
512909,8772574
4233216,9801035
9170327,3543696
3729435,15710323
2758121,1684384
8007928,14053553
4760877,2109954
673939,11620420
10569025,14610645
3145413,10822409
3352169,16711821
7813094,11633789
13088746,13385864
12457098,7232704
12259267,8595935
3288401,7475783
10252776,9783022
5005409,10286808
11842371,7938159
15869111,13168569
9652075,10794240
8797278,2467230
96574,6424192
5996217,3551654
14303239,15643862
16093936,765401
8726276,4857843
16345842,5938233
9752292,14819763
5845982,10625710
14996585,16204361
8755041,5173334
14683109,3452507
2331283,15259730
7387992,14281547
6646642,2313026
4284103,11098557
11902600,3226261
10280218,3715471
4457887,2778007
8958808,1481359
8615856,11818783
3074916,2274395
8435498,15104803
14021222,8852594
5016893,3592712
2029983,1572434
12617073,7416383
14328226,5529842
7676335,14796744
7776941,2265752
10516301,14678247
7828054,918129
3114209,11690194
4688779,60256
13074737,14146300
15153773,6225056
2209160,12169161
7987815,121207
6423751,681929
15790108,15994549
9405766,15039955
2567439,9359693
1855041,15125373
5310845,9930965
6437918,7012345
1041394,1462048
4772104,10029931
4723820,7563473
14735066,3246524
10761835,12051994
232678,7300459
2567895,11410840
11288853,2986523
12871613,16160704
3519416,2302900
14194987,15677543
5568720,13728576
13412712,9618769
2344642,4078387
4974119,5506429
6911873,10716891
1928169,4099444
7886585,6040648
6907017,8892353
12322308,10113627
6304999,12867799
11555594,213006
9932061,15948363
2814407,6916962
16585225,92750
3613590,16327495
1891687,16546117
6579754,15490903
12450160,9606969
13844516,2197962
2507551,12722649
2070562,11025078
2370611,7119708
10726295,15650024
8716696,11996104
9421547,5302316
6300373,398554
14314865,13034682
3718637,4444462
8052852,10717444
1021619,4129917
3148915,14375005
2096839,5499721
2052265,6059128
3243031,14589155
9751466,5663298
1902899,7669443
7036351,8256488
620903,15591796
15128370,15604537
1209191,2556656
8540868,2586490
12272158,1983637
10195462,13777814
170000,5647068
12834294,5696178
13789857,11876605
6894252,1677398
1493183,13484630
758799,10156177
4025642,194373
2542394,15183265
14206570,3036091
14863580,6967023
1563793,2099219
9006944,4264399
16006430,5024753
12645517,12947244
6816667,10444959
15147448,6355327
5457469,16099703
2586880,856076
15528959,16775912
14256832,13263583
3194055,1852448
10590432,764131
16421471,2297745
6879538,7202328
11430939,80958
10933963,1932388
13940879,11850288
12699707,12405658
8457680,14403260
11101800,14952492
10123179,2361155
13887237,13909253
13222165,9295166
9242149,9077352
14073481,8210375
1404185,6241638
2415044,14497231
15705846,810681
14227672,993866
8884703,15515958
13683876,4900821
6470573,8672159
8756820,12775724
11347087,1831361
12219793,7236109
12214160,6741833
9349344,12994275
924132,4987422
9222956,13307991
3454426,9965390
5999388,802047
16238486,10905988
11447452,11674804
16782208,13834094
15252832,11613131
12882487,4317228
12769002,2394864
11582421,1196445
403016,842960
2667316,12632318
6233564,15662946
15597586,80832
4142158,5186021
5244749,1336302
825284,5451511
980688,3640021
12331546,4775328
9692467,12918471
10484119,7164322
14250503,15603586
8614722,11677135
1604312,11686113
938115,12198362
12850855,12969808
7379344,9498812
1552371,3646956
11425020,8658329
7058672,10261357
14448596,996827
4192303,2066574
14815479,15208721
3008838,3875483
3582080,12326559
3444343,3346409
15185128,11708829
3446305,1974209
7047930,6844052
11605492,4683234
3534577,14154087
8020080,13415147
1053234,9074462
15571560,3633632
6679346,4671044
2831854,11765677
1717233,8664483
4297367,4077910
11403994,12358239
5147731,6419699
16151143,7454141
9024876,16775403
7762944,11144515
3371765,3720929
10993983,4282856
13655377,15522750
3822780,900635
2884733,13072311
8714680,2417816
5908939,16071475
3605735,123213
8500178,7004285
4645085,1255051
9972720,11152935
7529144,14873908
7327407,977363
3626494,1158665
3202569,7714101
212154,2404336
12842902,4924093
6418703,12785668
14543561,9040974
5515669,7304642
11712442,15424650
11082992,6772376
3192362,6333098
13558739,2850160
4886171,2783462
9211068,7188867
10019908,14243537
13441755,8605910
4618621,12112985
10801938,11334200
520370,751711
6034152,7104787
13097812,13498245
1840485,1949688
11220836,11269516
771822,16708361
6425470,9176410
16470053,3776524
15400386,9730323
9773319,12188303
11989673,11728717
4752379,3788124
5399577,1732692
11089373,9010548
16697131,10700122
4873005,15499042
3766461,7209464
8629031,7202251
1863371,9024788
108152,11058234
4356037,11030350
14561950,11847744
10830836,23425
13350147,4376293
15604500,7424316
16746147,14048280
1075622,2169131
8910765,9131701
6241231,13556576
9926094,10773171
6421419,3478254
13512876,9838184
3823761,2956067
15311976,6124057
14364422,2226914
13955994,1891456
6655242,9638431
561291,4363077
2530565,12055687
15364176,9668155
14767013,14468214
4881719,603156
5981365,3013601
1620577,9821403
11616339,4437587
1964398,5580165
13174122,14144823
4630718,9884930
15642279,5792750
8800410,12684783
7918705,14701006
1314920,5707491
7807124,13732217
1697180,13958494
2324319,7239764
5114731,5257829
8407573,9508384
11712418,12220990
4111325,5038408
7948315,6980647
14769212,8308824
2192851,2839419
13953484,8774119
6139806,9565928
4142703,7214083
13805963,11020386
14166616,11682064
3193998,9029500
4484314,15983656
5610734,2063210
7666165,14359887
8726130,15272503
15023203,8186330
4081718,626618
8777090,939385
9202034,6115632
14890122,854341
5778981,16431601
11847024,10825339
10325738,7440396
14203611,3565204
10084063,14927909
14842734,3286465
14128204,3250908
3225013,15983256
2544740,9200952
15686707,6163913
10854355,7438465
13433536,5495571
151099,1395487
5788469,8169461
11879311,13923638
16129648,12371256
7323193,11037148
13350385,13993905
8898543,12773057
2459962,8971017
8883,5450552
459846,9497412
1837780,14528989
3526991,13602558
7990919,2270793
12546712,14112037
837792,6430408
2298193,1544109
10035360,14126520
8964024,10402707
10087353,10045279
6028794,15680762
6748604,14547047
6066206,1109465
14832122,48298
6599494,12260444
226772,5799443
6971503,16756597
12217844,9347772
8898112,4087419
8568737,5887168
16477940,7914399
11552315,12121998
15814717,1870562
12991908,14125228
4004134,3814650
5159382,12532194
4717672,12190630
6677484,6292461
2464847,7416752
11637262,7276072
15290702,8983525
1572555,7298623
8349853,9744376
10705686,16620749
6141291,16344068
9380498,4130612
11245974,5352628
4475071,2369851
9380533,7764379
8866388,13150147
6981459,16215628
1702194,7484192
8086740,1820876
353322,4865514
8010160,11509449
16409658,7730907
9077309,11874093
15861139,16274144
15022289,5616753
3290952,8472343
16516801,1896072
6307664,2081820
2857456,12989870
9611936,9931042
10221235,13944968
2376645,2889430
206139,12748237
7609081,244994
9411510,4066242
1947873,4770281
1806307,12812511
8399270,7020228
9678212,11822771
8347921,7158145
3121483,6178122
45746,15129675
9690251,3111674
10693560,15117741
2513792,10298499
9317677,7429407
16382546,2715658
5031789,5187452
12146851,800742
14972828,14232061
3767724,15185821
15300919,8635066
16641693,931506
11662713,12780109
6734702,3992102
15773358,4349090
11572141,5098299
13721745,1253502
518074,7471471
8978919,447270
12147064,3376799
8226918,10612978
4028172,9943697
6160736,12439316
13953170,2027861
3483816,9910714
11249203,6955612
16292289,10676708
2380689,7615483
9953517,2199088
3778924,9039908
3939360,11177851
1300157,9683935
3564103,7748515
16649108,63740
11929230,14864794
4062508,15081702
4042897,11980682
9678808,737176
847001,3033281
6742073,1535955
10255089,9044324
650508,7587662
1950933,14354810
4072289,2208726
14109504,16306767
9083459,2185254
3357013,4582144
12747474,12200695
959713,1378253
9782353,6322882
6339322,14278068
4165973,2364079
15268515,5530148
14719990,4760732
3619652,383949
11247719,1338227
15170636,698037
4771587,755073
9516170,11963807
6685726,16609137
5703706,11017401
9521789,1979694
10104421,3416292
7733283,11233210
2659695,14390421
15444320,16126766
11579990,7541935
11762916,4651354
5480973,940449
437576,7289872
14305006,2197051
2807376,14656312
5351162,5482048
11834760,15258106
183166,5534754
3291263,10933415
13643487,13712722
10085075,5482055
874520,3149856
12013673,789787
8025361,3048976
2106274,14431348
2880303,4832174
3112980,5616323
3052775,4201373
4077939,10901858
10340014,8393481
14689132,11182953
4694819,10098186
1108006,633307
14521092,11224103
7015471,6171904
2188366,11547875
8223058,12503465
8076563,5137794
8660300,3328176
2290439,15721057
3620807,3319541
3930661,5058784
11453563,6002686
392059,7027330
10294703,1918266
7039532,8073593
1386353,16234281
2020563,12464286
11987033,258398
6076820,9233826
10321932,3002099
216022,10738916
7060036,9396184
7936010,8535421
7715627,9923900
13090189,14217445
9989584,10478214
3628770,14017795
512949,4047556
10333688,13252557
11967671,3249677
16304058,348424
1139508,14374774
14254685,5426381
11216601,2959722
16509978,15771978
2580427,9273562
15880967,14487143
13932199,3782909
5927532,3185095
15743711,9928286
2184321,4381656
13013860,9274269
2914580,11807269
5590778,5443606
8356482,6964796
15612529,9361272
1672419,6685501
2628223,14341256
13891468,401821
6429412,10919541
10368165,8168923
10801353,16750745
3434609,13692092
4280681,7308418
678579,7331899
9382875,11322749
6504265,11079923
1606,3792867
16451097,3625465
15855464,14899920
1208716,1537580
11661066,4426502
4034077,763917
14308149,5444563
13820578,9042916
11574463,5069226
14042510,5857306
1111181,1238705
13885616,5967305
11958475,4590257
5944836,6231856
8853959,16466742
845893,3864790
11233031,1769037
7136194,1010764
10459475,4455724
3529239,15183644
10870361,702813
16012055,13309828
11784994,4715718
1388490,10409152
2137697,3164631
3975300,7579242
192829,10650420
8519725,5547662
12144234,6127437
695728,1529925
13833102,13240231
9220315,14154912
12132030,6262145
7448289,14322391
14096521,4086777
6079033,6943410
14888544,9514079
14039289,9042095
11783779,12743345
9164261,6541422
8934090,15368947
5469923,6206
10459225,14710985
6034824,3182114
14920035,3207278
3578167,7197878
11028203,5428537
8823175,13536100
11191476,2808234
15576294,9562547
3209313,11589384
9429567,13547109
4773883,1705876
12447430,10210606
12772632,13329152
502733,3670273
16591398,8826981
16399998,16575281
8369611,2440192
7835431,1411427
6524292,8082371
1430329,2208705
9203553,1473489
2194578,8310386
6760676,4101902
14341764,9875944
12947530,6077674
11050442,9084242
12357032,16503865
9193214,15215502
15082494,4779440
6118829,12028233
1040753,12642746
9242633,5720231
3135691,289507
228598,10083679
10555864,16272116
9306151,2445396
14869092,2935580
11008050,6421211
484019,1853974
5598892,14492882
6607315,5455469
5312717,7757813
3794178,14254937
644179,5618923
13012174,122566
12756340,3756347
199578,11512264
13629391,9900614
171186,10255993
6338273,5991541
10679140,8881061
13637262,9737055
15451101,8483901
1914212,9608756
12717705,6800111
9387712,15657596
13093094,4149428
184804,13374083
4544512,7436903
4423406,219932
8411258,13036555
16531694,5264602
97097,12895302
14755927,3785761
5294853,9318436
7382175,1895736
14797788,5831434
16506068,8363002
7045361,9781820
4475316,4025757
15660468,4787235
7419973,5650297
10536118,10377059
10440141,7868875
5727484,4249800
7261736,6539312
2143696,13688924
15301990,7352135
2823260,1813233
4421637,210258
478194,7821419
2438812,13920982
8566009,15258677
8103634,11504574
521574,2516909
13493548,8915509
10324342,8943332
1378178,16727177
14571663,12274536
15335623,15003548
10767769,2339382
6176748,16381852
11552888,10772326
1481501,11102902
10274952,12980861
16380841,15508844
16745160,7173306
12242912,12193478
7071864,15644664
16693557,15075485
2275309,14554821
11850450,13848520
9746048,2091425
16126732,5566706
1322205,401111
609056,4405162
1753621,12064521
6842796,16466148
3142968,11859904
10269350,13686255
9646403,6095612
7449962,13929381
5719909,12056327
2031920,16302564
3786336,1361524
5939960,12365024
5681881,6205115
851480,4435102
164438,9194821
6130114,6415940
11517215,429548
2162216,8550690
15683765,11016263
15381221,16177999
13890586,12983505
7051238,1738872
4226746,9645529
5627232,475035
2754478,4929174
7625837,12233359
12344290,2316847
9924736,14805409
11707505,15393229
12546337,15241896
4432223,5369646
14138179,9930549
15120764,9429632
6781866,1402046
15126864,11719630
10793217,8453131
8951828,1847380
9810768,2592003
4977161,15075772
15525230,7534283
12516723,10530341
724472,4604343
11263124,8465704
638913,8011841
4469942,10603311
1356907,8201650
14893904,1077826
2221759,14691441
4427944,6021148
6502576,7985792
15978073,11820121
16079050,1443710
7014768,8199203
6997333,7723993
6278598,13359992
5489149,15639521
163046,3134634
13111796,6110963
12228717,12955977
10765902,13067407
14722108,13886773
6517841,4119815
782748,14710314
3949677,9092736
13518396,8634062
503216,866710
12847905,5952736
10088324,4062542
5534947,4455641
15369385,15192296
8049620,9634997
626366,8534007
15300764,7274447
11102780,6169338
1893066,13347465
8620598,8759170
9613358,15024886
711766,16311276
16725782,11636693
8531711,1287777
8738742,14117309
3466082,3938989
8892176,15164316
8509152,14105323
9327557,15021350
11814816,3308539
10895920,4557110
13857981,13352715
13299945,6273399
12858255,13553047
7902225,7957504
15082611,3815581
200154,4818835
1925295,11714696
5689083,11696154
7625111,13665812
7580181,16115155
822910,135915
3408974,13524839
9275865,13784126
3611772,8581216
879285,3850846
10256626,866708
9201097,2324199
10579267,7384977
2001362,4070951
14074350,8255082
7876945,11946320
4876846,15540689
887143,5565500
14172247,8477137
6191106,10458503
824826,9290949
10785890,2032131
5340713,5190925
12314472,2576982
13072080,13129297
6916284,12104141
4167907,7124807
12954635,4481031
3505804,2048154
3049764,6014525
13168996,1473186
11747780,3702485
3032139,4114698
15785920,15441572
1224307,3508831
16737543,2621344
15821542,7902696
10892253,14642065
16672097,11113936
3823513,9477684
14259529,14426157
14907538,6594095
8468791,11253325
7905716,11317407
10321983,257218
10084917,9189326
12308048,10793538
5584221,4286880
3530834,1679952
3839080,12087817
4918527,2614570
13457661,9111420
15345988,12999929
3974114,2194590
8723989,1387488
12934334,8014123
10824621,2077000
14507472,8162530
288669,2782940
15455617,2724969
10767955,5032593
13066705,13223242
5959637,4763383
15578000,14488723
4655920,3853199
5079002,16562930
8165545,644779
7688864,8543482
14601250,11589171
8020918,2459945
9901554,8394401
7617357,16239452
5998301,11955511
8494535,5840975
12557704,4947263
9135838,9753160
10247101,4307779
4086438,13805770
7248822,11689331
14104968,4130340
11319845,13386116
3557608,11358121
10017491,8537072
13153221,12370289
13560619,3134688
14122878,16406908
3678513,403583
5339471,4023370
11801349,14723901
14085684,16571419
3048223,4081370
5371150,12026246
12697916,3543064
13957126,2530607
8109220,8689449
10710419,4376826
1189773,14288938
8690791,8893208
2196600,2466144
2332677,9115364
5858918,16774156
12562871,11528840
11423532,9522099
15145138,9880003
8154564,15281223
10417016,4039400
1648940,11673909
371728,6517885
11075080,13560013
2896602,7335228
5850778,5196507
11532719,14750567
11409116,8307349
5569814,4099006
4805510,1543395
4678806,13722927
16126506,5978837
9315365,12098312
3681149,6785915
9532236,5355493
3115932,7167752
13187438,13223848
334530,2855654
12432882,10668190
14600562,6061840
14629304,1331781
5320732,12436909
13328434,9947843
6976825,12517041
2839445,11937282
14582426,9504529
454928,9593530
902689,10998511
2048186,14923385
14493877,16478731
7492599,3431202
5015619,7461739
13787368,2083409
12172628,10462919
3968883,8864963
1046361,3010309
3730855,12393231
15934032,13207937
16661497,2850202
7014187,16747018
2439127,4692527
6247484,15992694
11253724,10472636
5357246,9622769
1360550,15957456
2161082,10271993
11128318,7072964
15120192,12695590
16265189,8055694
5410047,14052376
5760992,8426924
10608156,3022234
1935085,3104271
5051550,7967217
10810579,14708870
26970,543950
12971342,6895798
2931128,6132986
13794783,12626298
12769306,6480635
823458,11564889
2415109,11231983
10983924,12078166
6287922,12566055
13956044,5683610
7699517,6289631
4905363,3691230
16474168,6707075
16367099,7568989
6184886,11299001
520233,9500457
4013697,11838799
10274225,7395122
5454702,8354143
1745719,14563020
3804766,10309226
14350110,5986671
3708409,14212526
6540850,12863891
11127184,13767932
6378718,1863855
6972268,6282315
2773625,1273127
8840763,5301187
10667709,7432827
10026575,2336784
15589471,3422941
6379227,14348878
12401998,3553192
4306249,3477923
11632985,7443229
4823312,1659736
790313,11213763
3848468,1916533
15852263,2414000
10890596,13262432
9097737,11262426
9192381,2384052
14594209,11287793
8356612,11661436
12065912,14142160
11691650,3216271
1730436,4249230
15514785,5485496
2338082,5612906
1935594,15172985
12679514,7601849
10734432,5864325
434352,16727128
2095271,13988775
7906302,166508
13421273,5372019
5898123,12293791
3881523,9659022
16424316,4022689
77207,12030487
3407740,2656720
11107391,9316024
7948310,5278551
13443388,12757846
15884944,11395224
1543414,11639658
10534091,5661603
13654480,4917977
4704597,1103627
872532,7123664
2137571,620863
15500885,3677857
2896724,11941533
6319645,14328015
11206359,3805205
9250499,42984
468783,1429667
5379792,7859250
16175529,8235769
15951519,13265334
1369241,10907158
1747817,9662705
5577424,6251170
2228350,61729
16400176,6406437
5815910,5123551
14562723,5817376
1283403,14116467
12152575,9679380
15176873,9836396
16514751,1599926
8106787,11609496
6898875,5579396
12256263,10015411
837894,4188231
8872221,13377116
4046165,6354757
496553,7404165
2029756,7799621
5001810,4938972
1521648,4080742
10190895,4564935
16461181,12621866
15869167,3282971
8461962,3698445
10953583,10396909
5989483,4580069
16188865,5548656
14739191,10443081
5750837,7322566
10125952,15650769
1188884,16398902
8412813,5576468
12696710,2354203
9711612,8235103
1580244,4515485
12512664,13946576
12775559,11705431
9347354,3462683
6718522,11820026
8948767,4539528
10302137,11014855
16374166,13055629
7615783,11582334
1324996,11452319
10774893,728747
13120595,10494417
3695201,16449544
12778398,2180504
1990768,11086610
15161132,3519867
9550853,9984270
14366670,7031641
12514500,13349056
12245958,6517529
10689559,9190339
16793947,16328778
12565281,9570113
11833804,146242
11990831,2138191
16440934,13427290
11190478,6978897
1022251,11102812
10936927,1151591
3048491,17461
1598574,13667090
10655067,9265445
11842748,4999184
3383152,4180808
10256114,2893904
1305940,7116624
14303666,5585414
5137992,4023686
3183689,10007521
14995301,2550617
13261186,8919602
322745,666998
16493955,5248396
7360470,9189935
3625359,7253452
1392898,12213151
683271,13739235
4245330,3347861
4047414,1126865
2601586,8915507
817686,10049886
9182456,360953
12831694,11181661
7540470,5011923
2733785,8057706
6658009,10504599
2150013,552571
14480078,7045156
12175028,2954425
16532287,1510303
6776615,12899368
11196117,15405373
1824244,14139296
14361552,4977917
3424076,5993717
5158552,5742271
11126748,742881
9377505,3012464
8550910,1120218
11274150,4042591
1673645,2365810
12108742,9785932
10387980,6600045
10051330,8973044
3471770,9651385
10251446,9633645
4025634,4527625
13885880,4642834
4564706,3010093
15756967,15170089
5313802,12627988
5746187,10454668
908592,6669218
14830693,9211182
4339424,14539702
8688703,7448265
10084052,15545140
5840023,11532061
8248156,13502730
12115622,2919148
3379959,13927722
7412616,11592468
3615378,3944413
10049133,10075319
4664036,7775623
15586778,9924703
15300977,8901530
11321085,4238070
5514534,15873835
1963708,8365714
10734924,1655461
7430875,13161919
3324225,5218868
11515389,3809304
11143348,2197855
13074757,7982912
16276622,15794575
9274701,7161082
12254130,8603624
12819401,1228277
14149645,4592448
1346604,5210764
15914161,2226198
1472392,11377022
1718385,14070281
7705670,16445831
696231,14528340
842791,105276
12323150,7735290
6275590,5472214
2433330,11987296
7280942,951182
15895074,14477958
7420385,5267512
6909295,10353013
11471493,3955168
15413197,12498281
16410186,15612479
8179295,16321069
2939571,1085632
16475406,15159138
15548359,16345441
8756580,3177432
13799894,13610960
16071723,8362357
13732741,14913706
1889092,16507723
15513260,10071669
11368998,7228837
13465924,3101500
688073,15938049
2370796,5423697
16467656,14861327
8534008,9714805
9369925,15830113
11411299,3439399
9721030,3633916
145685,8453045
9724916,16408227
12438586,15549731
14120470,2687012
9885267,5552237
1050776,1363766
3720227,15463144
4517930,4577696
440049,5495550
10622639,14792519
7306851,14019452
5216969,15693582
4660084,13579710
6944635,11175
16273935,9639744
7311804,9965
15817020,6756889
9494811,10933388
9908660,10492360
13147980,11866253
15140997,2029826
15413777,880788
4782088,13811240
9104240,13913102
6180680,13587095
8839211,13223897
4010927,12970822
11409328,12355329
4790826,2938977
3400858,6549714
15017435,13573650
6306528,3838519
14227252,472884
11009585,4027803
13718775,9339741
12275856,6486968
15652748,4823552
2753919,11741366
11366526,7985345
14139908,10031102
6866731,14527771
15715714,15135477
1485452,6968844
9622112,7577084
4980543,9442818
12142236,5519682
8269719,3301998
10200580,4334695
3851912,9047901
9770754,7456049
3571260,9527014
1157244,621922
8544260,11782060
2689748,1141565
8152372,5468414
9379113,11917002
4325433,10061906
13333996,2356547
15518652,13656225
6781153,2395973
1782463,13047227
1562586,2228250
2284972,14968730
1755253,5718194
119670,9002028
15635812,6744957
13390887,9894199
7989636,9229782
11648819,460051
11443340,10763967
2670146,11055016
14233151,14466791
7922413,4908602
7271575,2710833
860529,15692547
11568914,3720515
12455047,8484204
2743560,5624419
14379677,14834078
9199537,1038065
16691392,9035251
3930363,11925657
1381075,15693327
2788440,15118315
13546576,12814110
3917152,941486
14552455,4924181
1639936,14914938
439491,6597271
5454966,804857
961518,4365231
11076472,1379111
6287806,779152
13513567,4674944
78073,16689894
11303187,13490877
9026807,5568053
9007037,11957086
6491249,11398844
10418407,10981134
4284261,576062
1536583,5205966
13325250,4247919
269937,9938336
9369931,5300573
11560296,6165566
6215595,8480772
3511558,8284166
7493385,6128063
16620170,6384923
1301897,9352406
10486175,4277319
13995002,16713877
15367895,14510723
9765907,8412873
13218850,12034686
10507380,6525410
3333963,5491850
8657269,3003962
14015906,13053613
2303669,4556775
4900176,9676348
2662605,14415233
6118772,5253927
12187305,15527829
6802462,16736076
12108526,11027587
14162272,11471464
15244252,9314984
835232,12024980
6081130,6182724
3811193,9223239
12718178,14084231
11158184,5487975
2250148,10413180
9378734,15385851
10355215,2583117
15812143,1076273
2294752,12794448
6737661,2562030
2980505,13441086
12060102,2505059
5943791,11555004
14463793,14672727
14824711,7657067
6858076,9339361
9488561,16720167
2612222,9526165
16506278,16464353
467284,11976057
10802033,11521566
2686782,2601707
384930,3977176
13223123,16293876
16605001,127912
233355,11922544
7146770,5475997
2706393,4685911
3953189,2242917
9390902,10539463
9168025,11891067
2302982,1218130
6079609,15775344
2388176,1453832
15904126,7176851
4140388,7584538
2804553,11164472
12054070,8199008
11415572,16565688
7471491,8821426
16709893,10405550
15556746,4764292
2665995,14640566
13727730,16105277
9815662,16146583
11111832,11756227
947031,11008830
2056801,2600501
13672012,6768251
9094464,15223670
16236022,1555949
4716008,15407189
9925698,10296513
15682182,5102477
1001751,1273232
725601,7159273
4448567,649023
745643,14523364
5081527,3777381
14013734,12730069
10918834,3249674
7702809,1993064
14009037,3319949
6323016,1489811
15244862,3902327
15311000,14154224
10957678,9883955
248879,12026089
10386280,16310253
11623841,5932926
5741391,2458502
6071471,8462127
6444837,12585155
10505872,2547230
10878791,10395759
15348859,10412559
5335570,16682550
7587359,7301405
11221040,11946019
10258414,11950863
4610137,10113382
1968594,4637752
3422819,16232602
1862023,8844145
15095777,9772132
8802778,15960320
5731728,10448701
14335969,1081313
3985448,9674829
5227185,3476177
2466790,1474468
10381222,4735124
13834236,16403749
4566198,1004380
6076231,10439682
10315063,15123220
2225509,8901635
1721677,10650835
11144471,14508929
2931957,1973372
11884006,4300549
8861525,11560508
4067038,12218601
16049380,1737822
9055779,760468
12648288,3276763
16607973,9505663
4041606,14339844
12838196,2785810
11252571,5966182
3451025,8163895
16728684,262342
7674807,9749829
10705492,13819073
5969127,5541822
6415728,9004814
1964911,6998929
9996077,10398881
16108368,14582854
12790008,3520389
5625154,1659345
3394718,8978107
6075062,14323856
3294199,5733146
10533462,2148472
13036888,2677372
6336177,11541614
2932532,7733287
4425994,3340858
13218942,6819838
8220069,8533994
9617434,13479720
15633319,8499822
13684074,2019062
16732931,9313260
2117916,8195145
2127658,6197949
16426604,6546113
14430276,3487401
10769903,15690953
12804400,3098292
13232989,914871
10956164,5088143
2055793,743352
1516749,1362419
661510,8807971
13842148,2353085
8633094,14689984
2141802,5179317
15721171,12966406
15364862,6569916
13820119,7272424
7270971,1207279
10512491,11905936
12841598,3658906
1216257,7930974
10711750,8969870
1341971,920936
8351023,15658525
1159586,437431
12478164,15938543
2195521,3262886
5233743,12916119
4077156,14431388
6584861,9428078
1082722,2755673
4873800,12995860
16429054,7215753
15770860,15710564
5598163,9075675
12165354,10648957
14166432,1251067
1403235,9570967
8605762,15269146
10225992,6059763
9766493,3874940
2269592,3555408
8723031,262527
4184125,3719398
9764503,12238224
524195,1616470
14402091,2025111
13544092,16376834
8771397,15970732
3306158,3626383
4941201,11073521
5083214,4114627
615049,2871154
10228222,4323280
7510453,7491618
13065345,417069
4884103,10111599
3294632,10040305
932977,9910500
8589095,1050603
14542776,11523193
15713692,9793531
1242620,3310552
10682988,5391420
6496654,13677411
12124562,152619
4389393,14667868
15900390,12863535
1874463,19251
28909,10121134
3085309,10185676
7673036,3930948
13522222,11866950
6826765,11407040
3508774,8461018
10547072,11536322
7791804,16258887
8972475,12344581
13141200,8944152
1233970,5034478
6586368,2505270
12756086,5000966
12350713,11267632
2356784,9872308
3488874,12877619
9910915,11982483
7676576,7684858
9909577,6443599
282882,14201755
1436333,7125783
14406285,9437339
10826128,6576953
8565763,6863732
11045145,11823744
11698417,8148507
13748468,14668252
9541181,1422198
1196399,9261296
13185249,7264813
12960404,3826778
8123277,14347751
12632515,6133450
16629026,11573218
11995430,10121222
13494077,16123659
15296721,11002168
16134750,6727633
5499674,4593827
14891636,16428265
6841940,13438002
9597227,2233256
16731202,4785250
14035024,15866005
3572683,9223626
15797842,2512934
2619583,14123273
8828523,10115572
7591878,12434458
4477184,4591912
6384249,10056734
16191981,15606863
12239078,15413585
11759524,11933254
14486522,13297413
14920696,2672508
12866587,1366865
15160043,13693718
16211402,2446028
14308046,9584412
8155499,12652698
11363499,9855916
7403125,10089781
10350849,12671928
16744558,3518837
15843986,16546731
11102250,11805558
6522105,11834931
12724504,291527
1880426,12583448
6836156,15215247
15307843,9684040
5478823,10784801
9263218,13658008
13898480,10702551
4880896,15323244
6608066,5637081
4501568,13121063
14078372,13350498
1058124,13190717
4376770,1083313
10779011,10838452
2125130,11025740
7743289,3703107
3053772,1208495
510790,9372304
1193849,8052150
2117809,7253815
12930040,16478540
15796519,15866306
13665995,10916041
9339080,1787691
6979581,180889
14453145,2844828
11581248,15209194
5599556,5358987
935378,6663655
2540754,14862319
12514016,14180520
8261848,11930238
5094915,595684
9222287,9351457
12565603,8731459
11452331,15848246
16516037,4666134
13838093,1446974
14647405,11129957
10275615,2940773
7161168,16030806
1973599,618023
792812,11013509
9180584,6979772
7022465,10935365
11889427,45583
9458059,9060819
13742711,989837
3122234,16342884
7152948,605236
819867,1592853
9843820,466185
8013874,1873414
1801452,11125935
9256522,6460026
16476990,12184662
193854,10206055
6981199,5912768
647465,5103694
15811877,11182605
3205603,579632
15841608,15980202
12156724,10039633
1521506,16791114
15407216,6312077
433942,8500249
13293012,1021945
12978185,2923278
6089887,15062154
839730,12064754
13818793,4905980
12219063,725549
15618187,14193949
16061292,9439379
16723784,8536066
1183772,7204120
11566768,7253744
15814877,1338026
12084669,2569600
4947548,4951208
8389450,1355184
9967273,16480975
5940793,6136279
1116589,12846854
8186550,3869317
16093340,11216483
3660135,8852162
2397827,11345475
16286591,15652295
12329899,4837263
7397346,7725175
6748883,3792039
15374122,12936350
8508927,12952458
13195438,1804154
11192641,2424181
9003807,14912655
13933654,9134197
1674482,15216149
13551252,7954494
14040230,13225039
636082,9460955
8556654,14752500
16358419,7452865
16253927,2111337
9422403,3193835
11401626,3291069
5346842,16308391
1131480,1556240
11248415,11835749
9965400,460036
12270308,9309746
13985052,11674800
4008728,9737141
4375575,2018980
8468274,8795024
14604870,6537634
8507337,8985306
12537422,1970821
7611000,16534258
9746767,9585149
5726779,10001957
5197722,1677052
1738033,2816050
7566223,5009997
13028807,6111991
220836,10382192
8398022,9692823
7034152,1542423
374503,6466433
7258178,10766594
3156293,6929595
5172552,11706975
10380113,10448717
3102433,693947
5293428,13418241
5492894,16044740
10723031,3926919
13463398,9962044
13856808,10720328
14559418,13147998
14073887,10335362
9709340,2261422
505861,315891
13249477,14145026
14152125,3718212
6943803,3304291
1864180,12556479
378817,921337
4356231,700463
11463026,14032671
13105951,7854989
11760639,8444275
7218688,12894366
1706432,4625210
762011,665407
11871621,12005004
10501475,16245838
16779908,14550139
9768458,14048689
14914274,14244011
15463547,3609751
2612357,6002617
578457,14739498
16719,6998327
9889020,7075661
3233280,517432
6802433,2485857
9593443,563503
8119734,6904795
12302077,12098123
8403345,8805661
14518495,862968
15061609,6645153
4000734,10016920
7863303,9881573
15099448,13299016
3110235,10208046
8688199,11909290
10150505,10492907
5163430,7877585
1309644,13270340
5472714,12597227
1112092,13678561
13395843,12555187
1211657,8930091
14704845,12247637
13896198,2603339
10016619,5899533
16528726,10908170
12969695,8030871
14803549,13011217
223344,7896244
9660290,16534330
14698109,772480
8926721,2337933
1363540,9506068
14942514,3508572
9472916,6152045
2258945,4098611
14545731,16039493
14103151,13482250
14696484,6423461
15610061,4522099
507956,4876751
6997328,1321129
9577437,14283693
9735305,3585379
4202116,636474
11271524,9422710
3194325,84655
7189846,944865
8469376,11648279
394756,1367250
10632552,8674071
591159,10312692
15308363,6567745
16535952,9751184
2915681,2028525
11670368,10327473
13153741,14683690
1872175,11013723
781737,3104017
462037,8033664
2190400,5694672
15474377,1661760
14967281,6021047
9996315,8584748
5323477,15507230
12106625,13825376
4555937,14449326
4354092,16741390
8011803,15370834
11807080,5269357
158321,11792110
5922176,4479767
2056726,13357201
14075001,5166113
1138092,7615300
1932084,7981471
14925141,8967676
16041318,2529954
5308479,12419732
963481,9935416
11326415,1455082
6959719,12664811
15844966,4821062
3311683,12186536
12962933,11907149
7464304,15927434
3974950,9489932
15476581,4316382
10663321,10404294
13957426,9018782
11646163,3046070
4361214,152671
10476032,16160430
1652533,14947719
5647111,7644575
14510814,11220141
16774956,8180793
9862663,9751571
2248474,4168
4744428,9614906
16191996,6711829
4500329,13080527
7225780,4542354
15336644,2328707
10698478,12402477
11161699,3743392
4265370,3633960
2274036,13965740
4279266,15457470
16206413,10593140
2723706,10593163
5171281,14797296
1818560,7401077
9153371,14443953
9496102,11254225
13863832,2311707
10733401,16780014
13885864,15007635
3373532,470729
7276893,675854
10029525,15119886
16309043,13442543
4062620,10588571
11975526,3074012
5562999,15686610
14918752,6597229
9951129,15430529
14935799,7573333
10454807,6169850
16611255,8108148
5912513,2658575
5214754,2501200
11679455,11518939
2024209,14013477
15445817,6111326
5797168,1982107
12400653,4059530
15334009,59924
12883446,7982795
288336,14814177
9863306,12263197
6458789,9079169
8351255,9882597
16607803,9095708
2089875,2727739
3104726,5018100
613004,10376919
8754839,11376723
8745926,6275169
1552441,14929086
14618949,7984186
13595417,16075952
7889499,13023327
9378720,1534455
4721622,2308488
7510077,3719503
14143265,13680370
15936919,12048312
12072776,9313234
8285644,1652684
7775615,8236902
9094702,9711310
6357309,13307754
5214355,8047262
6509774,6107200
7377316,4123821
2364422,8261908
11920152,8718020
7623257,5792832
12485350,9901960
12629904,3088334
11307620,121192
5823062,1965334
16647431,11943933
3537532,8670658
12435987,8955098
9230088,8582229
6732299,3677069
6580944,12349670
9134598,14847497
4705034,12899019
14280263,10020870
6052127,14594980
2553191,11718167
11973675,16473807
10833033,14462240
15110368,14440597
8913245,2501934
9384914,15271207
2341019,6294533
4964571,13183896
11993051,12232138
8043697,5200285
13965914,2610890
11681690,7262843
4835416,10247180
13902006,15926264
3708316,2221888
3995462,15909284
11725173,14433923
4251306,872068
13336603,1222806
3743401,1660249
12623025,2042239
12676538,12300907
14352073,4966669
9124718,14585477
11608275,7044546
1705263,13914824
7320108,671664
2721124,6075316
6810917,3732818
16476051,5521590
11536973,15279312
8784214,7773678
3697396,2750682
12091110,5567976
8633036,12711336
6800253,13948701
74045,8993021
11545771,10999232
13354170,6052405
14429345,8752618
12396396,243952
4220471,9891961
16201199,4214865
533985,13253289
8875995,4191748
1736562,15388591
614335,8331620
521565,16220588
10209472,11497418
12431597,9939937
2360791,16251428
14439770,9072750
12797764,15520207
12971089,5589933
4238151,1713359
11140806,16273482
10495745,10288876
4133138,7382901
3500763,8259540
1581347,11717233
13108029,2885063
7937568,837316
3374690,8126572
7087627,12710125
12719638,12200521
4358665,7766824
8627679,4190112
10593880,5043514
12398848,15278000
14863378,11749162
14714221,14314404
10976424,111358
14556933,13167528
11090439,9517002
688753,11300703
14041414,12212833
16623958,16378511
11075999,11138190
3823164,9068115
5418317,8088428
12002722,1344907
16078495,10340046
15673898,9767833
4695293,11509079
9597503,15079000
5980664,16696777
11876276,15257448
16259378,4085928
14166299,15620364
11792161,4815855
14626284,9999682
13323601,428836
8949015,1767738
2470045,3372422
11513960,4549941
11367597,1508764
6134808,962478
2418793,15151684
11862986,4400387
3663481,6837631
15488762,2311478
1977194,975910
13838248,3249975
10418347,573814
15155499,10675444
4790213,6111378
3669553,8680184
16789375,3832112
8485165,15000866
8344746,1978363
6079334,4469848
14015459,15476253
2798251,7614425
9055914,6199953
10640615,3394901
3276843,15781930
5369358,13343761
9644705,16565566
11296409,11262141
9050835,15008213
15532278,434018
3900877,13920092
267434,15727553
6139722,5028814
6479093,12491657
16643519,2075468
1858342,16724607
6631164,5959347
2873500,11089030
4914825,12295822
4257022,8030799
7105365,10889519
1239661,719764
15617400,303076
4266747,12306913
2550439,7225630
1114394,1774086
5804896,5063093
11052970,9187315
3407843,13864512
9314230,8111864
12815491,15566913
5606336,15490515
7139447,7131372
16119148,13168418
351613,2118838
395300,9461498
13263505,6890046
11003533,7124489
12485706,2416924
9020886,7489165
4515227,6170710
14002444,13042628
2694328,880500
15769721,3936175
928193,3892597
3608614,10081126
788108,1971696
16285692,1593183
16583558,7749601
586348,14540359
10578993,10115488
6383105,12766801
8461970,8503096
12380941,11857593
2681675,14178120
15302688,10742161
6766973,6231003
15982899,13141909
10894273,9858356
11759600,9917936
4235733,16233014
3595079,6716063
822190,37556
15814887,13642556
10526563,3042489
6290973,12287109
14125614,10567870
8380937,5064363
10092628,15592913
4334704,12354998
9440270,9479699
4987503,16647188
12972638,10440370
255345,15127286
7937302,12961919
7408879,13270337
5238995,8564239
3405239,5724585
8650328,4067665
13150235,16312783
4621385,6619768
14573203,2003569
13732059,7471802
10465374,7775503
3205322,9192111
13332700,15969468
6397095,13521795
2212694,14246882
1574611,11725094
3237485,14610958
9068048,8083883
8068877,11553586
8173596,6656763
7382334,4695170
13018088,7198706
12947994,16603805
572312,551760
5841659,9538121
4993710,402481
2397780,12815774
10025056,7449326
11734190,4724255
4584432,14561270
6974243,5522899
5492422,13505212
12841398,13298142
13180731,16717688
15453217,14990924
6815689,5108240
333673,9936709
14893959,12587869
13146514,13505097
1243659,9498893
2837193,6735223
3956539,10795478
11605759,7788571
7736672,16227181
11115607,347749
5036,14979282
574550,4658906
9222918,6207015
9459769,11991876
2603841,12010891
7840000,13294499
6440979,13820806
1494448,10660190
11168502,5288147
1607892,7232076
15684065,12752895
9637103,15897849
16300584,12423966
9828236,13675491
7754254,2688416
11493236,4046154
9747556,15161944
4942599,9201747
10243333,1895122
15738618,7014491
15601262,7274380
7530549,8077569
14146617,14315981
1555561,8515649
10242604,2737257
6470116,15102569
11667730,5168490
3749181,1833562
5788622,12950311
9648667,2123436
13301414,14348039
1689756,9945554
3295361,2049853
5721213,1798506
1776355,1837047
16084655,2473414
16518400,16123487
14656737,15484791
10369680,11859280
11033789,13026577
5228888,1642971
5986526,14843213
14494059,15155726
3711217,15201112
990156,3111264
9950141,13038755
8515188,5477791
15655421,6699058
10337743,10638297
5361158,7597399
13960550,13110606
15728640,13812657
10627657,14067296
12567888,2896136
12169343,5107628
10204179,13763237
11035426,6287704
1877790,7165183
15508828,12289475
14563324,4488807
10617387,2996574
11625633,5548280
10089443,16734626
14713218,16066963
6284089,13714911
509115,6353583
11191447,9692497
4744011,13149378
15586806,10856387
8125673,8126134
1648945,13828019
122193,2833567
738401,6374798
3231805,10557550
2442921,4610217
977938,9674498
8366155,6333261
10475958,16060815
10654588,15900291
15886897,12136445
7325942,11113944
14293653,14474424
145939,4985465
6491236,16344143
10248167,14464682
4476386,11080178
15912877,2410911
3304684,13555986
10063804,1048
12065158,6076820
9181545,4995327
4956134,14677618
11052928,3558318
5918149,13878240
13733088,7302175
11576486,5617
14354546,8220286
10142958,2435138
16732753,1770210
9989562,8938716
8660701,4675146
5605721,3277995
12218479,836600
177458,11157437
8909109,8805549
13803943,3043824
5964828,8958156
12487399,1094254
15021679,632412
1116968,15269644
12204691,3696343
14086947,10076467
10988716,13785261
5912166,14950517
98459,4958840
11301833,11960514
6818332,13195737
11154513,5875737
9589944,10108319
7150180,928426
12698858,6832074
15977687,5708448
15999665,7016622
16748565,12427646
5049573,8048964
7699663,2252062
9067385,15794665
5605044,1754185
14934236,1905737
14829109,4258104
4987913,8905444
5665932,6760221
4325970,12254058
7255875,8048331
12415523,14856780
1974616,5046832
14595593,16074050
7931400,11782151
10464947,14084227
15463810,5386912
8261389,1306675
5418062,2119968
2496140,4604061
13678771,5545832
5747414,9929926
16133242,2274458
10378584,8279690
16666430,15055363
4507593,14161612
12324976,10220666
11270826,5985343
11798918,13702908
15661394,11723148
14187250,12780594
9673587,4615220
3280757,937077
3207630,2442326
13585419,14283461
14247702,16050233
8828487,9908691
4565034,12941535
2434027,10162721
10141458,821211
3609772,3469092
1305706,4039922
9415323,5968376
6294337,3585044
6068349,4550865
4876568,13709077
6015246,6332261
3377535,6426523
10456691,11959557
3766179,5583695
1727795,6911311
11897240,3683660
11485814,12352151
2553354,1523782
487504,10148596
13217554,15400842
12898110,2379071
8758965,12646952
7256057,683681
16279501,319446
12157890,1939878
6345848,6246386
6092026,16048987
11526086,2300100
7808692,9122217
7533481,4234709
7445972,13654202
9165400,11058840
4362397,16244421
9957207,3063188
8805822,3084294
15994467,9121994
5745233,13565060
7777676,10120479
14324491,4223304
7364002,12216871
13752584,1611026
384367,9064596
4715603,9236763
3172557,8043852
8806338,6670485
970792,9702025
12328699,3616934
16658494,15607882
10516865,12543282
2292663,1698832
15031117,13924829
3915076,5671386
12954189,5590137
9889926,6741523
10437626,1744807
14972045,14479039
3001284,15847252
6259238,13078858
14033637,1305327
11410717,9398533
7314354,14410846
14748979,8116454
12377604,16226597
15647367,15126192
13933880,6122453
6246794,2987289
3251594,10214874
5507614,6506272
9816902,4333550
11192348,6316443
11879618,9079416
10519452,10683655
16387421,3473428
15573324,908890
874472,16204413
4836122,2509745
4286450,9118325
16660102,7814422
13002369,1728899
15863009,12631889
15727377,13918730
10167868,13210832
12829954,9576900
1020413,11009687
15494416,5541456
3029026,12261819
7931616,3943678
1467987,4471682
7104182,16233354
1538513,14677201
5619976,4282835
1245178,5747603
161552,9074325
9765445,11103647
550979,7974342
13269414,8690856
6247482,13161998
14092865,14695170
1206093,16750414
6332254,8308036
4650511,13391559
10452915,4640469
15255558,1314438
2516448,15993415
3615324,7148288
3988749,8274234
1961232,7640156
15675735,16198767
15359378,12329926
4309919,6651293
5332168,15320392
12411522,10242203
10249654,8744124
12957606,11640294
8419648,4733608
4177587,9915816
8653636,201351
2309046,4096582
6565990,7412190
12398061,8614381
8742104,4374837
10422065,9827282
11727722,6562731
16431053,1769329
4910136,10782153
2003246,11144845
7136689,12217004
10713744,2055906
11373574,5948398
9519274,928251
8477526,2733365
7965827,13622709
7779895,1809806
739349,13229215
7161690,1147764
1527924,7405343
12509854,2997013
837446,10546571
12218409,16618109
10647125,12277063
8297816,1718946
16654281,4054504
6400397,10401918
4374120,5084538
4297077,10560083
589713,4138057
7453033,7622789
12617757,12879939
3705371,13478176
6793380,8522560
9429356,300029
12742258,12269743
2601057,4991225
11479753,14757294
444770,8005212
5861867,2640824
5201218,539553
7515196,13629851
9823992,1872245
1157214,10591687
9522661,6314687
16771201,7291642
1357459,13129114
6813076,10099653
8310115,8182547
16180530,14738969
121741,10426500
12097253,1449846
7132598,1008537
12743662,4847445
16119946,2880231
9267661,205243
9026029,3875284
14311621,15869979
15080125,4332328
4502820,6127003
16225457,5256270
3869500,16638988
5603844,7385738
4299463,8272685
3634534,7273571
15563456,3502643
5989392,1429629
11520561,10184808
9620728,11831497
9154165,9985500
14647311,13519535
5162020,6135530
1355073,14170498
2028805,14867209
2373407,11848212
12867651,5244775
11270151,14254638
15919744,9396754
2681613,8251213
13015199,14467416
3701439,15057654
8055674,12217612
7463874,13482582
2871684,16185786
6311556,8625255
13278857,426204
8007458,11385330
6274662,15258856
6136992,15082305
9189280,2475848
15820939,16372823
11902189,14188451
11483,16461027
4089991,1378916
7123513,6798371
14214633,9575058
9193079,11875003
12023778,1336833
9733322,15618522
10724154,12415007
7960898,13739791
7164291,9577686
13724788,14020542
16135638,11068177
8424066,6824370
5706725,12193969
10938129,12786512
15368732,10652940
9117933,10384768
9768252,2086048
14478140,1710903
3751507,9428762
11669458,15516589
6238747,2414849
5026006,2720506
52934,15396621
12279613,15760552
5668304,9882390
3111808,16098450
7644066,10136186
11584837,16037101
7751742,8009216
15100813,14327778
5352083,6510202
8756222,14333982
13555996,3673312
2873249,11282013
14546195,4474407
14002619,15717868
10691382,16222100
2363803,149541
8010127,5235212
9019294,8318353
14570219,5166672
12147972,10393839
12247885,11181375
2363034,8261053
13488770,6254125
5900074,13367098
9638838,5166303
12775267,315324
10391156,3094139
4376050,13739144
12577820,5494218
9520248,11953980
5784432,10112103
13601836,16716086
845580,11866206
8274761,13186133
13542110,4156300
5291519,12868018
14279700,16447338
7870337,7641826
9792599,6364289
9095390,12841601
10981183,14970924
1501422,9790076
2483755,9863064
14687528,11546685
1310884,4960235
4402133,12195709
16051632,15122012
1155096,14422371
12414879,15785007
16065532,754135
9915719,4891714
16459318,11801279
14206539,11665165
9261002,4434212
8332383,1412959
4750455,10942347
10719703,10812212
10754874,10959470
8710247,16436436
13451588,1986437
3718640,10183266
12159247,6967326
9526789,7343747
11089651,6796916
3512538,14287723
11891767,5487729
9169448,10740712
2607258,4284772
16757423,4288555
12136380,13401492
14384271,9556691
733570,6256810
3690708,6714535
9963125,9421266
25915,10656971
186436,4799269
4737430,10197061
14138076,9160197
11747959,16067283
10225706,975140
7245292,6214612
11121820,13735994
865713,3576580
16037119,2041339
16152632,7003865
10944692,6928128
10555240,3998925
16596580,6518443
2587611,5754437
6683424,4974887
8016474,9478833
171679,15143759
7346137,6267154
15101809,5502233
2640434,7706448
12073074,2399356
16310960,12166628
13411470,16575109
5279407,15764469
14213311,388021
9829891,6540608
5270795,16372910
6887449,8844267
13884210,11977116
16097869,14449706
12628567,10004805
16733137,1881426
13346662,11835790
10812510,8458332
14697476,8836073
1390092,15977643
12840359,746875
12665345,15091922
15334421,13079389
16472678,2489652
315325,15739651
1877739,8118136
22380,2306930
3986445,5022892
9882315,9250307
204967,11096916
2585258,14908029
14644880,7385765
13654233,14257009
16009123,10274332
6951381,16297915
16565790,1518719
16448589,8236681
6774912,1220067
13398956,11048637
14620456,10126609
9525067,220690
12944757,1537386
14628417,927205
5363672,13820472
655372,12869796
9995077,6025394
11909580,3171076
4513173,1385437
1723897,4411354
8625450,7048937
11197336,12875002
8253351,5381254
774512,12024098
12210919,5454384
2887544,4018206
3429754,15836498
5432364,3469774
3139336,8848828
11277964,5459032
2541888,2746163
10580078,10891556
1736295,11107651
6965265,7392922
3947301,4717447
1932409,6342157
581720,685924
2604424,2485107
14674961,5918654
8069208,8307778
11635760,6411387
3417423,192286
10708407,2255719
10920481,15545922
13594172,9402498
10647884,6620914
8337398,7388003
11248982,9147867
15153185,2650827
2462326,14954208
9357859,12162661
7066081,12162788
12959866,10725342
11161440,14362372
9105871,7127566
8479238,2130253
3766114,1490284
1241642,6493314
12247763,12274182
6123749,7828225
3723503,2420593
2005530,2802170
12578323,9333373
3906690,10586200
13106508,9414437
12346783,16465399
8858801,9043472
14521320,2773441
15974256,2657498
15673107,13490577
4502109,2751818
14977873,6880918
2267758,15027034
9501715,14892442
14428663,264466
10663243,16595370
7175576,380145
9893279,15870714
3197858,5099212
15850520,14400648
12776313,1809021
9109924,14297511
13323515,8475446
3654821,10432019
6463332,9383631
4258577,13207018
11218950,14920474
7351716,2790104
13763956,5547063
3940723,11554071
10967236,4290112
11368182,15384352
6828847,10729261
9190225,10135614
10483746,2261682
1685115,10444369
6317361,11993448
16047355,6016997
13605071,13002724
1321130,3148089
106729,4890416
5936169,12577354
16019928,4985950
11410245,6424055
15799155,15705813
12807174,4338741
6340527,2840276
4896342,12524246
4141246,7194194
9548275,14124842
16410692,2634326
7168723,9889271
12722708,1252535
14989599,2727107
2238687,15144401
4150897,14906007
1763562,7989966
15167340,14303248
14768751,14631111
5323727,12927740
8078688,8627160
16512579,40484
9087207,6051815
15463100,3081279
2139970,7839186
8676275,8694083
11183203,6504843
5217449,14225868
6917289,10279555
8781856,9758928
4850724,6536966
11385198,10867973
5497282,4109514
12483266,1255942
14368145,6240142
8681758,4748405
9680949,9106798
1773575,12378081
6032974,15815914
5682080,14818232
9319886,11723196
6037648,1569936
3525595,1092241
5510211,1876933
706333,6596366
2277199,1601064
4024158,13481429
8230087,14764508
7888223,6890598
12538363,16779397
7354138,9294616
343211,2287264
12052873,11429361
2762855,701953
5515408,6088581
12663765,282191
12894016,14048886
15175748,5112138
11959975,7720144
10109463,7922099
5870546,6281717
11693746,13740964
177637,7252474
9274506,3779543
2894721,3711759
4140665,4039400
16360045,14434980
14433562,955117
14012530,586521
5576414,16740563
4317372,10134082
9791930,2981987
12553855,14271263
955622,7726862
9385881,16165863
5547367,11171377
10010770,1100983
6071506,13626189
8162791,914126
16528920,1424667
7788593,2229993
5133510,13076016
10921428,13101481
7531136,10382374
122751,4741602
4618675,7797033
5602443,13715294
4864277,10213179
2095708,2312663
14089102,3724313
6436398,5803440
918630,7608181
13239200,8281619
2061561,6378176
5499251,4149328
8229985,14620353
9827563,14034076
14250134,4576162
2387943,913061
6471811,11560543
14347405,8548157
11027780,984518
3253084,818727
1219408,3219208
12614052,13144395
4090801,16101063
1270203,9542298
5960204,8228461
951137,1667077
3135447,5810478
9349574,13727862
8223412,14119401
8219204,7488075
3461701,9900585
4725788,15050999
16419936,3221243
11295516,13553828
3578408,7363694
7811093,2220801
10242137,9882712
1541892,7343392
5745829,6201319
8932697,13952708
7649963,965109
12480110,9241968
3058258,9146146
14805247,6549277
9638879,4416574
7414803,3017894
7948114,9788050
16359192,13267137
3636523,15110904
230296,363335
4549868,9300245
208196,16734016
1784242,319200
3955970,12585105
3654452,6777751
5987715,13746859
4378254,11005900
10615355,7155926
9873564,16345992
11510532,5998876
7233971,11249897
2637586,13197357
9122564,3611371
12466034,1085832
11853881,9234147
6332604,6631468
12283111,783419
14635376,7319280
13483593,4819703
18988,3782224
6741219,9931614
10236444,7436426
11758597,3475850
13581076,6666589
789998,4037051
4866423,11248613
1595589,15203916
932373,2765778
16585441,6049267
11225247,2459664
7779609,6716591
12890825,10190107
11757294,14350807
1182743,6374751
4950543,4694328
5484798,3588022
9659922,11009146
2734803,5594178
10478254,3839862
2562131,15739283
4902325,3981294
8384849,7400430
15430586,13284512
6505461,10275212
5784224,9067452
3716763,12843774
4322862,6063660
3705279,13660740
8459,10175093
431557,10313542
9395611,9335697
14867826,252055
13497725,10387831
7567654,7238996
13920425,2360029
9585066,5005339
15403536,1240348
8496307,4961336
11727718,13810039
25024,381420
11371555,4002779
4473641,2187067
678310,10505206
398659,15339568
1276489,11496371
3891612,5332209
11738768,10841768
1384699,2212352
2233080,13983039
8032512,6051209
6499751,5128111
16193240,14125649
4705865,10050787
5757479,11235985
282571,13253471
7432472,3115581
6071089,5120132
10372701,14368856
9318227,13903141
8785664,5196822
11369182,8056575
11459208,3461455
7759600,5551345
3819988,2359962
8418272,4237417
10128185,15244852
15700245,12014186
5615496,13689326
6766580,5179060
14009553,16460816
3910344,8200344
15688778,6014153
1087363,3484862
6888519,6415994
16347996,8646195
14554774,16248861
353010,7574841
2567318,16262730
6879929,16401583
12370599,9513877
15115746,3368194
5060064,15046890
14368225,7984320
127205,10073323
4808469,6109036
3606843,16305321
10634140,8361184
13779462,6075193
15465888,15700486
1122997,6341502
16509585,11173017
13711951,16273724
6158152,13947532
13948537,13874140
12548121,10508885
16713692,2843761
2398279,9249396
6606292,3995150
10102336,3735321
5481129,8749850
13039805,4054344
15714552,4917961
6516314,13526805
5932263,15664107
4787729,10064779
13920019,2107289
15403777,1013883
14342600,9926000
11994036,16518158
5963363,713353
12406579,16568817
4424602,3880777
43021,5344721
2465120,12612628
11566174,10112677
7893318,4941524
8316510,10367975
8907776,15242282
15711451,2199845
440514,5988947
65237,1543876
3632751,2984215
5145449,108649
3313303,5122658
166511,7779008
1903249,12850982
8074945,11127227
5488235,15900734
12309405,13078524
2593547,3908897
12016691,1997709
8636060,2705427
11458522,13477577
4606581,4836104
13553689,1983111
5105181,10849682
11435774,8525469
14355977,8214210
3950229,7313245
2669258,1056048
4259296,7691510
7312486,9116823
5780657,12300946
194611,4225594
10488847,3016636
14175646,13668157
3051922,6338019
879343,15846912
9950612,15543444
2103767,3355827
12213105,1790391
9313377,15424348
2642005,14052212
9727748,7639782
11497725,527149
1786415,6364002
5196383,9562665
7064189,817600
16487583,11530230
7068102,4382507
12818655,5460662
16398645,5509423
13654081,11849485
13576482,1205989
16012641,11372757
1440180,10654980
806208,5622438
959909,15491849
8707210,356820
15753370,12360346
7947032,7605865
16335642,4354422
2738891,10985506
4691863,1791967
4853859,15348246
13506197,11177445
13055321,11815496
11391583,16757600
5859635,13835225
12278855,4917523
8267718,306998
7340844,3503663
12204154,8665734
5250337,9061346
13266756,14189084
482005,3134899
6069642,3633699
5281467,14542850
14281742,1372964
645098,8014398
11490576,9853761
1489714,15506192
15433160,12513122
384659,12388525
1302576,3950658
8385362,13008923
3859616,14933046
3500691,4108920
653423,11149065
3144105,1018447
5337472,7519715
13638028,6513833
11308311,2845212
15948430,307285
16726698,4099550
10418924,12573491
4767995,1693340
8505412,11856662
16236981,3651259
15780718,7958411
13151755,12620025
10255347,14083267
15187547,9264314
1326750,6766686
16421213,15003505
4006245,6634907
3995717,1526884
5481372,11475897
2773654,6423733
130260,6771510
2337514,14915689
9823148,5355588
8192874,10456867
7045610,12338531
11369992,10125631
2815424,3700027
15123098,6785505
5904093,6700516
3662798,14161226
4667110,10886297
149332,7166932
5989523,112048
13545920,6244753
4389541,14886401
7542565,4395848
11005334,602786
8680118,5937487
1082848,7898267
6873564,6599955
1822385,2023500
1912106,8155136
1906877,1534158
4853284,5626236
16280432,4640626
5439401,13486019
4660718,14538539
5587544,16524935
4898622,15220240
15243314,7886069
12443253,5072024
11759532,1992055
9629402,11770482
8977231,500052
13091872,10034455
14758512,15967824
8041793,12750122
600085,11206668
10513377,9791958
11742883,10431100
8862666,12933579
3543233,7461432
12132214,13683446
10212953,4571533
7299710,2540073
5498180,10122589
12559562,897792
7099095,352312
9696050,12781512
3191783,477806
13068905,5874590
9775655,6956636
2332157,9752264
1414729,1380012
10056056,10288096
6504890,15666926
874206,11945512
11300123,11684957
14029079,2802214
3682625,1445350
5600802,6845935
13688248,1006086
14786723,9000398
10176679,5596322
16209517,2072623
9668512,15012161
6268633,3554613
9195412,15505663
16654326,7045200
1055602,12012804
11013435,10408456
9784323,8754009
646772,15287077
12125916,3123315
5518397,5222987
14884044,16438133
6669172,10526672
12412942,15398170
15942695,53914
8330241,8921837
6214370,2782400
10279029,14036058
12077623,4109107
13268326,3311211
12013818,2030275
266773,16690341
1037655,6324785
11956189,6152168
8015877,16122157
15885812,15178059
4216404,1850221
3658188,11237674
12708679,14873387
13150885,16922
12368206,13560445
9184789,15007611
12882898,840157
12623845,1524248
14138909,698163
5055177,10096824
15531026,13909636
12025050,547359
2034794,8977048
5411606,8283772
4475738,6678411
16424349,8332619
8895420,4284307
895623,9706627
8511924,13460414
8502929,7880115
6152489,1612160
8667342,15472766
12149817,2363363
10270613,13495916
11317888,10757634
11942313,6422650
4136072,12547159
4460585,8320902
5960085,7540010
1825996,3442336
15354415,15030172
3667146,1814006
16069837,12892647
11061772,16025923
4935717,2235422
9511380,11927888
8968252,7693754
6303151,254211
6447783,12100666
4666806,15860903
5795130,8107311
3373628,13309271
1197866,9546928
12042110,3874750
6821881,8472897
4558548,11894964
13836323,15289009
16740582,14474543
14119072,6591207
9826424,10028087
11569244,335373
8715896,11298666
13032535,15037325
9169642,5583048
12023179,6415184
1228095,4298396
10180701,15947245
2765204,1512381
13779763,11514388
2281600,1085566
875314,11770322
16444827,9865903
13499413,13893498
14407920,4558498
1301618,14865848
2152957,14171561
1955633,2614159
3033635,6291337
6561642,6636627
16592735,14314831
9036750,6099157
3737380,9514507
7451144,8528165
1892698,10215143
12054462,10008575
10377812,12021016
13576549,13094641
4337034,15074256
10597498,2000236
6491216,6892259
9698460,12544755
12686729,2981142
819832,13654227
12314797,2174266
9614861,9183229
8182990,4310287
10648671,16336770
5929662,3832518
9026748,13494039
6867050,16544715
8482460,5690676
9305962,3338894
2476826,13217299
2345884,3072435
5277080,1291876
15802183,3049447
5499792,4475072
11622466,9193981
5408581,13514792
15916942,4052671
2239958,2163018
7406215,13485965
12226990,3426821
2164188,14057903
14068793,9902099
3184884,8656002
2909789,15509763
5058199,3270195
5735390,8541187
3611131,5786079
4801989,2942656
3755932,1368352
2504839,2998325
7369348,7670461
15876116,7436925
10141289,9629000
4939957,5152554
6894354,10117844
14131294,7226097
8114415,16504289
4289407,10449365
8183097,13418830
6226737,15543344
14164923,4906677
5964457,13145151
15291181,14008617
14621240,9148448
3604747,10127315
4059482,11553951
14895816,4319431
2676358,9888800
9386289,5175218
3344963,15062374
2429110,9963892
7222229,6889270
1948937,13148381
9017991,13943430
8390727,5683210
7425027,6819522
8263682,9925309
10313906,6398828
3161486,3662201
14131705,11165626
12946893,4130473
11537614,12048898
7822676,934755
388060,5500168
9246538,2478442
8095613,4542542
3776461,4092032
3240656,1058769
1988731,12387632
12048134,14982468
15336480,6120194
12127689,11530412
7360359,410053
11629193,5437380
9267900,10255904
7926994,10688840
2814043,4918082
261713,2536266
14441558,5863466
6428864,10227777
1747356,2200941
2988811,8557730
5177824,3416419
4247100,519342
2570227,13475022
215745,10398814
9821089,15670828
12599393,10614791
7485512,1197520
977176,14481156
9940777,2719980
15511601,3417935
12983866,8895693
1463034,11200696
16088304,8230109
14700698,10321271
13931416,5206472
15254690,10870167
4674208,9110849
14900142,13580194
7339799,15749167
3101668,12313914
15220061,10379975
3648481,6206055
7691856,16420559
14222499,15775663
12397831,14867756
13366178,13277602
11556510,9709607
9923884,14341882
6453433,3896522
2481320,13662025
4994232,5725354
8884285,9450549
15498691,15524094
5214076,15733039
187820,14791520
13267582,618456
14732046,9886588
11830329,8529392
8233663,16590259
9639080,13287378
16547695,13181681
15262908,7434569
3743702,13883230
6000423,10724764
5090582,1483212
12837521,16290336
1020415,1680923
2377477,3749305
2441829,15284523
6290535,10664886
12533463,14760925
369221,6018991
12332811,2169814
15748166,7230714
1829498,11981461
15859327,14037053
10646199,3042568
8113214,11104307
7778486,13956561
1410407,429322
5308513,9902114
3847333,2391627
7742905,10441429
6582011,10438722
3407049,9163539
11154613,6864620
3254815,3265271
9083268,1953821
15551818,8364463
8098925,12529417
1698866,4211712
11405757,11147148
14570085,5027528
1823555,15598361
1095758,387905
16234901,10321544
13952919,16322912
1618753,1992056
13979365,4293973
3710207,11687544
5621678,13065104
5761661,1324948
16306326,7356896
3253492,3638659
14312532,12956542
9452669,5789402
11768143,12539551
12611952,14460059
1251214,675690
5854200,3543671
6279167,13083339
9674659,13463835
11391109,15490580
8387378,11131714
10168857,1945688
3244201,15907398
14392986,13944221
10272394,16670377
5805039,4231802
1259448,2645669
13972753,3691506
1638410,8198810
5674063,12001121
5000925,15349333
6820890,4385858
144761,10038835
14762995,16592040
14035488,916904
16406564,6536415
13197492,2898442
930895,16370776
15636373,15125844
2321060,1774868
3861311,991061
10369030,16340035
9742165,12142971
14001854,14337324
3564653,510220
10207715,16384401
5566644,12186852
10949828,1805145
1547697,14845654
8717757,11113053
11012991,6891525
11295471,15733015
16091093,1223367
4456671,4977425
6291731,10955025
6298643,15249494
11326404,7019814
6883574,16404095
2200619,2023031
11711749,11240803
8509822,640337
5705197,15886118
15950245,16723122
6643607,3488965
9474139,15631456
16506566,6117732
16694768,14221275
11561264,14826619
4335709,8911392
13342964,8863597
14587758,1823394
9235375,14967868
4637743,9484919
5563499,9121134
6247669,6944919
2010658,12979695
12280464,2380689
4264614,7378621
12080859,13698267
13158292,1860350
1175535,7495337
6509879,2202082
477208,13695043
1833985,6253369
13593978,6388977
14225499,11847351
8841111,11464163
15084674,6559205
7812162,15071538
13028986,7479620
8533343,8428504
7452662,14664412
7389761,5921380
5194043,380322
2774344,5697304
8284860,11561332
7770089,7285072
12242248,489727
1569154,10259452
1489437,15927609
1945620,3939276
6309718,2790123
9049330,10145656
14746401,3464370
12152418,10738937
12473977,4750769
1432023,15173428
13307163,13391573
2050644,121550
8704204,12602802
5208128,325763
16646052,11053832
12335591,6678628
14321410,4979248
6713924,9180337
15050469,7336495
12265929,5416179
4307740,6013014
14005066,5750920
1527775,13584195
1192923,13425380
1402214,14187778
7112255,749659
15205123,13176367
2127793,14255453
14753151,2103385
13117898,8433530
6620313,4438025
14710208,8164471
8413867,5093193
3467147,3507010
6063417,4957373
317786,15229627
15725413,9633860
10072399,13416359
8612,8570407
139073,2998943
5919151,14655477
7356585,8905559
13482772,9394328
4999418,1786045
14427062,1328289
5661647,10270133
6423601,9005411
1819503,3073741
808918,5326911
12005366,13587432
14427762,15180741
5923930,6371838
6716135,8773772
8470411,5549266
10468542,8510206
7596921,3115230
9634703,5092470
10900875,13220326
3838306,15998906
7743662,5355022
1478270,4371402
10458496,8948568
16261482,4050855
12259628,5909004
3106600,14182530
8865760,12795253
1702115,737992
4286804,12126759
11940108,15376666
2763643,15626229
16233804,7230293
892341,9475887
5223298,12320268
7427399,7494070
847786,9332054
1384027,4310734
1020190,788151
4560282,10190135
14594286,6124807
14266483,14180779
14871301,10240167
13254239,13604233
5452948,12822910
12312560,16037001
10478615,5767094
6547782,12624489
4225703,6466926
15769148,3228464
13955705,9149875
15262986,16773879
16460724,7847488
4007177,9763224
1359630,721978
11188631,6319960
7494913,7173339
13492389,5994359
4415617,6337633
14500851,5220030
12623887,2232426
13510260,3181497
15315391,12403503
15684164,16741462
5333935,1351189
8093265,14551102
12006728,10714544
13125763,5676025
4965014,6695700
8355303,2928955
13052583,11558705
718263,1731960
832553,12413590
12851711,12018583
14611645,2261440
15334889,1065740
15251034,14951009
206841,16497599
15932722,2767415
2092078,950717
12790645,2331166
13093143,3699914
9879773,11434804
4945637,16122701
8230404,1523710
10650399,13540031
10211196,3902961
14740900,12044338
1998868,7367395
8975414,16537634
9045194,11362416
14750127,3346807
7183589,4699685
11918009,9743389
15204253,11316749
2011927,8399781
1181470,11498094
208711,11226072
14690770,5143461
4062922,13994713
6945946,11385917
6703330,9637136
10869911,7518018
15487152,4456339
3461256,6084999
10608424,1215645
3279768,14467704
6706446,3688312
10747990,10571989
3641070,7805143
4419135,1895551
2916314,5043274
7955793,10971383
13262237,4763215
12127336,3742311
15212723,9465193
11376911,15628580
7215561,7783533
1013555,11587750
14690623,14447403
9373414,80817
13276590,10983682
1442743,9680214
1611336,6852433
2885011,3868941
14293504,8486532
12147339,9770797
9247463,346198
10518462,4153344
6043697,15283119
6286198,13122015
483021,8589659
2410409,12178097
5703692,8385602
12820761,4912447
142180,7381804
10669961,2875894
7507387,10592210
15514637,6785828
1805722,1138203
15970097,4180616
3524029,4291334
12038025,12395342
12944327,1664467
13727447,7152997
13347108,13564827
7775200,14384533
1319319,6918347
14384341,2632884
10391753,6316785
5621072,15509653
3261928,15049235
2786883,663021
2847976,8849329
9176849,2315510
11406617,11631267
1738651,7304507
14733060,2344447
5944546,4651767
3356540,12506675
10804295,1523729
1643708,5693129
11655080,12077017
6323566,11250212
9565931,1609125
5449363,11471924
672770,12650774
2373749,12181587
7039443,14976911
6855857,8187331
16658022,16041103
11656228,16277192
6850630,4232767
4142275,7765959
3320208,4498180
7531895,5639202
14230973,876288
8359501,7128190
366767,14961651
13105492,6187537
7768179,13788107
7059943,5226337
2505098,2257255
13419832,4720968
4438601,4025923
21965,10296767
10240939,15673859
10783972,14221667
12599999,6071129
1074496,2961959
7169845,2233786
7900593,8357602
3156227,15844108
7647389,10147113
14626281,15102586
449013,14603303
10956001,10609904
13381152,694677
8827617,7093458
14304756,7474321
10533560,2364763
14987799,15821866
763191,3377192
5765040,8666365
14256985,3007717
2373399,8984583
16160969,6301530
331935,12478711
8986996,375956
11704239,13842207
11739491,10104287
9616359,16058237
5124703,3813074
11333106,1641076
8587009,8490594
5966424,16017647
14411311,6390669
15593782,16311856
5104102,10461516
12003313,10773019
16768669,12194367
3528272,11093492
7668723,4932923
607752,15772620
14339091,7500989
4688512,2599687
15908433,16519707
5735002,9798967
12185598,37066
5404590,3745437
11757632,9455654
1858485,6368688
6306397,11303325
10292979,16493001
578891,4499116
11816026,12002313
10508890,9535208
4694954,5464275
10330274,14132024
7551814,6261288
5566008,7993705
5863881,1417854
4486676,11307154
2262025,14559696
8810936,3731131
6107448,2301482
5349115,12270866
12744736,5881288
6580676,4832149
10730095,3643834
8673082,9730849
2313061,6174953
2711622,1336781
2041833,12545833
140308,4632811
11541095,7677516
6041770,8362569
1323408,8073521
6139150,8503058
8796535,2996659
16698002,16137976
15951626,6938873
11652388,8945999
8098112,625300
6860304,3163460
1720975,2947051
4621161,13268015
7094190,7678331
14845943,4359228
1552553,5822757
3945340,3045742
3752930,10659410
14325066,7364061
8259612,15361490
1584644,5240922
15842172,5168680
2459032,13262263
7522635,7583956
3685407,3251645
1014483,275714
10446697,11842367
1115203,16408567
14999458,439538
8855301,9623536
9267369,6933540
11539781,16553005
9507740,14299496
8566511,2747430
8379570,13206998
15320568,3473965
4168034,8957311
9432425,4908289
6514819,2532443
11224273,2153625
16110577,6677059
7354572,8082855
15549492,14002020
8108502,9311420
329200,1361480
3099298,16316145
11192412,5652361
12581956,2842628
2006420,2108377
7662184,2015539
2252584,10262427
7722726,1035056
5255157,3580476
11230575,16789567
6776458,4971676
9481050,1636127
10770940,10612013
10567510,12720910
7659427,7016982
11796573,5850120
8770405,11360458
6498637,1584080
10427186,7162611
110317,6190882
12965103,9207040
14691682,4955906
2187071,13236882
15472746,4043000
5849391,4101699
11286337,5535330
11603161,11812904
3385225,3201691
14357856,5372379
10900915,11498579
3067918,1824095
1013204,16035101
2746663,7505664
14840038,15973648
2328522,3362584
6906817,2079747
1818631,12672503
14026518,16018229
10822497,1053683
7876809,3895276
15157502,16506914
7583207,5780638
13940281,4934885
12812018,14253909
13672933,4826426
769681,331592
15832393,10916022
10970071,15601919
2354247,2968681
1947420,11183426
10995353,2248634
7754879,14672306
2012479,4498032
12566931,11566505
7189924,3770795
7732434,7079591
4921507,4240823
14840427,16362306
15162941,6189260
1441449,7169857
1205073,9550935
10620831,13775878
140767,4423117
11469426,16578442
1919093,16373428
5837990,12812725
6729614,14637499
15963635,4779225
12296311,9448873
4110686,15767093
5768843,15608393
6170072,4245367
1864279,16205587
13102881,9977734
6509701,4047895
262117,7146818
5833441,2104429
5018630,11656600
12465169,14766257
10467647,718165
16205973,2136500
7737370,16429313
8061784,15269579
12060669,3543946
847509,2163400
1887349,4349585
12445654,11284735
1135215,959088
12784803,7099315
4383885,7869808
12756039,9929158
7964632,9902780
14937363,12574097
9130745,8443698
2853552,5894511
6418901,2053586
11198945,985139
13383771,7571767
12719764,9364787
2539475,4781739
11268083,14834804
12019990,793373
9956082,4631457
13323339,2457647
8843490,351929
15908989,16759902
14334041,1736731
7856181,7171559
16182241,5203179
14584996,14020766
13355645,4887614
15969212,3625391
10653867,15959867
14968387,9971598
1084614,7097117
10972373,15595644
11831879,6673292
13989693,10686988
11515183,5588591
2174160,1043798
7895704,16453106
2105334,11591755
13515936,14016081
720689,16596004
13818948,16478975
5862981,5219543
4597862,10939235
12673671,12971555
2438367,15675430
7194770,2089780
6588150,5743919
10731040,834733
1950459,12420248
38526,1997938
11622403,11669552
10525534,7267742
2459294,10200492
6579817,16090490
10756848,5542881
15816342,3921426
9389067,5769034
10153798,13153698
13545736,13252329
13202539,14097919
1987981,1834997
3832575,11383972
4824624,16175019
10163489,16421022
16121538,6550898
9722782,13883543
11328759,2789375
11865265,1984325
5467275,9827103
11250614,5844068
15460625,15045539
11944380,393949
12191735,7158453
8684720,12702708
15540217,2244858
6202357,677007
11430060,16559817
13511785,15904764
4776810,4264671
13570689,4331707
15951929,13020708
2437951,4506531
1829345,11089243
7542713,9362937
10025431,16440015
7181729,7009480
12701166,1867961
10783097,1560250
8999512,1447555
6514997,14434231
15022562,14134647
15299733,5594724
15177883,12907801
11307709,5663981
7721328,1589736
10094124,5702008
2322378,6755777
6867470,6864139
5580912,14432703
1129596,2579299
8440813,6805685
2432395,5732874
10626669,15481775
2429082,1489678
9318411,10998172
3343063,841905
12870737,16270172
7424062,15725418
6896818,1497634
14698787,14858075
2915338,6071588
1458427,3508511
8793927,754938
929599,10369678
218631,13796922
12369185,2758492
4749709,735128
15122947,4689269
15401496,5291009
15315864,5133242
11420360,6806517
6656187,9563653
16004590,13743857
15826864,9971859
9804578,7142349
13472661,14134991
10666883,904020
4127429,7718976
4865932,9875230
12187715,331814
7435638,10452346
3004839,7581499
16355950,588454
12234915,11134925
10412981,3323123
10548252,4811721
16360444,10384758
7191825,711476
16334413,12326504
14602058,13835410
12260476,14337129
3957722,8788135
6850780,3416826
6921192,12509012
194026,13837459
8562312,6451718
10202042,16115715
16085227,187470
1749814,10417557
1614371,13701652
11720476,7244494
2003500,11465648
7110598,3092108
16430809,1910023
13058489,10969379
16380740,13584885
9925553,2897147
15863894,408521
7897214,11641713
13430954,6881258
11561503,4270057
15462704,5084924
722359,8426249
15122535,7476921
936677,13072631
8178744,9308000
14223899,3178770
12257088,8150214
8793976,15921524
6623384,13574566
8293088,13420290
16688292,6073093
4837551,16482389
16261406,717949
2068422,13792187
1728979,11006424
13146393,9171175
16435488,793068
10841071,13746053
16013417,4708125
13965890,749737
14923662,2089355
12111371,162237
2806697,3802248
12441154,15945374
443050,644539
5711246,5180090
5474700,9574974
7428402,3213762
16377293,1314481
1993032,7903046
1933494,8003966
1169155,1283591
8548695,11830717
3164108,1377146
6235126,15704608
11909077,9602424
3880179,6879464
12832812,5170674
11113296,9172899
5187695,7307841
11430756,7093049
13093152,10274983
10004004,14396221
9580766,8614003
7552965,5741970
15097539,11013306
11296669,14458428
7336031,8740470
2870354,3987939
1892378,3605152
4486262,4077903
11818420,10136387
11323632,1915349
3549790,7780851
12110291,13895219
6633255,10065906
6708404,4490785
293999,14564410
8704671,11374500
16253583,6081900
3423741,5421009
1644160,12325961
11657975,4262229
14417914,14421689
6298591,2052783
4639095,6609666
1702901,5751753
2204438,7685077
13881539,5355796
9825547,16570380
4088750,10235541
5585563,14964890
7863486,13245384
9055067,1921571
16532660,2154760
1267749,599321
10746886,9432035
3956937,4374048
7339268,11577394
1916428,5412189
16285726,16292998
12166709,1524987
13234384,3695545
10583840,15930490
14157978,3024574
7865636,6826489
4134078,14223438
16029065,571552
13252884,9088052
13705706,124333
8703247,12312688
453825,8221854
7592634,14763655
8793884,15596889
15319465,1621974
5426111,16595280
6690935,2589150
12135304,1513502
12051672,8023495
10167776,1986141
12363458,2498689
16104270,655848
1641721,7122385
1968215,9143464
989345,9222912
12172998,10348948
1779270,6712212
12637753,7186282
12889477,13294137
4705739,7027742
11637199,7742499
5172782,642629
13474665,2709500
15750942,1321538
16662577,13622173
139946,3423434
11583950,6333834
15785836,13227561
8555910,12751477
15519252,14610841
6042007,4519522
9367785,1775222
10697237,5074437
16744559,3914570
584034,3230616
15882584,9305675
10011918,7902681
15300018,6271082
10119117,12396840
675431,5804443
13468379,12782358
2406539,14531147
3771689,11340147
15072078,8694476
13625560,10573455
11637078,1090306
4691450,3206266
13234033,7433228
15795905,4909573
1729865,5119839
14714462,12697373
6282155,10582823
14719971,4565033
7332619,11335776
2270201,11736814
7612824,11885163
1248470,14894579
6955210,1852561
15836684,9832014
9223919,4917421
1146294,10447226
1609267,13002948
2050677,6754488
16095180,574064
2493639,1954845
3059663,6071318
6681981,3127978
3952387,11765474
4047961,5595173
10653597,15146411
3380897,5412758
13062950,8415603
3528554,1774782
12315205,2303691
16358105,10073478
14453041,2084622
3664525,12456500
12120833,12841099
1138277,14709952
4478565,3403503
6600763,7110428
6339970,6676258
7610520,3527101
2141561,9892170
12018231,3499546
5457817,1618895
9287542,14398711
8674407,13023384
15378865,16086213
9980379,15760212
3505706,10566239
7031813,7098222
10088591,13645880
2686563,15682716
77241,138422
7815198,11818604
7078728,9573209
254982,15008116
12607958,8889778
4020231,9483023
5656313,11735430
10722623,12982007
6086375,6965806
8648709,15990563
8616985,11554761
4442706,9983958
9525742,14520865
6585054,10216896
10328081,2265767
11846402,2669938
3523496,672649
9583460,7296203
7554464,384052
5167853,11942147
13180782,3909888
1134693,11505452
5184807,698928
14837396,7740168
9934132,316645
13157808,3931443
10208307,12449570
15207406,12117726
1424119,1805251
9558444,9518362
13840567,5220796
3272011,92582
8298001,5395216
724519,7773632
9249686,7868844
15896123,9906014
13372115,9879885
359311,8991066
1464029,15996465
1449239,8055504
8925330,7394467
8780734,4063757
14513640,7336208
13803448,82768
12306246,3009411
1589635,14911059
2648593,5705694
3588844,1562354
7636365,12788913
1105870,15488964
12323555,14918249
10520254,13231977
8912471,12514138
9649208,13007211
9982898,7289189
11529597,16221856
16217697,13686214
15595574,6109930
72518,4640245
14209268,16459428
16296257,9974149
13687575,9402664
11665412,2716122
16203782,6125053
10384812,2774415
15492617,11931334
4189216,11002956
12585055,4349306
14267831,16538216
12869025,10727456
769467,7929559
5096734,1820414
15624575,2308962
59299,9496587
2215099,15953583
7495755,14025647
6540598,548865
231603,2659297
8425842,11201571
15975732,8534015
9325712,6381109
371372,5159296
10047093,3255683
15729471,4621113
4167345,1006961
15454863,556954
1046589,15544150
2236391,12433630
16746769,14334591
6901277,539523
9468675,7718797
10359604,4133350
994908,11378305
1163415,13588101
6535008,6110951
7564704,5484498
3416170,10545939
14675536,607915
6674679,498806
10968639,10555979
5732903,664742
613294,628841
14192090,7745979
9700253,918477
1250393,6136664
10364168,15841109
7190342,14349809
11499631,5956809
1705021,3442173
2554926,6576067
16408729,142143
5012018,5499529
4791567,9985069
15758179,8338044
10973638,4466198
7527595,6269157
5920826,11107652
6347258,8969508
16446565,10963552
2655541,5338966
772885,10174872
15075589,11035110
8431898,15982537
5732123,9462186
13356585,1669055
13510687,985598
15224825,10308359
14681130,9904115
11732266,8372809
6113975,8906371
11169617,8291948
16155685,11801453
736433,11091530
11271384,9359505
5561701,8924070
5492906,13466115
3474707,7589339
398607,6445980
4874696,842322
12206653,2368616
1611378,13276247
4454242,315119
4510396,6672721
13333945,8234811
4477484,11928786
4551750,11096064
4208085,3496416
9233485,3995139
1830595,10863353
13371587,9774612
15390615,3531226
14220043,7751165
3399477,11505063
10111215,856135
2942350,4188126
14116875,15519247
16374400,14525198
11810210,9321795
14526677,15673334
2144590,15526839
10192435,14371426
9001683,14090774
15744843,8110962
7501594,3511680
6225908,10901958
3708680,4187446
13189663,9645471
9869457,15151405
14864551,14133964
15321035,3656444
3155513,4727797
2111018,6148616
8544087,15205944
2907781,10416959
13113410,11112246
4755184,15937940
206295,3070640
10519718,5036694
2145481,2634861
9013722,11386475
2692962,10064001
6000895,5116604
16046414,15272361
5276977,8397948
7236601,7261015
9080675,6187682
3542643,9454178
4531436,16768949
8847229,15134044
517010,10068664
4002425,13475853
1058215,6745442
13832072,8080797
4212613,2778813
13514388,10666547
6521044,4983279
11661426,10961871
10914871,5381286
9755190,4468612
7258794,14229297
9245322,7640862
2073304,15325153
13015377,14561019
15157696,5540405
2912839,11937774
2202208,1796422
8291221,7596710
3303516,7129289
5238349,10604783
5982352,4254276
11181841,5644271
7877617,9646056
11214704,10382097
16588644,11276254
7520643,11716516
13354392,9830033
2038047,12706989
6040320,1131716
3883337,865604
11469596,4245497
2591220,9459229
3485808,10515125
4727967,3054431
7509616,7264587
12575834,11257684
362355,15996036
11448738,10680116
9544224,15320186
5318161,3337157
13473980,3176220
16553796,744523
198567,15864093
6618212,9239293
11787072,9734125
6252045,11502627
14382358,15563048
13961628,13968759
10724186,1852983
12674892,16482536
3708709,6372546
646544,839670
7117893,7579351
13765240,1737584
16140971,7786969
14663003,18976
190788,14935977
10057151,903770
11603341,10619249
14607057,12266395
456007,14554644
14057192,1847790
4596348,13430731
11128239,6593806
15064352,7325655
12994038,12205049
4374168,10555500
360505,14160870
15233083,1218961
3710692,9001318
13254264,7698357
6026346,15605046
16463776,3139245
11514580,7976476
10781179,14404994
5835313,8601275
12210559,3689186
5763155,11500792
5122532,8359677
3497509,3652167
4336868,14898746
12165949,9008321
2854953,4176239
6211305,5161416
13837120,13515726
12516644,244148
12567979,9246708
16733154,8052468
10104855,5423507
8003477,3582141
8323401,9514835
10473122,12367182
3778349,12481014
1461502,13615120
2022896,8111543
861365,10368029
12750527,14222674
332387,10439406
2518699,12266998
15469976,6745514
1970348,7897588
15708110,710641
8870788,12372094
8312836,404335
3591644,14704944
11957234,13470439
10696720,11150793
11693581,4783413
15791021,12890410
12941200,994010
13740076,6139248
9542427,5244251
2966935,9323801
954787,612493
2292533,9163510
732612,4063899
6614167,9294291
13839577,8229901
1238258,16307477
2033564,808323
8053023,12025758
4033511,11051336
15403074,3571118
11881197,14286388
2664147,6843052
1426581,12358273
13415649,14198695
14079671,12527756
3158249,7372806
623845,5933018
2590936,7884334
2976662,9483593
7510114,4802992
1441627,13613256
6185020,13926672
13656072,13873085
8000727,10248528
7610201,9446873
9322058,27658
2998674,16401384
6296262,9629033
15754549,9577669
8889512,7666052
14284021,15276466
9776500,11716349
7125070,10194169
4471094,13709631
16321348,14314107
6827207,11171674
15129544,3176779
14392722,3260405
817108,8071627
217661,8144217
12307347,7657585
9124783,9246291
3169821,4547961
10645023,16341144
15235913,14872839
12091218,11487315
9681424,15039820
15678508,6984371
6354292,10477939
9690904,7948291
15163058,9841686
5116722,5803855
3843159,14822472
6454609,492466
9026860,12898298
6641351,15187
13847463,15360151
12364319,3046442
4309409,9437644
15787015,2261328
15424999,11606952
3050209,10665895
3340684,3286793
14340241,9318578
8449726,841312
7968526,13588061
13120627,15554622
1334507,3720188
16765203,57533
6157118,13975251
14387953,16238149
8566019,8114280
10651724,15180121
11557477,13925914
10111811,1824690
13126014,14290470
197381,2976363
14129564,8879203
908058,3580430
13705628,16316201
13872911,4611488
239124,715668
10732833,10622410
15406508,421985
7610846,4617849
11056371,9068642
5459555,5633749
7766535,16110994
2880866,16514807
7785820,3796741
2744337,4676163
11359824,11032296
9193523,3659234
12578650,12050730
6369967,6526683
328986,3480990
14630514,2826218
1157574,70136
1365202,3234786
7379920,16122131
314112,424510
2310034,16682314
3792910,431850
2953833,5617082
355916,11165606
12747452,4754129
13208332,2912725
13411301,12991311
8285081,3785467
16119581,8047127
5115075,7898573
7016881,3074712
5204219,14765081
1776728,14238040
12956334,11715353
3043589,13226816
8727449,5546641
13269621,2007483
12583168,2704238
751890,7934046
16435719,6524921
12419686,8048042
10797784,7575748
7508318,12166984
13128481,11474091
1222309,8270328
15499723,14373069
13882705,3774796
2708247,6671175
9910102,16202791
5020768,7137809
14852229,12999780
15712514,2817458
9854771,15039973
11885480,14345244
10481114,5655025
2233892,2936351
2388553,8946546
12417371,130552
13828890,3144479
13259618,9835249
1686432,9364336
10827123,6872859
8505797,14650978
15635318,3103227
11238742,12342897
3925351,5241021
976428,416454
13843841,4283473
16733165,1883546
5282002,4895665
13609009,13428383
1820110,1198589
14877715,6702544
9426306,10132156
761793,13596176
13424037,7458054
8423671,3481228
136169,1478303
12496576,2919810
15761750,4894769
13919921,4759862
7699923,14235854
13881625,4925033
4604442,12155290
3320533,2032958
840219,3118907
1538415,14965497
15827373,12592875
11053955,14903734
5139542,2093755
5031064,11753852
9548027,1629064
3867008,1178088
14062353,8204169
16115994,5482048
8835795,8099598
2977738,11034723
11836555,5855956
7516941,12495595
10761059,5993573
3943931,4022970
3617286,6764459
15740752,4164898
14437127,15360613
16056352,10432033
11525091,10809751
187242,14547472
1138810,1794206
15889582,14770309
624741,1988967
9658642,9399579
8169571,11007759
14598914,5545807
12663273,12588807
4656609,3169069
16447194,10088285
2956052,13990427
15445815,12640105
3657967,9025811
2311928,16040452
6282285,1958118
12156424,2433227
13367116,5716397
11967039,7001722
6316496,15804223
13931582,12811770
14727237,7539365
9393450,14134301
2893722,3591146
11254956,118718
8646681,10663436
8632419,7980669
985870,14728177
7536675,13063876
4903589,10438649
12007620,11794868
11355325,8507198
3853075,14663614
6553231,9716770
122615,12174642
267083,14279152
14776566,11219425
8540011,6036736
15065614,8767833
14679736,5098323
3326412,8925924
4722277,9089135
16509768,8510621
7528882,6202941
15342444,14896377
11407249,3785606
7211887,2705027
16101911,4274266
6792275,10932229
11292958,14677046
4652393,9553644
11868871,9280074
7392540,4644153
11263493,8769737
16373711,3878013
13665715,2033661
10070699,4478368
8583126,15282837
3722590,12248649
10059341,4834836
10150069,14322867
16754168,3851002
9401067,2487153
1490410,10505697
15199040,229842
1164393,7975343
6254613,7902824
7725641,2389730
1388724,1431641
2318760,465812
6804999,12122381
16165612,4926773
12956225,14173678
14868490,3304940
12894141,11334707
3463057,6118424
6690621,7276249
6547752,934232
15981038,7158254
7678207,14703047
5081172,7940417
8274522,9928842
12297811,9986444
11472206,8389244
2602593,16078302
2095187,1293323
161288,6922634
3158847,14389479
7378583,4516705
1965199,8017952
413760,10251351
15122245,2950719
2772505,4706328
5868898,15348011
12185661,9803270
937035,15371042
14684056,16402790
7127362,9019558
7131624,3502681
8875605,15237210
5072149,16607884
15334779,14872102
14650766,6939181
15765214,5867779
5990006,16133188
5501771,8271101
15501089,10925569
6248570,2239307
1545202,13779957
2649031,2171413
1773109,1278249
9083595,6923515
4102117,14497056
730822,9012670
7538007,5002001
7832457,4059718
7456087,2382473
7688201,9269800
9683860,9102444
9177975,8153043
4736184,8246108
12514257,411710
15835878,3796246
13136951,4073036
13561806,13894745
7107791,8556147
12257174,9005714
6363230,6265541
5276818,5028461
2808210,14138709
12747811,2827013
736429,6620041
11653798,11790112
1640195,13430423
4744537,501998
4693442,12394166
9853255,12030652
2169230,2520278
1653066,9889293
16382865,9496525
4745466,12270229
6963166,5996418
7058199,12555834
5620145,9868056
14567038,7763188
13743422,15774351
7563375,8465262
3157407,7064690
6351654,13632523
12892436,4232460
1906173,16257388
16061648,3623330
11817824,16189463
10408340,179085
551911,13678201
9587207,10229407
7767474,15066385
8370535,2032277
2370357,12031383
3087336,11180525
3502958,1848741
3346570,3892823
3623255,9413241
4589747,6328436
4128779,14394781
11231142,9478782
9779480,12019142
12140988,7085026
14547833,7004197
4917698,11509592
11114743,6677246
8396926,4458964
2659707,2677626
16715795,15218528
1444221,13203905
1886586,15046351
8304397,299206
1975334,4521174
15059739,7380349
10633916,6999798
6980430,14300514
6392609,1007694
310968,3080975
2576469,7364178
10791612,10773181
6902584,7056442
6815858,4287602
4638454,15056590
13799148,3068495
11602328,15896876
5130106,6790431
7530281,3006823
9105530,16687439
10139104,3474795
15863721,12585777
9737749,15450264
1039847,16335808
3023482,9738257
13381434,14627577
16553934,13607609
16466609,15379904
8045226,13405839
3175007,15284380
525991,10891477
3209258,8566137
15721521,3659958
11334151,15490752
13157901,16377401
6848279,10346070
8759443,13788441
3391625,16048563
1100478,9704708
167837,4548066
7580006,5766223
7260602,13619057
5911923,774285
14167111,7552285
1796020,9059903
3634736,11505632
15985847,3062330
4739809,6206771
1600826,5163757
3636379,8146556
7350284,8838563
8247850,14647674
140350,6933287
8569604,515196
15040577,2530375
113425,15952567
13983357,10064592
10833460,13925507
8832305,14818472
8018370,9609842
15115303,11089667
11424694,1816005
12719088,10895325
352537,13389979
16002178,15960866
7465091,1973301
12895441,8986385
3011861,16614009
13442145,5070282
9771897,1967276
13116890,5413642
10358698,5712957
9490806,11211015
3794193,2837565
12169828,10933542
15175420,1202086
6877392,13485
8285030,14089924
13263928,4552991
3529014,1809649
5913991,14918054
4865614,4704710
12075579,1178982
5941323,8050507
14539869,6981249
15389555,15293059
16632029,16245762
13385838,15283084
11877532,11568566
7750684,7343146
5747311,9088708
5486158,2537649
266087,4057520
5123565,11265763
13703210,11586912
4207576,14361182
7899277,6677523
3151890,2740164
2957719,16639383
7937052,3466574
2995511,13779758
12732446,13401310
4668868,11959927
3481261,2394319
2114895,6994206
15624856,11212982
3109832,13159656
2599963,4549559
12640202,10398787
681096,366180
3216997,5993169
8355225,6323969
12356497,10661216
7542191,5911957
6630140,16259572
11453400,5010382
4412541,15507869
13197566,7238129
11416606,10853319
15422353,6902755
13491872,3633787
3593687,6996420
12635959,10810745
15948988,6664754
3603291,11412100
15374226,774421
11399649,13188384
2610145,8733213
8898324,12105645
20371,9203461
15664084,10385790
12415667,7958687
2985281,394550
1272128,4828812
4156529,7931902
7378579,4485487
7187171,14618281
13159009,2611579
798050,1886636
13202767,974046
949608,1421601
7481981,2377327
10140068,6989667
2842694,11384200
8154944,6464042
12535373,16114222
10847143,13630399
10029796,1454985
7927887,2273565
15255423,14665561
14577927,11545405
13395943,10743456
3757011,13148795
990229,2646095
6947336,6696451
14393941,5121854
16656087,12210295
4278610,3091909
10759323,7312432
4119869,15281776
6200158,11880756
13173582,15063834
2206777,13693386
11527522,350006
12189613,10105183
3550977,3785725
653695,3907536
1728313,5133328
2475654,10383580
1964186,1045706
1195686,5769243
7621920,9163324
10034613,9260797
8701426,2384083
2242582,4870364
12129065,15137398
13027618,13907426
14872639,3971126
6952855,1677746
12973965,11742807
15616630,12152190
2116324,1046836
9159509,7442929
3289319,9233909
13345346,15186984
4488633,6722025
16594277,7447311
1899252,11503988
13513250,13709474
6905703,13780018
9720039,8135774
2235958,3391456
15385186,5872738
10757351,5713730
14482779,15682794
3634508,15820511
12178806,5399112
3806027,2873126
7796309,4873213
12768664,14678768
15701519,14443053
1252848,11579420
9245164,9774766
14818848,14806080
13180547,299277
16442912,10769755
1596256,14839165
5169745,9954745
10900598,11099381
13472527,8999498
11489559,7079430
10118498,16729891
768893,8469704
5368176,4416242
8726851,9180643
5979043,4974288
14135433,15454853
187203,16571613
1873878,4856794
14549927,7087399
5530378,9830400
11408536,13535394
4398559,12468743
10657704,6791961
2790474,7608856
13196628,9875166
16067407,11983187
14550786,10733338
5646583,8872487
15112170,15318615
8530831,12981472
5764220,6831557
14478740,1145923
1218280,11139407
12309169,13531762
4413997,14054500
4527365,6828313
5123687,1573367
5940319,10637422
13655587,8839005
10950880,1806210
3916799,6520471
2346919,3999660
4646800,899591
16165127,1487933
12616262,12429210
8311261,928095
6411182,15306532
3099026,438160
7531177,2081229
10658476,12964299
8453387,6063243
15550173,12768084
4075701,8744639
1124603,16138909
3024316,7908528
9206707,13005694
15685070,5939745
12428856,9397770
8570934,10825119
15932856,5505806
7843777,33365
8171083,13713310
8080234,3229707
13145634,1980062
2875747,1237290
12491381,1219806
2503667,15356187
9024242,9692588
14021891,4477132
12821448,12580996
12253907,648483
15185525,14313532
2132275,5980211
16522593,10482507
4224459,7828873
7160913,14813636
14110686,12234719
16133384,1986342
11699921,1246951
15451416,4490767
15915283,424686
5064266,16748415
12522600,12242750
14427716,9539466
1814305,9897725
11784255,1211598
705239,10357613
13614248,9402880
2582999,16182419
5740619,2374022
5643835,1641908
8133043,14511719
16367011,8652530
3385603,1529268
8890941,8634865
7409559,12171023
8694668,6184793
9022238,13926925
7065205,1717840
9850956,12512055
4333980,1968457
15792241,15757787
7260568,8240326
6737453,8183703
3481998,11296664
718692,939766
11411134,15519197
87429,13975528
12380549,11007236
10979432,12279035
16018549,14822364
3447765,6865433
15177063,14690372
4036562,2020719
7371631,5733
8001018,4865841
9737772,9169187
4436142,5254724
3577954,15353469
1698708,11316952
5953628,4199092
14197336,8451763
1812470,12842923
1237444,1006375
8605773,10956717
10769643,7819702
8395102,15087100
644967,9655721
9436454,4301065
16105348,8418346
4255718,9358197
5011093,13333479
10449195,5581678
8469800,13177867
16561249,3521240
13388373,7909752
4309786,4584157
14263100,13325475
10995467,16490358
5804103,13837611
9147429,3254276
13665447,7153849
14888987,8533411
1130080,2647988
428212,369424
15277751,164454
7929481,10348981
8050996,8756775
5472866,15034043
5945693,9361202
9577236,10050715
1129030,14570331
7779759,3256566
9074121,4353904
2711871,1344840
3730754,13894135
1063921,9320127
8082768,6665139
5487906,4451369
13160238,4240570
9894351,13049301
14990098,1112175
1036869,3142038
9469435,1532564
11186666,14436640
8146083,3941047
14210004,9402836
13553878,12735813
3263792,14190682
14153769,16186920
7683926,5895978
4594995,3600118
11037562,920465
3088173,7422193
2547647,15946700
5182139,1457560
79002,10589143
10628831,6366744
8692907,15425447
10021847,14351874
13987838,1497189
9705189,14399569
7153425,13445469
4204980,1694388
15926090,8406299
10618652,8495439
12740737,13213937
11460759,15439269
11819287,14779676
14907934,12787614
6443060,15051452
11538247,13591224
10322313,10738458
5021381,14942034
13913636,9726352
5163311,16739748
14727846,10663969
961206,16458395
11677013,10732627
7718075,16626487
2969591,11826729
5860467,4839296
12329668,4777539
8345424,5305345
4535095,9322736
14318062,1085477
2402772,2728180
4391095,18399
15738140,10521323
6744977,3382015
5264825,5518927
15171855,2941419
996253,5147768
13697346,13399955
8229968,14293273
9115972,9661290
4844652,14853890
5722600,9198583
7161465,5437627
1277691,4143839
9842701,11585112
14519574,1586492
11392721,1409354
10548090,1427667
12910490,8689727
7308728,860235
378174,7181295
16718868,1278635
5759487,9449818
3341775,8038076
14452850,12788167
16739723,7092806
11577015,121788
3876520,4973869
233182,2658778
13415524,9397950
16330852,1029788
12818940,9139191
1185857,3932682
4858214,13393445
9727217,11866953
1220352,9481108
6175788,11442918
7487889,13806302
13279474,569836
3807368,6488167
10223287,7017458
10927742,4728831
652152,15617717
9281779,5075236
4217652,4402264
13420934,10584211
7571083,10407075
306652,10443628
9299806,2125412
6673384,8582616
5630932,13477840
5451105,3358600
8688936,8620940
16315392,6305352
14479486,6702333
16082339,6916927
12748523,8619195
8813898,913077
1227192,16526207
13987351,7337437
2451940,12672796
8159391,7017625
9148874,3019019
2972786,15419851
12189730,6911173
11180953,1278446
9958243,9554038
3539967,6932435
3637628,140663
8508376,4730313
2697241,3447744
6033920,13234930
189853,5964321
9560597,7028379
13605403,9272110
2929687,6704173
12924660,1785327
8520967,8461893
4439914,3055970
6642785,12453183
10848988,2686426
13802876,7381341
6590190,16383498
1683815,16254051
13429970,6406219
15287385,5960697
13372030,13047352
5851039,10628563
10208930,12963991
1691453,16572633
8640244,8363805
338893,3426911
10546344,4730546
739723,351291
6655276,15431998
3075375,10241452
12312376,13855036
12865533,6152455
11216873,15771944
2362537,16714418
13226,1568588
4994536,10317832
2127470,16470022
303804,5699748
14034051,16355470
8570970,14408348
2627464,10126150
9850367,673235
14329166,9908893
6092865,1262265
7481742,14971379
4756693,8018398
572881,8381478
14983972,1332254
6634217,6544919
1359712,1755650
16478570,4614235
15763132,2763367
13001758,8372185
10484010,3254165
1282562,16581826
6580865,10710493
3408717,15747230
16523189,226508
4865910,7862546
10638294,9131218
30218,5541308
11134705,15495828
8289185,7630329
9187715,167471
14531703,10399032
9050331,10918768
8536007,3568912
10925626,11749580
16103081,13109965
15286861,3728156
194246,13954365
10259122,11584803
3119418,3635526
6608467,1704408
580477,1945224
10339602,16303273
12168,9248508
7873048,5485738
591468,925517
12432020,15635128
10808670,12666665
11761175,14788277
7883135,326788
1853433,6900319
5374810,9483745
6051790,4034179
12669416,5442221
3571908,13125563
15341932,3218569
13295388,13440942
6447017,14917369
1725064,7382816
4013739,11236502
4500480,8574797
15580431,15033939
10442557,6701793
920439,8734755
4182784,5729755
1892393,3817706
7700091,4828472
9857670,2328278
1799134,990422
3635502,1613920
16326470,13409419
16474984,16130958
12060124,12342638
12613593,13284686
12722759,4609840
2480663,5879843
2420479,5596185
8355395,6442121
11062995,11963514
8788265,6626429
3996688,13072158
6695424,10396282
12794163,9672885
15388876,16451964
2556395,8655163
16544747,9688677
7674438,4349291
3114627,11604775
9834424,16182921
6103966,4830852
7604682,15208999
5021258,304231
2836686,2656063
6448349,8415191
8851581,2990186
13527836,7574807
13156420,3878435
7245335,12271495
4703687,15052959
13462497,3179433
7904335,16716611
9910281,12057700
8865759,9415181
632241,15620173
4118947,13272532
8042369,12723905
2100697,2081265
12891547,14129491
10629548,2339591
5678321,15341119
7265707,8276280
60051,2569239
11095871,16750785
792955,7265935
14437643,3101833
11881152,12729295
12187535,11962701
7363371,4693196
9285904,15097791
15737084,8372272
4720249,8633374
15413250,672101
10421471,3649221
11972739,1302350
13775725,14774619
15895459,14629155
16447332,8584132
14852983,14740739
4246995,12318833
12849188,11144706
14472751,9157593
9861411,16513279
6466032,6039293
15015924,3042826
16213902,15111944
4497431,14677630
13710556,2816887
15879668,15707310
10133703,599957
4693846,14476003
559048,16687093
14030792,2138180
12609783,12308491
9871872,15069560
5337140,13210728
9290082,3423279
4086368,12177763
11572070,14289714
11956143,12030654
406248,1184697
10393445,8400341
4128622,16297532
8097901,72246
769116,7273710
12877770,4499766
83807,13742110
11236309,11644344
15163710,11505483
10721576,9493096
13020595,5477181
1177224,1716422
7740613,11981924
212795,11320508
217538,10272525
5845180,13025822
12068437,4474652
4165134,15669048
3351063,13948375
10242209,6552556
16149650,15816650
5608706,12148279
5901755,2432465
7659365,14283421
7955533,10763554
7596296,8874702
10773272,4554028
15277723,14648168
10942926,1164791
4724827,6219166
4961486,12902471
1051234,7248420
16597302,8050951
4359547,7346639
10013252,5833223
6585611,6062206
3529307,4315504
5205134,8906462
7299786,2074599
8381219,7153329
15895335,16015002
15079837,3485797
14983527,11623132
15221361,1578284
6939749,3499925
14905371,588479
7145327,3781065
218594,11403376
7530085,6703020
9693083,10307355
9468616,1513425
16007789,9919277
13820157,1857127
2965214,2815221
10772747,11638114
9404847,12629822
16406016,4167182
13350729,3286775
8124467,5596062
4305773,15015002
16784669,7722306
11180673,10286140
8585117,4546478
5418728,2021172
16673726,16567251
2182855,4411646
11839654,9137029
1175196,10093549
11581150,14920767
14377684,16000058
4866145,15776972
8781333,11244051
14520708,15503822
6711986,4660566
7350266,15137096
9867374,891540
8277005,6305378
13806265,11626666
5397535,9542027
7168086,1404807
10147076,14381
12759379,12418208
16376641,4187851
15333313,7633506
4001422,374375
16594523,12575316
13586205,6928735
53513,11801695
14669319,3833878
12563280,16065717
5087852,14979117
14479261,8129015
12160991,12341020
6836420,10114933
14613297,11406161
11437797,15318577
6992304,13974508
10761405,1623637
8404931,7806777
8781164,16055239
11586000,3906886
462507,998296
14400425,16254335
7572295,502110
5431903,12456424
11516729,5052116
15562775,3369028
14800250,12536820
1811329,10568053
3422987,5217753
10074157,13864123
4501566,10128959
15041661,409422
2018521,1069656
2044139,11829736
12423148,4196463
13911601,11171795
8486938,12728516
5255651,4918865
13668184,11620121
1516401,7543850
8144462,10806141
3576992,6720894
14356717,8988533
13271058,4844806
11207218,15339429
14190169,7536623
13409676,2000749
9187388,12782764
11591083,3552855
15531470,3471886
8017194,7597919
8492803,12256267
332069,10836263
13911660,10852903
3650340,8596485
13673106,4647035
3580148,15440461
823460,7263073
12657140,2274471
2663066,9266965
14273046,14979427
5128915,13582070
5555775,9457092
16606479,12230505
10338324,5223327
12680957,10170911
1639120,13130629
7060917,7688796
4494154,4383523
8706492,1282738
5311483,12633692
2982756,15173116
2282453,3806146
7199453,2081234
1502006,1884975
7432807,14303351
10564717,13778218
3630315,11309280
14748069,15307490
14828985,275664
2120601,12200068
11027417,986602
12468687,8534635
2884498,13608460
8426401,511150
8898655,12024481
12370139,11899801
1030232,12278454
4414110,13966610
14947286,14876644
12969046,3859046
7287163,11973965
161298,12252680
12233840,1964662
640714,11760840
7000164,3289348
223376,6579878
7914743,12026280
7030350,14427090
1080397,1469352
6047773,2885477
6096126,4841721
2643309,2344784
15173002,13239142
15441960,11895014
641247,9468501
14832571,2353485
1069765,14542735
15242988,1431754
11372140,4240051
4427923,8908937
12474657,7304422
11188033,8589906
1747571,5731732
1802418,11425750
520079,10887075
3184891,16770686
14022239,5051776
14257996,13190212
6521853,13782321
1314203,1187617
10046525,5077944
294037,6774957
139957,12945961
13284064,8645648
7150060,14492002
16725805,9357211
3169677,3466315
6136220,3219389
6322854,15795371
5167356,7505239
885446,15159878
7725045,15610639
11563083,6017084
13722799,9227144
3270444,7860688
4863235,724576
5225187,9330579
2833666,5763720
8646422,10935
6674631,14643064
6130510,8130577
13013533,11219542
10664101,88962
3337703,10569568
16365749,15384543
6424797,7045738
8076197,5172362
5083018,5074198
6777413,12175005
4981560,3153701
6355000,16016590
2401254,9972134
13945234,1109379
14383044,11803303
12159036,4073132
9804246,6404293
10185869,3897804
12701145,11569931
11159312,9268805
12694945,5842175
16178443,4636361
14590165,3838865
11462097,11730110
1771002,1659441
10198769,9902481
16237169,5131780
5466618,6013786
8023543,9042985
14339824,9660270
5331133,8519333
7548522,573648
1434387,14519632
14643716,4736291
9598027,1730982
7748520,6312327
5125432,2346743
450202,2247645
9846016,10249338
1494511,7355622
1498047,11473627
3291730,6356516
707516,1021101
14756523,14431468
11709853,11526310
13021224,14262568
56123,14069986
8830763,12853837
16731350,8966564
12594744,3938884
1202347,1032444
6161311,11921860
151732,7671912
14897882,2909122
10262225,16623451
11065470,12164251
12471467,8170927
2104356,1389894
9698765,1564439
7480986,1431496
13802908,8750219
2991845,2351997
6892886,8329638
5699936,1814064
6036528,9085118
6598717,256754
5503552,3494562
2510333,2662609
9210247,13925205
10082019,11545812
13852325,6235842
12984300,5707457
7774325,4773363
607757,1235473
1670692,9047250
6839882,6056858
384139,8065812
13135375,3787618
1386727,5832783
2479258,8487899
16376523,15381705
1116904,6033099
7896877,7474304
13079753,7728312
13329220,6558813
16270299,12524601
7396205,13828658
4232585,7051758
9735065,10712352
11709983,14039387
14031707,12155284
14864692,6701290
5070113,4803614
6637521,3439330
13615805,5471173
10911367,7429961
9698543,14073362
13098627,1452321
1222729,4213327
1345261,2315942
7519576,6763594
370280,2157301
15025708,6814617
13431005,12256110
3387664,7796785
13600071,6431805
2754898,8313514
854600,8603693
3346190,10408485
15030134,3942568
6909606,13761894
2145435,11416123
1809534,8799717
1429336,10900103
1949980,8112520
15097462,962567
3142146,14453680
1292037,12141683
14902359,15265652
3574322,5954743
12452485,12224197
4670522,6067597
14497260,14048263
13648988,15130445
10570202,3819522
1808555,2469588
13024877,16271429
9410096,1243239
8811838,8404340
15522994,3524376
13123525,9899121
8035078,16560422
3844851,6672403
5793689,10533573
5705703,12958256
2344629,7041088
97900,11226890
3411424,1235416
3604553,3774175
3610265,2758705
7989710,561588
13213592,15224940
3321114,7151296
13652180,14294653
8307622,8752757
16118989,16257470
843451,15211234
12588335,11902478
11766780,6263300
6149148,11635289
14434476,12253674
13980637,2284786
16348103,16780159
2940117,2279080
2564990,6507971
8979060,16753021
13386217,15575473
8756038,13137440
7203645,16488980
10057028,2702126
8056729,10818470
9239987,14105801
6354272,2843807
6089551,3629171
1355226,16622566
5784394,8926229
2230104,15549292
10924605,7247641
7797541,14858714
8466057,16695543
12534136,10059159
1490888,5642686
14365435,7258678
5481877,4856116
13720479,627846
2580693,13028406
14474850,14318898
3608285,13658653
14943244,14234680
5206359,12389575
352123,15482098
11743173,6051514
5149023,13503686
10950125,12201356
10006237,5774865
6279989,12240890
6221296,2941269
4978941,15571654
8656407,15790394
9904274,15926482
992661,8242648
1399416,3745704
8043300,12724195
15595522,6686264
8806453,8634239
858224,15418791
940534,11435999
2846760,710662
4417025,2302895
6083967,6961350
8489154,6395942
8071302,1992778
15422600,8543518
13695430,15795070
16269046,9991155
7884342,14215110
8575320,14646256
5370930,10839355
10347574,2324843
1513426,13921730
8651700,8368252
8474286,8564365
120887,5383210
2536091,11029928
10962317,14457883
15045887,15240109
4248121,15092256
2100931,10482125
9063033,14031935
15580094,16147955
11339374,15414759
2746442,6545519
1163559,7383627
4995880,3619462
9319417,3933457
2997501,13763256
9963237,6892087
4174673,3009099
7850754,380478
3074449,5856490
12873379,16457258
12189759,2184040
6397348,10355053
13044161,8868529
6378249,6175629
4804557,14318426
11925429,2115065
2858884,13018198
2729487,11715359
12301265,8635910
2843608,3365998
7091980,4314371
7504389,2286421
7870380,819763
15211701,16063309
8260543,13835311
11669925,8833379
9797418,10463384
2288818,5039077
13252733,6705562
9227817,6937309
10554025,9550504
4369432,10556289
8145592,5396420
2054056,12370005
15320437,6749233
6250848,1544781
4083598,6219877
13164326,1760132
10114132,10603445
7174790,6691263
11142846,14458918
15851694,14242570
11363746,12468498
3926400,5272400
5609575,15839552
10719576,12234517
5489953,4680437
3248780,9466931
12812476,5072209
912901,13267838
11501355,6399677
418523,14031176
4229784,1840024
5344110,14533357
982281,12362439
7292335,7624632
1049087,14529690
8511382,10266298
8021290,10710732
1946217,6819578
9651776,12578962
7241703,2343026
8075232,9567961
6232493,16585323
12052395,7204617
1808858,12359038
2841686,5367334
14285096,2461281
15554537,865804
10592316,15399228
9730847,13358642
13302837,6953009
13077878,15361546
16604379,4312396
4053148,5944433
3215132,75231
9934696,14065849
10120019,4377903
10442538,6768655
3632242,5080888
114528,14258185
7807937,7759536
12049557,9812792
10378272,16051275
3199021,14437781
39992,3569114
15230457,4237410
4203394,4848538
2846512,16263895
15307315,14272693
2723943,297447
8561842,12602404
9735304,3452026
1116818,470524
487342,10020744
13761381,7741431
2434388,16701648
4110341,910467
15279144,7009826
2701082,16577579
8612586,12666115
461359,15953716
12745114,14548454
3236950,1317371
1442480,10525239
9715252,9093112
389114,6098118
7655252,5189253
3261741,3461693
9632760,4515127
1859841,1965205
9716683,11369431
14959213,7380544
10864095,1859972
10485369,2974974
3038338,809161
9599618,16759889
354510,11922957
13191926,8626468
13501565,2108006
8792411,12615482
15810607,10728822
7530715,585005
4918090,3016919
3801728,12234902
3460346,5227870
3994594,14559011
6801662,8539253
15468403,14567362
6229253,14070137
4551177,13829808
3960130,12170045
14319073,12393747
6455670,12871815
15035162,959553
8488587,3285465
3851382,3356516
1162834,12707472
5756391,11832218
14964440,5104225
14151434,1352877
15385819,973514
11421097,3895473
10355472,7556677
5443922,1079335
4232621,12145392
374469,649487
13971742,242455
554954,3337526
10621084,6058315
1684216,13566766
9055028,7474972
1760356,12439076
6826991,13307861
12620303,4350533
13552177,7952665
12310623,6820168
15267529,1319887
15648216,11854110
14947300,984624
1738695,229859
10161590,5667683
1990821,8025435
16674244,2034723
16132112,3795530
1762001,16362308
16690596,15378130
9678454,15512498
10999306,14290188
7826258,8663384
16407852,9948609
13548507,3640352
3438712,1027233
2139405,4084180
16611691,5725574
6828897,6233474
5505929,9790319
13533003,1648963
11110049,5028241
13910532,7043450
13990055,1171433
6967144,11918247
11908994,7647939
4997414,16609713
11998460,8366823
12335103,15258866
15640464,13805951
10930575,16054967
1371588,3419717
11129110,1601682
9463302,10120797
7650717,1392732
16568863,2712870
7507986,13590548
11198987,7812441
16710443,6649042
7663461,13880126
9726828,4895024
9687193,6415249
831267,7014803
15942492,16226587
16246615,7642201
1905157,3996310
15129108,6428199
9464423,13460430
2605641,15529253
3919108,14572031
1032847,16541042
16163682,14809641
9780987,13001600
10215570,7407253
9275253,11173220
15376350,13577038
11911362,15657906
13031426,3575872
11197816,7383004
1052739,9162519
16390593,10104781
2037089,2803651
11624225,8706763
14843514,9682941
1946111,4689029
71199,13696703
8514224,3191422
14999070,10493806
14558601,2472025
970083,10038885
3206365,13239533
11623318,16196267
14487302,1668798
5657931,12328737
6685609,15879632
4937271,1649859
7857987,14047070
5989017,16597902
10636926,4555935
4821795,2897586
9350534,2293497
15070717,3997404
12533033,8528551
10348946,654077
16237903,9218130
15587587,1797019
14678665,9095783
11388539,10928614
13479943,6002889
5737862,1065255
15438490,6023226
16737980,4655068
14079495,13421306
6154263,16146549
6789553,3723060
217500,14458086
10887936,2278225
12561080,3599991
102680,9085046
6829645,8172722
886862,10724258
10699510,12784513
15461474,4306765
6691919,991510
6869105,15716355
12406245,16364689
16642234,7219196
15033594,4417070
2452061,5380886
2412106,1322531
6323724,12156427
1799718,12769542
4271975,2432193
143286,2591063
8218656,14052035
13595162,498409
11005370,3605740
15468193,5954639
983176,7036309
11405020,4282324
3320766,13133738
15378424,2582473
12918809,16384203
5968408,11630664
4007471,5560967
14360151,4242641
6760761,10330391
13773446,11126968
1530413,8325270
7614187,3785153
7611348,973320
12571892,16424531
914617,13339114
16788960,13777247
14747045,14078934
8993578,11806415
10572437,16121606
16097740,8432889
9709529,9210143
8047191,4570310
14533683,8746945
6960207,1829533
16773197,11576977
6089087,12962854
2879880,1956960
5773153,9326523
9376386,13666439
13593436,14303948
2009168,9926818
2082644,2335943
8613334,9488726
1789151,3050872
13664507,3027956
1186507,2885489
112587,13401422
11307986,16048753
1290114,6642745
801482,12201920
16639695,8697350
7486197,15354720
241311,5563522
4061190,4579788
5131926,14404494
315919,7575204
5579548,13405164
13836206,13897586
12776843,10173885
609834,14014872
9226758,15689854
9488789,2513603
5164132,4815442
14941638,5998511
14188085,12602489
8224338,14284025
12393344,1815301
1610016,6786076
13760945,7085781
15270174,5397526
619636,11989133
14921054,16377447
15337501,14432945
3099819,1062552
14313873,468563
4270104,16760979
10657385,9310276
6816882,6715815
2642307,5624884
907328,7884874
16571353,6331613
1175304,9727745
13501597,14178460
9036096,2719172
9193949,4614998
15403018,4992059
5048877,2836019
8841515,8707454
3208584,10164810
7281538,6981778
2632083,9271731
14417996,5785516
7587695,16059958
3035031,2274831
4599045,728916
15733196,2970946
9171108,9944050
16375009,15007115
6830289,11032797
10264316,2933608
9576570,15790249
9866914,908453
795547,6537753
16575025,6464278
14196763,9882905
9720140,4869361
10122735,4237541
10408982,10362162
10711763,10686284
1468605,11739190
10898605,9644791
14443603,5721339
4432629,5936379
15361647,3510667
6436708,7357384
13291827,16688851
15469060,15621702
12496805,1538549
14716637,9610923
6318921,12600894
10992492,14356632
15866809,3080966
14475696,10428070
6777827,11732995
10183793,16417344
3650186,2330412
9964923,834258
3947649,7616209
2378640,11623727
1725465,6299309
8814528,2102316
16327361,15598369
224005,4879572
1956054,7037260
9536334,13961789
12146548,14058212
3842736,3318520
9061883,9196379
1522746,5472271
6764564,977615
13107516,5941589
2735751,6558774
9672009,4684257
8681911,13908108
6978043,12349402
9470677,12642311
7723781,5195112
11537978,9212114
1729496,11342401
13076970,11613804
5629320,11768454
14170477,1147770
14644082,13483650
9662067,8106888
3057370,5076566
13442109,779418
10469203,13183819
15037169,10935026
7160712,7035459
12629384,2262136
15429281,134486
7179440,16153783
294253,15993836
4815702,8382297
1332907,10710749
10145310,10511665
11007620,5060169
10476238,11295477
10196861,5978261
14836040,2091642
15774208,14284072
7663438,13410482
3770751,8999349
10304476,2740151
1141359,10297191
8271936,70727
4958292,6233958
1707278,9676491
14420774,16558746
11356520,14110409
13937823,14285910
9693723,8580537
9529141,9433517
7458476,4443109
3554164,7064209
12002474,12432346
16391393,7785341
13746976,2305344
8243857,2796619
13410875,9667017
13501832,3771676
5944337,334457
12527740,4460427
1159447,728673
8482882,4860347
4103622,11692093
14716768,4627262
10962016,3102523
15637901,16242705
12235223,3663706
9927003,8901802
1246926,7813256
3869736,6343880
9789308,4532719
11268085,783888
15412516,8537988
8310031,10974595
2118855,432508
12686320,16280584
12269560,1061709
11154511,10508848
9942229,16561232
7543965,16246548
13394158,10728184
3975263,4254058
5000860,8584163
8317869,16558749
14291478,7893282
12454347,16063291
16573773,3604563
9300725,793408
3273645,15716014
2615610,6133806
16344375,1106573
2252854,1068192
11119639,15252596
9412649,16489229
8058046,13390784
8296318,12069535
5592515,13516611
4864956,13082010
12054770,3524046
14851861,14226148
9023590,7344804
2991893,16002373
3519586,14413892
1071,15524586
12934097,14619947
14585429,14591441
3894957,12795692
12809011,3874283
6709556,1150502
10659889,7912306
9130286,472471
16052812,8454664
4452129,16027245
13343332,6626474
7938641,9283865
1784618,11219203
3039246,13819130
7339411,13682269
3297866,2468721
7132473,14076075
8061989,5099205
14814657,12427231
10367039,3186019
10610703,4051143
7524919,1798992
481635,13852110
9707075,67393
13351814,7732415
9123787,13276584
14282171,11400042
7997059,10516887
2219398,8031977
6368255,9964870
3692081,14206305
8450014,13748576
656671,3602
15944313,3545379
8383328,12353262
8047442,1654528
1251694,16768014
10961466,9163872
9723682,3883873
6124084,8162343
10262407,8898121
13840711,16670265
15888031,7603066
13747637,10051320
1664379,4711358
10956275,741591
5279517,57496
10653724,301250
3531934,8716770
5746553,6575672
6978438,3180231
13681480,7265658
299058,3906775
2025650,7180379
12315733,12693530
3064902,1008785
268113,7633895
9608013,15317974
14799150,7949984
6987859,6736728
4104760,816993
15464638,16369952
11825336,697693
3830196,13678433
7441575,16619370
3370380,15153736
159470,3806005
15097182,4616357
10732875,5904521
13048667,13880817
14110019,14538302
15362611,10911137
3789260,4735900
2540319,12161492
10386885,16681814
16565605,10227842
1320699,2741954
11013612,7217
2078102,16604930
8437072,4421236
15318897,2244882
15076718,14142721
2924297,5738269
12125906,5501722
2338414,9194226
14223598,9058910
9603692,4295466
7462648,15938105
107462,13340285
14959131,16447392
14754862,13368352
13400819,1371270
12723357,12492298
1547954,16558043
12959584,4913062
13746917,14405239
93154,11586059
992773,7571957
9593412,11508826
9194107,10707415
12905555,13659927
172803,11351526
10699553,11427273
2810990,13183163
13481653,3874129
3549372,761182
1534218,2120014
5156572,798611
13305985,523530
5804174,3087498
7800648,8929431
13121205,870478
15426004,1638181
12846164,11665514
9777189,15675015
16573102,3495594
9292077,12978560
8899394,8151038
9904498,9320551
5588190,4610867
9552975,5279927
11695630,12199418
10825442,12993957
12825884,15346612
11507940,5158323
11604804,3299062
390711,16675574
4085786,4517109
9910492,539926
13530870,6003972
5628198,14896330
4801731,8152038
13132733,15231946
13615615,5016091
840610,3023161
9672565,4377549
284073,10593770
8474604,9855747
1120380,12847162
14782570,3890974
15636690,4722919
7674852,12244396
6891892,3054917
2917963,14957794
2378408,166760
1091745,11008837
1443380,15634679
10005,8119713
10749608,7572139
7534014,4873892
9473834,9112396
7600026,3419659
14981173,7905695
5962322,15321489
2056609,8023011
2613168,10128813
2480916,834947
881230,12437208
1970133,8043020
6137649,10345145
10338123,8143193
8632446,2184690
6962121,334235
2846099,2987722
8872896,12101031
15598210,7315185
63857,15500816
14852012,11064617
15425519,14632891
9323254,7349762
6906419,9959587
12732029,7979836
76823,8395038
10867481,4865
3357693,15863024
3363527,1179030
4612768,10288517
363165,1546348
7063797,4949165
8427714,10197085
16714750,15654811
2514484,11433333
15725831,4767167
7429284,11408108
14876784,8179175
4281574,6575281
15820944,10584067
6507134,15572669
14087915,1132138
8907180,4690476
10853109,1384617
7765770,14100051
10646032,11066265
6538155,11407560
5281782,6963116
7293769,10841829
1867006,5938674
7324730,325773
1958362,14668991
6813511,15640580
5438826,413051
1088191,9670017
2034191,3028527
6321240,12503036
7077744,10510849
6859053,11100578
15773581,2655218
12048644,7940944
10192214,7942500
15838675,11408536
2600770,5142398
11421350,5675327
1431712,12486013
8498267,6492390
14086574,9952785
16228919,11712815
9545008,7539497
7273983,2096694
16494231,15845200
9759416,14500078
10874221,14178733
14229445,13748452
16167963,266581
6117083,7966905
6197010,13668631
5388556,9767037
9675533,4229969
7607635,13741194
3954414,11051154
15271105,6964673
15191232,16619931
7412318,11840420
12291263,7459898
3956428,4072290
8929687,13662074
13529929,1141378
12500844,2087961
1141942,4047554
15936352,11245123
12783297,5038053
11801571,9299357
3224157,11502404
12497564,12200424
3052630,3146347
5696912,9791040
11455635,9861531
1892309,1142011
13086831,5025850
14265175,4581994
564186,7411244
5258611,1066437
3070361,4453089
5410198,175844
12633389,2494340
12491234,16560323
16298548,11479800
8838549,14352369
12186171,9670242
3760093,14147388
12807679,13455088
6787299,5984851
14837511,12671733
7625330,8690363
5366983,1901429
8089574,4109818
11350270,16681193
4677327,11039234
7279402,13099169
12890457,6515969
259794,4720036
14919952,10625083
12638788,16327678
16000434,16578017
4449788,7798374
11873296,12951795
15946686,2255712
9718051,1575197
9361443,12748134
13551054,9326131
16018078,9591471
178988,13752749
15498901,9114636
9758395,11285157
15786203,2192873
2258749,4188315
6668869,12494056
5783420,12290218
7475352,5676542
12781332,14963026
10973327,14971659
10976124,16493904
8851299,12809813
9221479,6602994
190834,906662
7804013,280893
10933309,1058155
3176325,11162262
13214671,4909327
6389981,13562553
10689592,2616700
4331723,3110363
15957923,7429161
3309765,571633
15900440,6192277
9514833,7180450
14293850,11540924
16589812,10712251
4110377,8969464
9278110,12814376
795492,6985980
3714228,4074084
14076139,67495
9812038,3229971
4654053,7981640
2470011,3603104
15713843,855067
4786566,16631327
7707469,1981641
4191489,11047124
16125487,6027042
4748033,14259641
10487462,15993346
3105154,11017105
1341836,4974901
1297811,3075569
10481231,12825739
7853655,13852459
2394850,8099076
2821697,13739697
11936151,8033733
5156288,13157337
2222993,6448308
5574682,8996352
2579154,13892542
15294011,7163593
9997575,3206974
98412,3447401
16265988,1401689
3091986,10251215
602404,4545674
12384162,6576470
783653,16119869
2363697,11133584
10720287,16476258
5090351,1335098
15650835,6387077
7101310,2110722
5520564,1831437
6148203,7268433
16775493,7072334
6253727,3670831
2735789,9151432
6681886,2657310
11228383,11613236
2976214,6377414
5872282,13904829
6934228,15993010
3072113,16633840
4026903,15628089
5622689,15523848
10484336,2640253
12383834,4349324
12128216,12232379
9733033,14126577
7217109,4737334
14791928,2844186
9658654,10148837
13299212,4731614
15220589,13478440
10020204,1053293
7850019,15176823
1853977,15264758
13439930,16307920
182779,2167185
8175825,10126260
10247656,15839086
9304017,15997273
2474621,6229844
12625730,4704069
9241702,6149797
13357916,4127944
3817703,16370140
11895072,2273922
10059927,6112445
15312979,1491773
7432039,14824719
10643578,13576442
9286131,9513302
10016830,10235997
7445446,11889560
15018839,12085803
1146299,11879278
8854669,8994338
9943140,13670061
1881881,10874237
177640,15258111
2488454,7804985
10346529,11359290
8769899,9296387
7824466,16743033
657559,12949562
8338979,11075255
3984650,13532243
4639085,7235501
12511065,2707555
4295089,6625593
11985097,8344444
14777214,12260121
3742313,9279074
11738659,5445589
924210,845671
15046562,7888849
10696536,4910882
15534927,1234824
9303327,13741343
6558748,10086533
1505223,9574399
9640689,16673352
11721965,16376132
6148538,9336069
6087976,3935180
1656551,483136
5656429,1284703
13611161,14965745
6496209,13835760
14847660,8929678
10086042,10662024
10158104,14752249
6673445,7659631
294536,4059806
14398531,6310935
3340112,15200672
4666222,710662
353837,1108214
3275694,3730550
14177209,6990064
14351247,12795748
8214544,7217985
8359874,6222680
16445673,7877577
277845,11844635
414972,6747939
15336405,15526122
10593423,215393
13248884,15289338
11261148,14608037
3034495,16483274
7083514,5981104
7685596,1552612
5808442,14047591
8245785,14262767
16154497,9671316
16098139,5398092
13687258,6700527
6639699,6125663
8491185,2964732
12448934,11538965
9304220,12328746
1617832,4977353
11938062,10339783
2389929,12942729
14824564,11909384
9798764,3053725
7094244,6948277
12361410,14247283
15564142,16411178
12552957,6529543
9290461,13064271
2276137,12220929
1887510,2596260
6912107,5655220
9146816,8964921
16486176,11957523
10721163,8717410
13769202,13955191
3132594,9882150
3074711,15920147
14940085,7792970
8636395,3953684
1224528,9955688
8848913,9609393
6404121,9309451
13629393,5830857
12318998,13482715
3616082,657263
3691724,1656385
9493029,10986409
10588229,10361528
5539413,6946744
15482320,6461287
13066170,13662316
11742259,2620040
10704804,5667748
10094462,12843877
12794439,5719634
5518310,3832629
5242124,6769806
12429,14524831
16343713,2915121
1140569,8218611
9948608,9461945
642213,3056927
11907438,4163397
16204663,6497147
9131578,1043864
8015920,16282196
11014298,6352068
8859359,9241356
13739895,9428267
16561976,5398648
16281853,4662476
14488857,7978622
11735409,3301287
3145849,2322994
949218,13933123
2137992,13244952
1958610,7523523
14889290,15082345
7913704,10269226
15898668,12039087
8295796,13204470
12665955,11219332
4779007,8789929
8112816,2269711
935998,8347112
10383202,8375522
3642758,3991474
10073945,12641420
418675,2446376
16306420,12270595
13430591,9110782
2368680,7883341
14528637,5739480
16050424,5280882
9090928,11725469
508201,4975693
1022687,12385217
6303783,5891951
3422081,14843187
15036172,1728257
3324655,13382845
7088258,16468478
2662017,12964080
8167851,7015226
7283602,14803763
15388722,1425383
5222546,6396423
9911911,9481765
22709,14187978
12290259,11500399
8833495,9692445
15629953,14697724
9040339,15874014
1683508,5135156
9818533,8824725
3962131,500356
16504182,10566923
10658362,8848901
6977004,16719323
15128747,9826626
2437687,8208332
14124520,10029815
12842460,2732438
1292446,8782870
9304111,10209837
4474796,4549064
10993759,5401163
3870026,15711625
13493382,50293
3659421,3209603
3492036,12174729
2854033,1902930
10766692,4205421
8151972,6416339
16432511,8588206
6353300,12034845
15827445,1000578
10974813,9239363
15695177,4685182
8636996,5440605
1139792,11025731
16695017,13421976
3794011,15882391
7970354,10182599
9110920,12277194
3010679,1044779
15264799,1405175
14977754,379771
3587075,7704122
2715049,9242996
5643537,10576397
3196938,15714469
11976525,13690319
3783346,2346996
15045700,8050949
11553018,2314433
14039372,12730183
12995587,4029482
7506130,2423544
7257844,2751786
10985001,14752497
3883723,10709738
10047679,451885
13241813,4110168
7861390,8435974
4009961,11541165
5293612,12560567
5592876,2718982
993627,1569766
6741707,15633702
10298928,991125
4360162,14653970
438234,7171996
14327348,7655956
12992005,3621307
4623892,2912599
14113214,16148778
3143481,9107524
9569481,14155763
13679743,5876553
10381238,8698400
1452342,5467825
8699980,14408261
5942169,198124
4714793,2124170
16459735,7124517
15111128,2066031
2128054,6015940
15357539,5237391
12303192,16197965
4890660,831558
3177025,3378220
5934967,6429892
13105592,5066992
5341741,11987491
14614177,1452182
5500108,1860966
3336313,10718080
15085957,5264852
7566585,8763994
10427012,7365176
6504310,9632916
10252306,15239458
9474840,8476759
1142993,16715780
2871244,1048739
13322052,14791086
15035449,2002663
2522307,12710330
7098119,14301180
14047805,6612207
514110,10017203
2609494,2828495
4536192,12756604
2384413,11430351
16525953,1802222
10165410,14600665
2540925,6982732
5521970,8863964
2636402,3908023
3620838,9458513
2110651,12169281
2229973,3846655
14792493,10328370
16310747,4656605
541299,13627461
13858575,16614491
9305501,9656768
8728772,3982867
206864,16375028
14243030,3580401
14808883,4097770
5074660,13672436
9102484,11362233
5708230,2246712
9320815,13689858
5759930,8512856
11323477,13261073
8275817,5827196
8769116,10658231
2489096,6333196
6392047,1648445
5841769,8153598
15964731,15042266
10025226,399998
3326395,11579935
3844390,3831338
6528163,16035859
9029204,15627565
6542310,13557816
10489356,5431139
3219279,8198275
12525052,10785373
9490158,11886173
15546573,2195359
12996587,9894836
2786297,9240495
14373968,517220
15648659,3906623
13734293,448409
4315228,12379485
15444554,5273843
14677002,9045302
11249936,8499259
9754979,14262398
3881854,2885323
5333976,10124059
6150336,9487857
10043119,7918515
15096725,5222261
1799677,16564512
5644154,14459374
9399940,3437541
12297091,8147826
3021421,15556573
9529569,2669410
11738247,4754086
9227595,11411262
8611392,9662542
1534588,9337278
4895928,14082664
13188461,2524173
16014785,6294569
16160332,3455308
9822660,1418466
11095150,5762191
11694866,5930592
7770066,15965589
16094179,13699540
3824788,13844442
13001858,1756642
13214444,13271099
13666303,6130502
4896281,6487422
10158781,14507477
10864869,5987966
12916091,3341776
5503749,7052324
117121,11612874
14862013,14509866
371153,13237479
7689336,3707171
15983483,10258336
5035256,3605366
385775,15389942
2095376,3643604
3258037,11408529
8721072,16081715
2281566,3610578
7664279,6189228
15012342,10044603
6030886,7768795
1557860,7299817
7444271,10327002
5762191,1140047
2102186,8359726
1139125,2637385
6759456,10965029
6428542,6519924
4426825,7496664
9482400,15307384
6000274,1231659
16525596,949226
4736636,6495508
14870088,14412631
4934846,3861197
8371939,158483
6123174,5602617
1930826,8216436
12585284,14922769
7829296,6305470
12456053,16109876
7352436,2472681
4222813,12110160
15679690,8112365
3635000,2492445
561330,392259
8568540,11514727
7156138,15918326
7018879,7762398
4510728,7383668
14721470,2981115
11075488,9681339
4518893,4929205
12805547,1277614
11956571,2278818
3716880,12169530
16644626,6207515
14897089,14584732
978488,7862541
1665558,8148270
11832839,15392938
6564259,13779291
10197107,5334755
15375088,13650272
15547993,9886225
13662678,15789988
2801078,14339210
12654727,5449534
4813061,9381621
13656091,3290146
8011795,2476215
16122772,2423940
13199892,14949075
15896570,4843128
11158732,16624088
6512534,12067538
12866378,5055355
7423490,6858084
9539863,14960690
12613687,9946013
320861,15430551
10765213,10742984
16041973,7194612
13657163,4603559
2460553,13003099
1323004,11843130
2620149,7416014
10162335,5841270
14383097,6073242
13012100,10619559
14824891,860003
165546,16321018
1735716,11402790
9654176,4201670
12578699,4345961
6899055,8742199
5990354,9445183
831897,12760515
4796323,8567664
2376351,5618885
7881126,13423833
8257221,8647476
15830085,9417108
13030327,8585080
8480860,5558155
3595102,4802918
9235724,13220312
6932931,8775438
14814246,8600427
10456528,2125846
10591052,7844786
11517466,15856941
15701346,16084547
7208509,6947383
11373189,10301763
10385417,5720293
3441956,13998220
10578020,11564607
16214531,11118647
3082309,7845199
5990464,8423423
3614708,7407607
6344760,888496
444209,5014836
5208178,8355639
4841898,12596044
12167458,16611707
5663620,1511599
12148586,4171631
950805,10449768
12244281,11071290
13245737,2726111
856423,13228558
7531322,9610320
14696353,4901468
356765,3788881
15270037,2371744
6011343,8150607
11910170,14315470
11902905,15532093
8294783,14836700
6840464,5293116
5160292,4713823
15276634,3370611
8005320,6211899
2486713,6820850
4075114,13828836
6526230,5528280
2193202,6689054
6546617,2794400
1253158,10738821
11938938,3110790
15463770,9073523
4689857,12262857
5915537,10599717
16753166,6021222
10947111,7755414
16210634,10629063
16150162,12241441
5904137,6860856
10578857,14346847
9978163,5131012
16229246,15615899
13359220,5804266
7097504,7700308
110177,3614294
2395111,14933967
15735242,822817
5717695,9031060
12727125,5737740
11397250,6985024
8640348,11536859
13531184,491039
14899738,16372005
10255574,754790
14834613,13797866
3460508,11318609
2414897,7281058
4140563,8665618
8819656,10834310
2521173,5618376
4311533,14946669
15695975,9079777
5138339,14454037
3858987,9893550
16059148,4961571
3777218,9556883
4335256,14189516
50683,1104292
11739772,6226436
15856781,14346368
15459224,10795801
1495670,5537191
12229858,9659795
3176622,4596731
9946644,14034373
8713104,13473322
4644121,378695
8971882,10114975
127104,3464353
13370166,10443193
9726432,5644927
1387977,15376740
2119791,4137817
145765,14949869
14719020,15515239
3239644,16204943
9014727,2902206
15369575,7506819
8360651,9669344
9349836,5361248
4465932,7441678
14699776,2618448
8905370,4118552
14035307,3755677
7031340,1094725
11173405,6686142
9289172,7103221
1312062,8981819
9032215,8300258
16288924,12618886
9893492,5607340
16163768,2846737
12162799,12879563
12868741,12306436
6542961,6614195
7556757,2075582
4503219,3994399
8031904,13905968
16301651,517583
13464092,4529643
12640295,5142102
16253723,7969442
14864157,13029727
11879602,1195586
6563847,4729259
8382931,15185093
11276643,12005498
10113297,13814693
6701377,12505014
3301001,13009848
7232145,110238
13509336,9207278
7293427,10980783
11523378,9402956
15808069,5819006
13672252,8883006
16742304,5963395
11968660,6869357
2949707,2137948
6681206,3769090
11489112,12715814
5691190,6079452
11677171,1835103
15111743,12765691
6654432,1781831
3620275,5128266
9196521,7342218
11864850,7823034
14894349,3457557
13424875,10127135
9005325,15459351
282082,14426560
10968079,7037925
4141726,5360115
5976946,6000021
15761851,12757612
5991296,3875332
10757156,3346666
2595162,15699344
7618755,2828245
13730983,7567707
7399920,4643796
15241474,12669225
12383283,44232
2045244,11858786
11626742,9623844
716716,11791963
10139671,2062663
867146,8658098
3421348,2715860
14978102,15996390
10419151,136150
10631258,7490562
13700413,14284027
11635452,13694648
9851084,13366329
10065775,13222893
797405,89946
5590592,10977572
12704249,6412034
6936273,6899349
5274617,14665509
13697970,3743988
7409620,3750694
11583645,13619752
16098844,3757046
14531149,11534010
2328011,12810997
16042810,9316732
6325635,10904182
10947992,1819797
14675822,3612654
16138452,13064684
2516457,16533080
12018698,9396643
15902506,2716306
5047315,11131037
4987711,9804633
2980011,824091
15005812,285828
7008235,2024957
14890215,14610503
7354195,8567340
2733779,7731154
16777648,1869275
14560634,9217031
16339023,10123329
10438810,8511436
5115623,4963580
10817505,4296963
11193815,4744493
7642918,9054592
369663,5701779
3053512,4042325
3145296,9744195
14796425,14730537
16480354,9137918
3607050,996097
15940278,729430
10846050,15217238
13944544,4405976
15495465,16765689
4734276,14332329
13234837,944310
16613838,13985206
12434449,7464225
6012060,6006907
11515492,16509869
8895599,8621982
4820483,14942389
9112393,4981638
10090388,8957316
12070867,8738301
16148513,1248928
7654490,12425460
5545652,4281242
9049339,4976185
8240010,2682358
9870839,11875597
11220864,3637821
15200746,10759491
15316486,5348679
2314465,8820747
9854109,12778846
14502698,8581490
16467632,1040897
13084411,12260880
11739320,13257226
3479241,12405023
9776428,11703964
5218295,15442590
12648163,10071766
5257926,8364693
16028794,13820046
1209130,8160924
15815670,6482056
13334548,3477413
6610943,14629877
13326711,6375604
9418002,13108749
4915032,6220521
6162779,8397047
15298807,6828563
6711664,286693
10886731,3124245
1601888,1497412
3373130,7723748
2657585,2824983
8311208,5519833
12040350,6262334
13923909,13969917
11388688,3206031
12873271,831504
11307974,2240448
14287455,5291837
2513990,7805150
6447243,7650708
1344086,15146616
904379,3928022
9175341,11086533
14583216,14811083
16038134,9116769
824582,1729825
4966300,2775832
4319177,10728538
16732984,15287522
530431,2505552
16142680,12148216
9183331,6592257
16358110,15906849
13670003,2787120
15689378,16441351
7862719,4205440
7396726,6629664
2993217,6492324
6371254,13866644
14022601,2958755
11015318,2251797
7353056,5877856
5971084,2174816
8143179,3169642
16679803,6272572
16712712,3402244
1482028,12102934
13142271,10639658
3025992,3991840
9094150,8107756
7587200,1182436
16494192,7145745
13897663,10888261
396793,14996723
5210086,6001929
9916289,2542146
14010748,11635465
14924314,2998541
14841800,16607678
8430602,1868109
16361088,11148173
7115964,11115553
11359489,1388054
3339644,5513537
3015243,6127804
13911864,6459114
4482113,12765270
13337097,13265494
14797326,3566253
1814755,12843640
8089348,131877
13016005,11987950
5032037,9954584
4983714,13145748
16030184,874563
7021124,2063321
10673716,13101087
1644546,3860263
8921595,10377041
10859891,14753997
1228573,605337
6654525,4142410
4001444,11809867
5397842,9845103
2649955,8897928
12545006,11006216
5669219,13292119
7969133,16750687
6895468,12534305
2225368,11126063
16589395,1527133
9391524,12543605
15844343,13392266
10300319,11396055
9091518,14801365
9467386,9591790
5855670,5438747
2066293,4780965
16652333,8013860
6193484,7119271
7368555,14313434
2633710,5943072
4566216,6678543
2902106,16269500
7586112,15647867
11914497,15881446
3273778,13947344
14886458,11600894
6584476,6431713
2303854,8620049
10009090,2550168
15344754,14805576
10849341,8690627
14447348,9651923
4550573,2040445
8257181,14859756
6029815,4318973
16654164,11835023
14816228,16342195
3734753,10039715
1099249,15024100
4406149,2954415
13111792,1837401
2682060,3696427
223248,11193117
15571457,3223647
120093,14875472
11553625,11499640
16685407,4571766
6072824,7539792
10785421,2008204
803772,16784006
6921660,11312909
4783514,16244944
3341346,6892265
12540175,9275846
4431845,14407962
137947,16650004
2404076,6599525
6390539,16283863
1196250,9596488
16725681,14082869
637328,14721005
15915386,14652404
1349570,7765700
1113157,16486722
133893,810065
9058,13319215
11246939,295820
8395636,14437032
10321214,6763955
3081020,14612945
3860643,13800875
8314139,16305466
3842474,4024783
6806470,10539668
7890485,3154102
11616906,3888696
12016534,2927694
592361,3873503
1005149,11996311
15732144,3426676
16522879,4387077
3220113,13734279
10782024,7220562
12512063,12017197
2707351,8482476
2429727,4990385
13729700,1891666
3824146,7734551
12544258,4829147
15407252,16671438
8786628,8859302
16259371,12830669
8742007,7212547
14899080,11839422
1561925,7667959
13741108,12825529
6370704,7744508
8600031,4806654
2031416,14359354
1131868,3018522
676659,16431856
14099271,2658700
10200563,11746417
14031661,9499825
1639963,10600548
1385797,447782
14765769,8038040
2605480,7134430
13793052,10547705
12975906,16298954
15582232,2608340
8807002,1983845
9377300,11364499
11578264,2694813
14448092,189411
16019984,6455329
8711326,3885596
7960366,16064260
10433342,15890790
12038402,8303386
186308,5957776
4490840,3511692
1534004,8426272
16380429,14504532
10637579,9958789
11731093,6963453
12556717,14140279
7597777,3256706
12013093,925099
11210804,8227492
12299457,5122003
5819019,2022390
1221588,820046
15643559,6419486
15891347,15346219
7465603,5612181
16320656,14252276
12492411,5068898
10609731,8621384
9013094,11280259
11552295,823760
10368502,1957296
16153956,9796294
9228160,10031495
4375432,5941690
759892,3967618
14228258,16135132
4845014,16623522
8084988,9367813
13998112,727071
1578898,14346322
8370921,5351070
401056,408072
4928560,3449763
12744539,4785065
7148417,14629778
16376430,13796431
9154111,15635685
10738335,12796713
4047746,2267402
3264043,15763846
215583,7663983
11478585,8978118
4098613,7870445
10330957,3123723
3192017,6334433
2867675,8126363
2352090,10333919
3275331,7531847
11779818,10409358
11658200,15281268
5135134,4257996
928062,3860426
12874200,896166
10680939,16770814
1626711,16410855
15528811,5757360
4588838,7171767
5848155,110551
8350568,5981341
12561155,2605812
14775591,3540486
16675579,15292994
6358465,9369014
8979703,1026174
2898529,1636465
14890107,4749891
7663193,2288932
126737,13339918
4076402,11553814
12750988,4402399
3890581,11273911
12439831,1942681
13700366,16542200
15330869,3369904
7223452,16208510
10651756,14683741
8943043,3335379
5121111,2963531
2330541,11678650
1593135,8611058
7255265,14231381
3671287,3308886
3807325,6511268
11953681,3402785
3758347,5691531
11927091,8014136
9286013,14576987
1235791,13384539
12927050,10109922
5169402,16774815
14809398,11194604
10573510,13606855
6444232,16159269
4109554,11274179
351482,7931654
11697773,5770240
15300085,8607972
15720122,1287201
8311311,15378066
6054690,3031525
4380903,9750028
9548198,7593267
254901,1014764
14961002,1123849
15171345,12134877
4044106,10264936
7504491,11292994
1430235,15345606
15001325,11952383
13262546,2089683
6619976,12353638
11506321,4504001
6659580,12733913
8841032,1453930
6288546,11285563
5004259,11827446
7438180,6262343
69755,10618881
15018232,11851521
581579,10260305
12224227,33158
2031004,16311467
9613101,12015164
12232584,9215785
16692451,12022423
15349271,16103095
6490558,2448877
6206976,16346534
419877,9129396
15186761,1074646
11835767,10092324
8768122,3422505
13763448,13460529
13275891,4577744
6807744,4236148
11913794,5581853
11493546,1353965
16158233,1721367
14958745,8136556
8754080,5420424
1074827,3676497
10923970,10022745
4891069,16249764
2746810,15195045
5677020,8268202
2759810,13069179
11063502,2018255
12664296,678469
9231219,11795548
13301831,16551332
12359993,3881660
860760,10560517
14993420,15553122
16362265,10247414
14998797,12830927
7066568,8752862
332511,7689023
2534843,530783
6513395,13536354
53441,10983067
14661265,14105239
15302466,4488595
8611764,11659237
16075684,13612432
6651398,1830010
9243535,862950
9003233,313683
10684294,12830500
15466803,10843826
746983,2033931
12992848,7031543
10764140,11936819
15465889,11051807
13065283,7083732
10429738,7086324
7303031,534662
3289850,3583826
6494519,7221364
9129580,2813185
16586252,2738903
12864360,2745694
11968820,411883
9501262,3898294
10266263,11905689
7730994,11729919
14233966,192765
9419321,12472676
12171299,3977432
11445533,16544887
9803239,13775942
785318,9299581
3664863,6568996
13680910,1744367
5941960,8948260
8456357,15214512
6266996,13087891
11624262,1573584
11508860,5459635
557427,7326255
13352709,10325791
9709668,14745433
14595722,7120280
7258029,94964
12813237,6887417
16321230,12908871
8079321,4455760
7488538,3183772
3479568,14905116
225915,15793881
13252940,1039667
7120063,13642242
385292,4342021
5815405,15679787
4174725,8674294
6493103,9290601
875134,14290355
13702161,8549148
14706579,924231
11171038,15298907
3971670,15021927
8663853,13821942
327346,5944513
2018402,10344908
749479,7436153
8123677,13475012
3936722,863006
16763539,3068059
13632622,12883707
3021990,12740257
5630175,9125300
5017658,2789062
262838,10651829
11284050,9403078
919652,6820155
16172339,8132476
4183635,5534428
11683929,1142785
15330050,1954018
1277595,12976627
12818402,7998851
11798525,12705131
2648817,8337520
16389621,14264914
11578828,3447307
3485449,2481109
16519083,4360861
5836755,3097481
11368434,11116917
14485356,1299672
9230025,1019745
15746052,13772499
11487095,8611772
3213516,5074120
4919395,3822497
1900645,16400860
2496310,11284108
5931063,2293868
8935338,14380226
2212312,9174292
16425107,11126877
7012513,12656117
10399943,6354934
7579475,15654671
15853784,4034866
7689791,4145323
4006348,5623667
5427088,1753503
3738052,12053907
4214720,13308166
13490476,2353064
9642589,5282374
16511915,4892575
3289953,5739319
7995880,15644994
3603944,15308644
14748540,794633
14141707,7066655
1345975,14058953
3097813,16318412
4438109,10602840
4789739,7301831
6715302,16746358
1249179,6838693
4054659,797197
14816822,2496283
13956722,3917869
16084105,14951822
13339728,12240733
16587551,11887251
15931105,11751433
5275859,6528637
13353011,8978605
10825456,4635914
9503001,13328880
15834639,15525129
5270460,14079316
13558580,14532608
8919956,9275206
10239166,7922425
11679176,12851878
101037,2856205
9032684,2050884
15582332,9374617
16091742,3757795
8892149,7495208
4091644,9394484
4024814,9882157
1254214,16088110
6008279,12940035
4727431,4838620
6784643,1689430
8144806,15673525
2953485,13219324
15301364,4278961
3073898,4916175
10033056,5223803
4444203,15530148
8373115,16704679
11017289,6866346
14513620,8692934
3968380,6508163
3209075,10353204
10170375,2340973
7201722,756379
68947,3799564
1212959,15440866
8588711,7722050
16733250,13050283
3241974,8028374
1627883,8030018
14350662,7450474
116131,12245864
2875107,9395822
5957028,5271788
2833655,16632179
711044,2794476
11737984,4111263
12029587,4560758
8420081,2294547
10842180,2985742
2366069,9914270
1883322,10503412
166936,1441276
190113,15012965
11217936,13602612
4413862,2992906
4203308,955211
615955,8576935
5145860,6856376
14344841,14190509
6114686,15807747
7419221,4783979
7631812,6789109
6087801,15354639
11909152,1596869
14670870,12930539
4384950,14314963
2855028,11942293
9692500,10310254
3543478,13328973
5475247,1199462
16523313,10918157
14976255,16621434
6597261,9441032
7314377,10235103
10267982,2108402
7140454,4273720
14400572,15689460
6461291,3353150
9520956,4229630
3784041,1637688
365574,285327
3652702,1617506
11879432,8990741
4202593,14950688
3032183,3372544
5876897,10707191
5095785,6542701
11096792,10476607
5953431,9943717
1933918,6820189
8470982,13816836
8015374,15742566
10989215,14702537
5946930,2556557
7926582,4440340
14807969,9617014
15902097,14477434
13911860,11685262
5250364,14303575
15024544,15158530
13831733,8842758
7665320,578968
11983038,1439729
7707702,14017072
7753580,3081085
8995087,178189
4997580,5463076
9925891,11112461
9892182,7828259
12194582,11051868
3475293,14693327
2480442,7558011
676119,1189801
9849957,7329384
1224089,8785055
8885680,9089675
4071246,4182489
2760436,9326727
1365740,2642239
7464689,6721346
14896473,9871050
1194794,5847775
14109351,10567122
931743,5268821
6146162,15519668
13048087,6569298
15697919,13271839
5267289,15193471
3209398,8689945
11902141,499730
15385154,10243944
10531452,14770134
1012040,13910909
3558251,10631203
14191035,6500112
1991433,15951449
8783405,3168922
8352263,16501627
68864,441486
3863089,10452946
13492423,7489268
6727964,4634301
2384316,1878606
6694586,85781
6342111,9109487
4893766,10789141
154644,4771380
14407975,6955079
769620,6278399
16693223,7228143
13548631,3365566
7828466,7723891
9830710,11457981
11457493,10782094
8920670,6705357
219763,10112657
6431745,4631280
16342291,4342368
477686,12592142
4235895,9076438
16565266,4074781
15249313,2830161
11018303,3980378
7138727,15809231
8754131,4910862
7182485,7195357
7541584,15111399
8845858,1924251
6224559,13677326
13360037,13852460
11334767,14210378
2306138,4309358
3215258,6156471
3632018,5816681
13468894,12760532
13303950,548054
5377353,4598290
8858335,11791854
15315862,14272454
1897897,11853060
16186102,6522997
10260577,13191681
8579341,16133691
15250061,1810715
14745668,6260613
16065088,9671409
16508032,2133160
839278,3764818
15393970,3972586
9960666,10978153
5447776,13331873
16414628,16313898
10564875,2586745
3265127,13405271
14480574,1863498
11574737,16199419
8528072,3871940
8230979,16198974
2209347,5677900
15961462,11928137
12207027,270949
9761348,15949347
7841445,6811520
3041160,8827007
5998769,2677433
4176860,11754852
5048461,14077152
5071083,4912793
3061761,14113823
12996341,2687033
3979631,11890730
13318320,16440682
16292170,8521426
2939069,12435319
8539067,1889214
10541301,4665520
9466235,15215240
16202279,4926643
2545239,16784540
6321161,10014705
16772225,15315638
16319810,12638468
1553942,11432578
6130582,12818168
10053590,15138270
1254702,14759147
4741651,3458544
14644326,11326931
12041036,9529139
1867826,11235646
3090917,12300161
16167504,13491247
177689,7717270
1514181,16091450
1150485,2864558
8319349,3082576
12677707,15578354
13775881,76840
7393620,10539738
16047419,2506890
14565334,8145028
7825887,12711965
16455234,16762414
7983435,16734407
12003855,6933497
6489695,9408347
12931384,8173471
15162619,14618192
12765106,3012734
11355538,12096601
11464256,3690311
3454632,5021616
15330970,14859549
15879134,16322173
7672796,392229
12496143,3437624
3330702,16092276
16009250,5001313
11478677,1632261
15536618,10545178
4668836,14896550
10361443,10106071
6676189,8682129
876221,971080
8785262,8773410
3823575,3939116
3242245,14629717
13044342,10674845
6270332,709936
8817343,415016
6996439,13633330
15020280,903625
4852223,12106815
16523178,5267571
1430132,15832050
1327394,8224963
3477477,561741
6429718,1623642
1731231,8220003
4689787,14739566
510493,1881894
6472779,13821317
14868032,11240332
6276443,6181521
11000712,13853241
2666913,6012195
8653344,171046
16406526,5521898
1907057,8859692
12979891,4784884
13420451,15968100
7654795,3045142
476084,5069262
2958820,11613541
3630178,6186669
6058798,759847
11646802,4903914
1473205,15395043
10772260,10178230
9952888,16291727
11764055,12293058
2698082,13132077
3311439,8530836
2551186,13891563
16787704,3363724
6796562,4902268
4719614,7173516
9030159,6021907
5042973,2758321
7776805,3418948
14334759,7420122
7538470,10911009
16044154,6979583
13370188,12751279
12824190,10321908
13533982,8163920
3565056,9662005
4490107,6571406
15018049,5965396
5531078,8144821
14402113,7991426
7976575,7391173
1436042,3197057
8616049,816783
7855979,2798652
207444,3048580
10514583,171627
1920162,12429509
12972202,2327770
15134963,6671088
7679692,10924297
9806383,4811711
14398142,14103822
96605,6954932
4064622,8439499
6918072,8863054
11890619,3417965
9503966,11669972
6909217,12201273
16061880,7675973
11413138,12551292
1016004,9291745
13000334,9375799
15881684,12854042
7510316,16306736
15365223,15831931
14120166,357237
11588576,5821478
1101161,13592680
3980033,13085773
16258379,7405882
2641388,798580
3553063,7065305
4638813,12489359
10436006,1821468
5462116,6915545
1154762,9487806
2725713,780301
4493325,12430943
3344411,12098606
12994955,1931363
11735589,9299407
4588705,13971738
9591048,1736253
5251649,9319878
4615709,8241258
9690335,3472301
2620323,14330377
10793286,2260504
2013109,13286508
6521677,9104293
11655356,40112
6944743,15153032
1849839,11277597
3736461,15330611
14206099,6473581
3280748,6206400
10706596,1386833
3575077,14312076
2786219,1152612
5023714,3942827
8046745,4403189
15425374,14761104
754428,16671633
7803403,16384788
15955826,14943090
11728916,4400314
8062762,14327394
9456716,14155461
13088356,11707390
11443670,1176979
2860328,16545286
113597,10301477
2839913,6463983
15272323,14797179
9852207,7197568
11689421,512929
5249062,8967526
16659655,7273993
3041653,15489776
11414749,2519680
14080521,5052114
10203598,15838107
15452862,11964297
12587526,7209430
13288968,15842528
12467201,1628605
13450832,6632876
13289736,4311884
13390864,2884995
7975209,8793307
7938976,4400464
7751525,12761485
5805941,15132780
3804544,5181895
6808685,14481736
13317772,14422291
4145405,14238065
5112682,12358944
12869520,7250068
5125813,14339850
15012451,9738607
13962506,10470790
12618183,13407865
1549654,4478196
16588837,11160599
2392808,14752324
3734408,11859716
6935763,12015161
400455,78898
511383,8031479
9753273,247345
13445841,5480580
5051655,7711434
9306829,13334558
10411564,1921899
11387512,7112526
16549421,4532728
6304420,16133502
1378612,15991136
3163314,15639519
1033736,13768211
11067755,5739668
7613161,4849683
7518721,1388312
8366853,11033324
15183277,9942168
5979554,14529105
3137436,11467159
15897642,2047165
9783807,5919015
4842451,15023456
8414696,4149712
6771544,11231885
7548074,147896
10545451,4279598
1944787,9420985
11184075,13495515
13840996,6061638
14604836,9343612
16057779,12897188
9065548,1990318
5368195,8887118
2935820,6938532
7449004,11091107
4436808,12902782
2750542,6012922
5077151,9839820
16681471,1924188
10152974,12135878
12989626,6531300
4498802,6228970
781326,7935540
12998235,12664640
3701622,3729687
2991662,16451786
13485327,16303071
10700338,88794
564434,986252
600442,1706129
6286649,13931981
531602,16306225
1362130,16409357
2381009,16315275
11565951,39513
16666343,16670426
6378513,2999639
7125140,811852
14820549,14776335
9712038,8126087
6178942,16648536
4186050,8065330
11786683,239287
16406759,4705984
11655541,6491026
1384151,10155724
7997382,3697806
7128667,12809621
14102732,8683154
4548982,7361160
8349733,1663856
6131028,10368334
3442096,6993087
11116995,5392607
3599775,9161104
13855431,6979019
9600706,4969563
12494151,902950
1079470,582773
2145813,4270970
6634746,6927356
1903328,1332206
3430228,16616545
11987813,15373962
242049,10700933
8510013,5727636
5868495,9818701
13579317,7927994
15712706,14242599
3424539,8994752
7730605,15116090
8394536,811402
5829527,7215469
13593541,656599
3262032,12629427
3602718,5667462
5489212,8181055
9745286,8166241
7453143,16697684
10051596,10115381
13151086,5409840
13871431,5448658
12104914,7091431
4265036,5714181
15782687,3411990
754041,9053186
8548990,10891524
2011036,4178840
12291714,14218498
15215572,5558011
15595984,4597657
5638184,9691105
15091646,8127526
12765009,368652
1057194,15855905
30717,11937626
16316878,1568724
15935207,13281201
4158845,1434597
13722360,730093
12295496,12806846
14809908,8300818
7614612,4440909
3040368,12202946
13376255,1645346
6305232,3375592
5710354,2338430
7451225,5779884
6998308,13811704
10686700,3508966
3557591,13594330
9650366,13058834
10029945,1650300
6336100,2848041
11003423,15645074
8344106,8564653
2977981,7042242
12271342,10158847
16299882,6551209
4769917,13576414
13960797,1387614
15460398,5818589
11302974,3349464
13784827,12531545
5285567,12918270
8113343,202750
10124351,9540102
4705185,4902622
7098597,10958428
5655762,6533690
10232909,5031486
10951775,4135064
14167251,8318659
13285600,7632968
16235853,5243379
12644088,8791684
7027956,2638354
14303984,388726
14045363,7501017
7567268,6362742
5909509,1731503
11997381,2203357
12549301,13757679
7686066,12617372
9563792,3442837
3544033,12285703
12550167,8756211
7238618,9461577
9167368,15832101
15749255,4158574
6228873,13657976
3076457,12634376
12365461,8747260
15084097,8589846
1890991,11877468
12531742,10149253
9345480,156697
15655096,9883638
9441779,6675594
11634733,13043493
3308980,826609
676758,2165262
12976808,4082487
11790876,5900806
13355959,5525381
15959691,14672461
2960193,4330212
10126049,7124879
16243177,2741400
9551681,9472575
6845024,13456198
12535409,5551741
7636777,1993832
6177833,1165364
6538229,2773054
7434196,5233464
14267531,11385162
6191948,675126
134208,10014971
9159741,14394342
8443808,492662
393186,1154605
1929245,15218775
9586727,5641476
15182016,3149019
8259755,16389416
16336468,16278500
6692596,15658475
11367092,12844229
15795064,3964024
979937,5683049
9636752,15929003
9943186,9932485
14591320,5395791
10778871,16779361
8564289,15197251
15714378,4638703
3813865,4797636
11440125,11956360
1491495,5931088
3591932,6173298
12994995,1671030
8946767,4867564
13407781,13114670
6983887,13136097
16351910,614265
795089,13041970
5474939,5777692
14821921,9872875
5121622,1800627
370137,13251597
14661669,16328928
7640583,7184484
12422084,1768195
12436563,12500636
8981226,4345152
2618518,9037023
970079,9752961
12491088,1123946
4574362,7207005
13671784,8093481
13889428,4085542
14866599,6004348
8225534,10398433
549190,11427085
7591892,10306245
2103048,1192766
15756997,12282625
13833143,1626052
2742898,1936867
15286364,16376219
10579030,6553257
6734184,14630835
3545639,4698713
12344501,2561751
14689743,14990341
901644,10308044
8642328,9187504
8833440,3606260
15361701,15300286
11572026,7032437
3865168,12598120
9946739,4126132
3810,829108
7863493,7325231
15246191,8406453
713958,13748417
8801615,13097179
5905715,6391261
6140334,13730735
7188924,10960287
11351793,4148639
13303798,2357177
10495561,13111625
8482603,4452733
9132870,3934558
6105074,12623919
14686294,10731895
15902636,8071687
8507873,6645907
3509574,14656181
4558385,2336975
8142605,1040319
4122758,13341525
4372266,12499905
16223230,922487
4686701,2322450
10478408,2986437
13223930,627997
9953521,3186118
5750441,3066532
578377,2683979
12106586,3733397
9357106,901611
1923227,13199543
2530309,7634277
2222767,12776049
4462077,11732172
9736061,6641722
608495,2618514
10662042,15455097
9419359,2792298
16103250,7791391
15478639,7485861
4869325,5161018
14904636,9689611
12919641,3558291
3081247,4456860
7679669,6391961
877692,10081349
2930367,6264350
829089,1505432
5402512,13881381
739960,12310880
5940004,2562683
13417912,8837702
16660361,288276
11552676,6042551
16465792,817411
10208115,5285448
11514930,16180403
9935856,15173612
11575374,9014689
2053243,7653212
4259860,13349065
9958772,2908046
8452161,7281077
16383646,10871659
10246890,14738879
1190698,5385131
14563101,7012701
6965520,9912210
11647391,10758955
8408155,11328795
820352,8021963
2474184,8244884
14092451,10302688
14474733,8314767
6495513,7285871
2862201,2233081
1020812,7896607
3941548,9332860
15354377,1168838
6146574,16406003
6757401,13620216
12537207,13772395
14446278,13162915
6386245,12225789
12909863,2616294
10943252,3889538
1475839,16099617
11381097,10941508
7361210,1458577
1501643,2135258
11667043,827233
1319978,11492642
13487650,16410859
3112540,6113210
4958697,5801841
6753950,14509594
10031003,8748601
13082220,4689693
15430220,1603337
8881911,9314869
8560832,8783549
5543202,11406755
198386,15857362
16397160,2622037
16042638,15205270
5605375,8652297
289870,14210856
13535768,15093570
6653962,1233184
6089351,2604528
15164393,9906736
7080227,15597438
10633327,206897
8911171,4662640
2979604,14399139
9437480,11969661
12046254,9979824
11091256,1400286
4479190,13583602
1068705,7956647
3834495,3185672
11304929,5189405
6004569,13785472
67323,16771572
4788506,7573438
14205948,9775626
11358669,3682096
9960824,1794824
3698279,8135104
10762765,5610499
11837653,13039353
3213659,10636055
8099485,37060
16548792,11536911
9670588,8789757
3206775,9807211
5523018,2312296
16499030,10542689
15539683,12112554
1537452,929494
821267,11588081
5025118,16636130
15431548,12350299
4299824,6438280
10152083,4916083
16429223,13387724
10421173,6752282
13760558,5371169
16105530,8568106
1126832,13261654
9753376,4260923
10716675,2730975
5894006,6890265
9144545,10279020
7808788,6247921
10841233,5806363
16793414,2501014
3271358,8989226
12676183,8730814
5109615,3845039
16331924,12743656
12049869,12566273
6539390,10788884
12145626,14462573
6985075,9793368
7933725,7638801
1186384,16153233
3075942,1148538
15123498,10042998
11141853,16065495
16095092,8440872
8204281,7301909
4010614,4247581
13551554,8170663
6969739,7951571
1780286,14424026
3016580,16134271
5817947,13440564
10072326,515393
12260059,6366708
14908565,12492498
12123295,3497200
8601914,362236
509560,5207246
8311014,77634
16232345,14798145
2691949,6487621
16214888,4461134
14180488,8247144
8461925,11976350
12870271,7544962
3977359,14767521
9763624,13097671
4070138,13944801
10480566,8635774
1455613,2123932
15766396,8437233
11290968,9303928
13457837,5064848
14590791,15112244
391476,12972902
2813243,3830053
13612254,2686696
15682030,6297542
673764,11425531
8353481,9885188
7562607,7505839
15830683,14059229
12148677,16383470
9714112,178861
12864436,7054441
8483873,13537813
11104635,13420544
10346381,15763355
7669377,203121
12070581,8008199
10949683,2315738
11970624,11638851
11143973,8399301
11274913,13592363
3995364,8498585
9946537,14298257
15253690,5190803
3446074,5699728
11038490,14741619
12337691,4210159
3515728,10014317
5794427,3495729
3769231,446604
1261901,14742974
13827451,3758551
13956746,1619871
16025138,2388586
4243394,7690799
12139265,8857203
7916602,1077687
3113019,9851982
1233054,15360067
4554624,2417858
900247,9204165
16364178,6869241
12944576,11571954
14960666,12331292
11226266,3182850
14268954,11968536
7062583,10749195
3497352,16536163
13181070,7855209
14404551,4971022
9581904,7860557
16747839,9599483
11934138,4698238
5810746,1712763
583764,3632919
9455118,8636753
1896860,10740674
13261469,551055
9185982,8456505
16382947,8770783
7308468,4528444
13348964,14362836
7394357,2565294
4969938,14223433
16728022,13655369
6008868,5342102
9696063,14799837
13541328,9760895
10869733,7329807
13607621,8125139
3396309,11057490
1293893,15967299
12519506,3248284
5456021,2841266
16559008,5892624
1055168,2236193
10512248,10972173
1826408,15027783
9588004,12924700
6410463,4720875
1656791,15203193
3167651,1057834
8449270,4085931
11626265,14159230
11780312,7956245
9114553,10776763
16772308,15850290
16254458,9624404
4083945,14125371
7643150,1930697
14696554,3830326
7202046,9927563
5400640,13920696
2203730,8452808
15228488,3769470
12189768,14017124
9096144,10499920
10892469,4993646
4663935,10441699
4686599,8704799
5371448,2561584
16439793,5753415
14467523,9012249
15949161,5174365
9195762,8319365
3642333,15777563
15856125,13193040
9388079,3464233
12642181,16333856
2299740,10184230
2205501,2214188
16485098,10491438
1698783,2989731
15536432,1775218
13331591,14154662
13074616,9556951
9090465,4977746
8084907,463880
14382825,6651845
11816186,3775956
3999510,15599973
8689964,9740478
14614834,16132902
4738126,15072015
1590548,1899703
3405993,2253199
13300072,8450617
225818,10731796
10353305,1256204
13531538,8150932
5577975,5631952
9565659,1540047
206288,8540005
15879996,1624898
15791612,2878367
5657597,14024600
14889689,873536
52440,12722641
989636,1317943
10083911,3649556
7312313,3693752
10744148,2216095
15284879,8076300
9969994,5747860
14518922,2539520
384394,9083953
12038489,359080
4245555,16379399
13771853,10631694
14151887,11046118
11176504,5149128
15082575,5133436
4774256,10739556
5650389,10876606
13964317,14747901
14295969,15413193
11910151,15133402
5390695,5993451
12498922,328760
4514761,7606886
13711986,9812576
8695084,1706115
6664241,12954371
3378750,16730403
16440125,14855195
7637709,15919647
13580337,11795416
1405393,10377655
4092404,16249330
14622052,15048533
5737171,9757041
9838688,13887304
11185845,5389129
12051065,14641300
6304496,15101740
5942924,12561267
8191603,7027666
12283479,12490244
6172560,6859
227283,4354107
2041460,12467072
1243999,4717536
11666370,6464415
14039625,8301343
10322552,10448596
930354,4669733
6026968,14160642
15387893,14157129
13744643,14766638
3894895,14815256
6666248,14105306
112370,13416082
12183390,6027491
2660716,15016684
4839519,5757939
16011178,12417305
1045276,704892
8210167,9337577
6633940,6251071
7450049,10670942
14562098,8385950
5600104,8757334
1607797,11358332
14325384,10180953
250175,9144913
8278713,12118491
13134670,5266503
13778151,13581624
717929,1028229
97260,8039033
13099702,4599839
10808009,483129
6777603,12432639
8226352,11019277
1391981,6933351
5734899,14020445
2407430,10448600
12185969,2221796
10115900,4393923
15069848,2714088
9948519,10701870
15157885,3373276
8947789,16666136
11467204,4543600
14747594,1630883
4563986,5644129
5137005,8378402
15538644,1371193
3765744,13686834
13371572,2745678
13663894,5150757
2837368,3533717
15239056,4369844
10122371,12860288
7229736,8978739
9551530,12056708
5742451,11774637
13730690,8552409
5395410,12610949
5352244,2184890
4166937,14572973
11056355,12533334
6932908,13914481
10548089,4937921
8345799,16367917
2349735,8355800
14578943,11074967
8771405,13999423
15320484,361460
2810522,16561356
3378042,786793
648512,6857058
4579508,12436484
772843,9512956
1110495,15898559
14315374,15437172
7213747,15789123
13468232,10008293
949977,13946347
4022372,9199731
11345756,15029354
8913977,930770
14705442,13587023
12890475,15970238
8038275,12827798
13412661,12102694
4751487,16421187
15870704,4711620
327936,14518090
3672057,14609902
15327971,2872644
15677098,9458487
116070,11279761
13360987,8393146
3070023,6121248
14104067,12754716
1293785,7834438
192709,2174196
11237456,6014533
15185922,16098648
8493921,4489016
6869881,395335
16168940,15968821
14398551,15409970
6826252,1772631
2479841,4034173
10916306,1502305
14484881,4031166
7220529,14693867
11060602,1529277
12783194,13450393
10107708,1795768
12169759,12730043
169175,2144395
14106449,15533965
14563072,186232
12205380,1348780
11913668,13021683
7372701,8459104
9938597,14884548
5276118,16605882
12005471,13758326
1427476,13803708
11593974,6400889
661466,16067544
6397567,12171074
13308049,2478183
1803972,16157194
14196985,6631019
12853417,10663581
8005604,16398863
16096366,5079003
14457437,9461625
3755872,13111671
2891152,3433654
5462639,6124607
16499862,5413288
10764929,14311137
4224254,4429607
3415631,14669429
7246401,5657103
16595043,7758160
5223836,16590075
2753321,2811996
8016765,4561325
13039363,1114988
15091527,12126430
8736115,13643716
8380231,14457650
6817675,7940641
4048228,9406671
3393834,143324
3516363,3123962
16141436,15994407
1972267,2967697
930498,7746192
3784581,13980950
1504871,14188979
15374901,1004994
16727852,5535490
14569268,12185581
15281979,2708844
8352771,12553733
6329334,12149239
2270792,3649508
3490160,3888321
15388771,9979466
3112266,13254855
8179984,185935
5054598,2292242
11492501,2500890
12363567,8645046
2862795,12455216
14244703,8183296
302994,4619364
3894005,12901707
3084063,5102724
5615960,13384273
4471841,6386436
11475347,6746376
9061806,15725043
11166791,15516844
7109277,4895323
14142152,15169723
14218060,10269671
2007333,10720326
2761024,15430782
7196211,3810449
7626408,3358379
13186279,14516891
1645795,10623091
8470564,7448085
10138272,854802
14139197,12196115
2766923,12457676
12291350,16216511
9386132,12476786
15511734,7571927
9327240,15522385
3504707,9821699
6886760,791173
5306775,6990738
9076320,4432949
6093310,1235878
11064019,8173078
3966463,10494114
11340483,13565661
10062826,5264256
11974679,2665252
10078191,5972975
15733747,15305059
10598107,2118468
4128164,15781806
13200517,11941357
12116550,11613841
4117436,1884115
1708310,13723611
12605934,15681276
1322589,14728212
15090613,2416052
14032877,16040774
3692699,16113118
9483159,7614503
192416,13252873
8117601,7593708
4383329,123749
4147486,9080012
10577555,14881095
2847999,8946054
14454383,9441980
11375210,1714200
16766151,1301571
5224776,9236696
10827531,15222947
11949784,6586234
5335985,2510715
15000725,14472773
3541126,15225590
4730551,6419485
4028978,3435765
2063216,3773875
11167045,1432310
13331733,16489162
15753227,9500105
9007441,6138957
3660812,1420351
13845646,11258498
7434726,15720260
9568100,12632972
12949777,2846894
15590411,1390195
13070797,14230840
14037799,4313435
6262846,13857819
6048855,10574117
3673794,752842
10974174,9811135
16199486,16187332
15141543,14993481
3528311,4434118
14211926,1557414
2015313,3070341
15696777,7035891
13477508,3503652
1002312,12648448
16388038,14665023
10513514,15878138
548125,16551844
2768038,12489574
4927676,1925732
6832598,5458061
440259,3579724
6945097,15365847
7699047,558025
4725822,15335926
9096828,9795328
5212880,13737466
12927169,13413236
2807179,15241889
15432153,15667441
10482636,14918162
13670846,493201
12139985,6521305
16731212,4129112
12196892,12431868
8553505,14306733
15872915,8428891
5400683,8867020
7254764,4015725
13544914,14948499
12193221,13922069
10138821,4989694
12110441,4210856
3005659,12705078
2535500,15357647
7745655,15965996
2784156,5644236
7891807,9494569
11445433,14456054
10854159,15411845
14290706,8626415
5951153,4897999
7399244,811125
2076937,7753096
4332649,16231299
1542861,7251849
8738264,2315271
5399536,5053231
15249715,15966990
9611454,4260526
11126383,9124070
8451667,8143889
9472474,11875614
2893131,16467357
10570684,14484547
1763142,422651
2428536,16152415
11103043,15197283
2781251,3316301
2648915,4843341
16707952,12466418
8558434,842582
1103074,11345175
10702322,9546622
12207860,8105831
544456,15931585
9230219,262071
1590231,436925
10009257,16225079
6725888,7340659
404780,13352779
8683865,3085120
12305138,2000685
1981238,5308047
13981143,9695778
13303743,285092
3369366,7446348
9630564,3505991
3320442,4509653
5963396,4808227
12666519,11647708
15264513,15443549
1348232,4524082
8261799,3383874
5011601,13314541
13384297,12325415
5891974,10485780
11232096,7183950
5136111,10605222
13217116,8680174
12981503,7455447
1628549,11903813
7684131,10516961
7251540,14713748
3771960,10021554
6899188,10126694
20261,14515608
8523036,16444574
16605434,14697673
9982929,5690709
2000366,7206567
8789598,8121524
6659278,9775150
5896044,2741029
8002657,6740702
13055599,16521314
15651101,3857520
6903225,3990884
6519466,8511065
8142149,14897795
3100304,14440853
6575790,14195770
286358,12014092
6445773,12026968
6386182,5184966
9866715,14727330
2485347,13703966
872344,15550838
16680950,15786344
16332350,5922823
16765880,13896976
2597210,5237069
14163798,7839359
2039548,667078
11776767,14835487
13888135,8471799
11932104,3455912
10806753,4706849
547404,12162087
16445173,16325201
859117,9691529
6544168,2874728
16284350,5595717
4035194,7909376
13006413,3287722
12365720,9033840
10860810,14341502
9951787,10124613
661484,1607956
6872600,12070046
1733297,15428282
13629166,13520529
14306062,4937802
8463968,1012734
11160356,10277697
15445403,5224517
16259779,13994010
16427041,15825607
9699071,1789794
5044992,2846591
10518,10130841
10015682,12909604
3214044,13714160
4606605,10829187
11768905,14482546
12184517,6769057
7086047,8261144
8977279,11520851
10191160,6312602
11862517,2265170
132800,11894969
16399665,12495840
7225061,12909413
15020290,1898070
12871142,2264810
8739670,12271345
2435335,9838514
9529516,6606560
221475,12512870
11592364,1696240
3106774,365849
4157667,5044046
5278207,7335452
905973,15022113
10840259,12886921
3469935,11241456
1405726,15061357
11570120,27307
6831871,3384190
10105572,10626284
9126889,3748258
9685327,1535289
6353773,11398945
16090478,11289711
13172036,5568963
14297647,1480092
11137997,16429371
9880249,3547548
982869,5973819
1449217,16795511
3102645,11088474
13894753,5147461
8746814,10032635
11033084,15723698
15921673,8236635
15337591,5014957
641125,7700672
10264943,8946944
6305456,12279159
16051491,11764333
10317065,11520205
8304887,11456748
2701180,14896350
10451149,9721724
12620922,12714800
9334991,12452838
1395961,6110574
6121855,414056
13549358,2298984
16217776,388613
12290003,310618
13461635,1613490
1439977,5792148
5126527,8148562
7722085,8492414
4251697,6596220
14752568,6644792
746037,4808663
3032282,9626312
1065237,2452420
5205810,8925701
9523662,16013471
8242064,4008504
15348909,6879940
6966245,8562583
14539563,7952763
11996653,3799359
12807844,9443032
15371922,15800875
2521268,3849437
7425983,16413369
14465224,10597196
10051829,14526521
6481954,10525483
12743518,14869271
4341650,6483682
2504874,6487894
10113894,14234177
4525064,11394958
11068727,13190866
3484584,14367693
10107822,16705839
6042683,4464453
14990785,660592
11783517,7040374
16367890,4401192
16332127,11232237
7387680,12151430
9614354,1431443
9624159,5679760
6597643,5589216
12774994,7160571
6998823,6552583
6007254,7734050
5758815,4059127
7287187,8523927
9759205,12947665
11694250,11228791
12231644,4064876
3890062,3827689
7681108,13220465
6361017,15471471
6588126,1622787
9929696,825374
1790074,9305709
193719,4843254
844882,13465244
16436636,3947364
16674368,518186
1722348,8820090
13978299,7575941
14464723,6597296
2124020,16544095
11235571,1146002
10459077,6665815
9048277,14200269
8172597,12181434
129300,5690943
7890399,14761660
4814954,6788286
16634089,12362055
2227498,7828461
10604703,119455
4580899,15054584
10068671,14186722
1152773,2326730
3215265,3013008
6169659,11115420
16252759,8058894
2913724,9173925
11209735,10499877
1489886,9011119
11755195,12826034
1056296,15737829
5632045,340378
9102699,13454743
16623808,1417092
6974290,1320280
16235283,5220294
10993747,3439297
12728492,13444533
14137241,11710411
9954671,5829293
9402941,8913638
10898681,14996900
14760375,15889162
14715315,4870847
9375639,10328873
4670580,10162669
6297375,14422060
8574654,5324840
8957157,10380117
9926330,3209551
1790396,6145734
13178836,8631199
4786104,11308080
6667820,9908298
2205367,5825632
12085603,147645
16164251,16336904
11581712,1423767
3389347,13272629
13918493,14488975
7234021,7207320
8322264,15094212
5805066,13910632
15261866,947988
1393069,886601
15001573,732266
5596234,6863014
9415554,1614104
13807703,13163887
13379167,14237607
7893697,14632871
14204821,5008051
11224601,11743278
7888234,7175982
1839270,10578405
9441023,15684461
2337991,7863832
11406906,12985050
9461191,2426144
5664301,11552203
3125151,14680667
9623901,4733237
9873219,6970792
8474698,14626573
846071,16480085
14512508,10863941
8538185,4161544
10861970,8686885
3637997,3470037
15134647,4166210
1188128,14039533
11250422,7721505
12055880,12936112
12970187,8439912
14379194,3848569
2571920,8053515
12976081,5125608
5211913,1189155
5534756,964349
8735801,12961874
11391914,11469645
3958135,12260614
7056016,4098900
4485081,7364095
12370525,2801564
11013287,15287590
9746660,3831078
11936375,15046640
10377854,10583308
988566,11258632
10787750,6305606
12196950,2752849
11920144,15516409
13469652,5122795
12911443,10495944
9141668,2894621
6787327,13938966
6201002,9539181
13339567,3660624
14049550,13760557
11670839,5909222
2424529,6852769
3505775,1176899
12466914,12571618
6843633,9145103
10651957,8576720
14215768,11409082
7471712,14472014
246389,10835499
13231566,9020771
16363024,12698819
1390142,6991976
10829648,477851
14174995,4574563
11707835,848833
8501724,5764426
2444151,3751020
6950746,4119001
12754360,9992210
924205,11731266
14110615,6597761
7674297,9345247
3856773,6457554
2186989,15754264
9559045,5331372
5566939,15845452
12592162,12868025
13402286,8735109
16065442,3243047
12724621,13687411
1590686,14108464
8740513,13055416
14380839,15774290
5610479,4011365
7679852,16652854
15385882,12727435
8102572,5525369
11379815,13194177
5340164,11823939
3114163,11204372
16246901,14003589
6530650,9998379
12211255,5289836
2589924,1260878
1091520,3924274
4093244,5037005
1333528,8444209
8649903,5832553
16585086,14700239
12389006,13497366
3200794,3420714
11553359,12054799
10817226,13802208
12013219,13317431
3371796,5695945
6837616,13000131
5456163,8625129
7034326,13227115
5984230,6042932
10656944,8527689
5954948,6058224
10485934,13185907
14117517,3982372
10502278,11470936
4634149,5607157
9275343,1745426
16576801,10227653
5449102,16575329
7747799,13514897
1170240,9848497
1671002,2687097
2179903,7667162
13760685,10961519
3242317,4328314
13286650,14135877
8183100,2274561
13154482,14312392
2419778,10250913
14822330,705581
14889638,2346112
12511265,996096
10278860,2531072
9709121,5912450
4364668,13754138
10091937,12080250
6559917,15650118
14915390,14760591
8668085,14956383
7334472,8348769
5301968,5334535
6511773,10561191
16658753,11205240
13940151,4552776
8394565,16107072
3985657,368239
14618690,6882579
437072,5362349
13125117,16769992
5382724,9846074
7328522,4366449
3835736,8311080
6321526,10435608
8049690,10059783
14434856,13557550
121083,1715420
3186260,774166
8608264,7013444
2666098,1633352
3646723,268350
16365015,4067336
10920853,6783858
6818183,10058375
2900590,16501412
4265443,12026188
3872749,5560010
4923462,13061391
9956285,10371290
10983696,4699769
10840787,5895360
11015653,3640310
13186107,14583098
3703514,16666471
3680182,13105273
16282627,15176875
12054499,4146526
8833023,15798833
1338274,7467910
3668697,3196780
2072801,223552
12938362,15461681
14727394,11585683
5214321,1659586
1554467,4383683
4299152,1658157
8903067,4199909
2789917,4514237
2051892,14790618
13591662,6353867
1227657,3269592
11805192,1143864
4829521,12733486
8857803,5960348
14008858,6561826
12341245,5863066
2280367,10753746
5426198,9725943
7723337,11622641
6974864,3215817
2920065,9580951
6550391,16397842
2036359,13911914
14483470,1113633
3339872,1575904
6185467,15200159
6720161,4575784
11069753,4234487
2135998,544430
640962,4822930
2465766,11506056
9931084,4074466
7825182,588592
4717511,10365157
13320113,89612
15865173,4498663
2891326,16058011
10505401,6973956
14607060,11176156
5811420,6277386
5128556,4299739
9446646,4928554
4081394,352390
7041850,7227366
4000137,4437392
9819062,7853232
6784555,4766279
4105846,14711795
1780242,7255399
8455693,13043345
14088487,802797
11313148,899715
13096915,8921564
8872051,12369762
8371335,11924998
10185034,10388908
3153548,8972177
4989280,13952127
16589806,548299
7928954,16672583
4093195,14660030
9024201,14441425
6803861,16763133
15260316,2814867
16632308,8802805
5519633,11346143
13718356,349813
392192,16383923
1657556,3383025
10755172,5271673
2135814,11794690
36185,4287352
5237804,5751792
2445961,10751372
2461865,10690635
8548124,14710650
5934391,12078555
5965166,4509610
6945305,4941326
3517411,2653249
6037934,566267
4280209,10441479
15546759,14802740
8717729,15157900
14836716,2230306
12113628,3984514
8550358,266887
224110,15988107
10620914,8511943
10235545,12840424
5237093,12276194
2287524,13022823
15155163,16028354
2727246,1248011
8626169,12849195
2696557,15960719
11050784,14735766
8616829,4617849
1988603,3125603
5531988,15849518
7458643,8720352
241639,802156
66157,8300380
8279499,10307630
11803993,15545604
10543893,9778188
6373575,466041
9918225,4861105
10095703,9906713
10906275,12441544
4754403,8121158
10293081,10951892
1997189,14372554
14340446,5695003
13919572,7781055
858053,16020260
15062792,11916399
9844474,8010948
13147781,5460673
16508698,13377455
16121940,15537885
10639578,15061175
6563367,2631934
9002137,15405230
12784431,14708581
13928706,11219772
2977031,2438424
6317547,3166434
15052300,16372504
10178679,965455
2147008,7369647
5840484,2335907
8398332,14938791
10939643,510552
1694751,5067879
11391758,6052448
4021021,4791088
3913304,12540604
5816234,1812957
4532856,8132363
9475666,715788
15040422,12581543
11235339,15264458
14990311,10248027
1473999,2616633
1933327,16225980
3306341,800416
16579987,2967664
5934959,12719925
174787,4484777
8173921,11103351
5777976,12420556
5340765,4948101
15319105,1835953
5962602,5744325
10669742,1366777
1171168,12476120
7505934,6660681
7166176,4301142
12979381,8509227
10520383,14968502
9713962,216168
9257042,5632062
10209598,3502887
16137286,1602198
7586805,1357549
14057589,2248425
15899892,3171304
806733,4460631
6338104,7498415
2250884,6662517
10504974,5124283
6004085,6118008
5396193,9541237
1728779,15438965
4188165,9241896
5862999,5730678
8366181,10478635
8788241,12778369
6743648,4261427
13489249,14474067
9830963,11086810
6388491,359667
4104998,4796871
10771190,9782663
1463368,5251458
2800458,5458783
130315,1462087
2027113,15238690
12081291,15492561
12275044,5158794
11568669,9396441
15875666,33573
13137589,9021951
15831052,13730601
9533095,16270452
5415393,16491060
15028604,16122638
8036052,7342864
11886734,7651830
5462268,2009116
108967,6772876
14493176,10314257
2610464,8104161
1629921,1961781
14450198,9307548
14917077,9716965
12918988,9299302
6020870,14294957
16046421,12805651
14978786,8479490
1943360,1759329
11830129,2394369
14937961,14691947
15254925,13759827
3632059,4233992
228037,9009923
2606243,2680353
5933259,2034994
16593070,12519709
9167575,5830951
1710801,14540540
15458855,16173840
9590614,8909873
4273246,4764332
900473,7613028
7431571,10964860
6253432,1563386
2785758,15875031
11270947,325976
16775355,9591550
1732021,13152361
13411291,8387301
1313582,15026731
5076632,13712315
7450271,14379109
6367244,14464289
841718,3964615
9076936,12693177
6570990,4466229
4752258,11778395
10607483,1419892
1627192,10116203
13007540,13102788
4635023,6351164
5633819,6905567
4275863,4716972
16075327,6039854
13594741,15292779
1148275,4230424
7838386,13599032
15042786,6458864
2863265,11119302
16366215,8588839
1300572,14549954
12291319,15577051
6489620,8841558
14473398,7047231
11347505,11626841
8225535,11108247
14979598,4610377
2723092,7925514
9854831,15745216
4059395,2641291
16463339,1548012
10310249,10921969
8065089,742605
14296670,5849785
15350338,6852952
16437771,8801811
3656872,4041016
2122395,15679077
2778323,15879507
6388111,15854410
8486728,15421989
1635364,10448118
4333085,995098
9480,12420906
7376034,1234046
16394753,1112595
14274202,14098762
7382868,13356038
12649054,6741751
15032559,6048890
12273029,6365983
9642413,1765754
12358972,5697146
1474935,9834099
1303798,8321333
375082,3092416
12075012,7078184
8899771,6315233
7421894,11596271
5674301,13121328
11621205,6495537
11303315,3511372
2331004,12898058
13648743,16534348
11574726,13206210
4299547,13740248
10508095,11601103
13573593,1887868
15798043,5330648
14910027,8959801
6268464,10464410
14369134,897890
595441,6570358
9903452,15459748
8155992,2127498
15180389,130649
6308693,1538973
11417830,6510098
5591849,13378153
14856471,2124870
6400463,16508879
14739049,9234768
8581264,11764085
1514254,1805093
6801187,6979754
5607417,3617756
12772756,1605439
5227995,462784
16160256,11153677
14641573,5343177
11277274,3026065
16045381,8869028
1918828,1119368
12558013,16731640
13143647,15752347
5365485,5842508
13690508,10010907
10059089,11728444
16032838,6418356
7010199,11330500
16285908,13647970
14428394,8931176
13262086,589536
8711014,3553200
15502733,959374
5786343,11360531
3516464,7202457
620122,12287232
13172303,2225350
231037,13459908
10985394,5665440
9590853,15912922
1030988,3882802
16166007,15418961
15125886,3410724
3011500,9130699
5763069,4613941
11518992,11456996
7157909,2451837
14175368,14217065
10525463,592434
16542797,2460304
16207941,9248847
16109406,6557561
6087850,10766954
5367585,7030911
5906667,753557
4576809,12551447
2421650,5811132
8484163,12827570
7772246,7887094
16490098,11192475
8656526,1833671
4640741,15018423
14702345,5813098
1155939,14993307
8651300,5684954
9732149,12896606
6656250,7918890
5984891,7467882
13608610,9946887
7175087,9742616
1483597,12209080
16779400,971319
2013936,1559887
10345149,6177042
8984896,11831051
6480222,2348108
2596079,11585515
14544276,2548194
1620902,16366469
9790628,11428805
14742922,14559291
11854394,3319638
1611846,1612612
3787848,11600141
13522878,2856099
8160578,2859998
7051036,3929053
7443980,8359237
14562399,6198099
13152176,11720796
9195847,13578642
9046521,15046475
7954310,5427725
468452,10115792
3241110,12522482
14712962,8095490
7673889,1841166
11004571,8927511
3792876,12083519
126929,12318308
11192150,15276585
8035855,14967668
9776672,11773677
4019335,3506069
11296537,1909537
7646178,5236573
4649912,9281982
9532133,16636454
10100000,14340046
15875736,13292405
13164869,5615102
12342826,16682297
7936680,11239896
11856629,2444380
10493195,7540237
7549650,6962088
16265754,13529910
4624466,16079610
1734986,1584018
1036406,7516011
254989,2137436
6784332,14039119
10035778,3343142
5609881,1957322
8462544,6253594
11290325,10151350
2040649,6755124
8281778,16070539
10266943,3220235
14669696,1158575
13481952,10287264
11958912,10633392
7054488,14183451
8770617,1777817
9748895,7928202
2558510,3909479
4696702,9962830
6064947,7871119
10137543,9564019
1502259,11526126
7515942,9795221
11536179,9445133
3579668,13603208
13126472,7381555
14071767,3921417
3101762,1085482
10849463,12311147
7917467,6645926
13065760,11670657
1198379,11896681
484031,16034575
5366295,2143123
16463436,10039769
16086271,15494949
15508190,2399498
6974722,13837612
5335908,5576555
16504551,10837240
658717,1264227
10317500,15044765
12944090,93742
219198,3191296
14306199,6891547
9357433,9211170
16281749,9170468
2176348,2570885
14340573,6154288
9566576,11762794
10907375,13294232
7584502,2941577
5639776,4697999
1641865,9009025
8442632,14005870
8392734,13299008
9982816,11830965
6075625,9317903
11295072,13952478
13397245,14312890
13729750,106656
10103945,8831849
8707839,11100993
7590504,16286516
93017,8550676
5064675,511479
2127406,3466223
14195318,2503812
4692654,4819308
6616178,14847317
104677,490904
12295626,3021545
11115684,5143460
2534041,1035232
14095374,6084498
11346180,4148226
14230375,13789227
11618756,1207046
16175843,15769555
12313275,9019219
1792895,10621211
5647807,12360148
3746763,1055619
15074717,5428480
491578,1518358
8572158,5883939
9899246,7321157
12699186,13707959
2102263,4176537
3885023,11567531
1614244,12003746
11668708,9161944
7370938,5095576
2749330,12185908
8978894,10395790
2673181,562626
2176186,10272096
15893948,4528150
5657435,3689054
7484849,12226911
16294133,6784513
6821015,16026651
6192807,15685867
3918727,6762178
6704918,11214524
8725302,15156198
15075600,8510688
15801634,13528518
3820745,2609116
5598825,6480446
10791018,12147718
10783720,15192037
7856120,1186429
12055200,15358985
12878231,4157705
12137502,11077838
6482969,4268301
12397333,5947128
2706650,14996711
9919774,12237187
9850113,5189847
16725101,9263486
5751230,11237213
1385392,13611089
15707738,155414
10724606,371300
14334824,10003357
8569232,7412318
15442084,9112311
7311696,2946418
7195141,15338639
4424138,1108821
2627383,11096190
13712023,11521430
529278,14084772
10260936,5640405
14911427,469024
7527868,15426856
14944123,3107821
9048662,2213993
16439165,10291312
11113298,13742198
12283784,2389246
8042305,10964629
9278857,2096892
5445968,3360932
4163401,13067335
9134902,2323722
6199,1974154
10643997,977081
10828243,9042475
7828517,7582569
9965974,2190049
3784549,10024404
14884176,1834406
1394535,1461449
1067158,10823504
16014945,3212977
9489117,9243766
12987650,15748251
2040845,3701196
5002414,12072376
13550268,1038418
16631167,12416724
3158614,12233230
13600668,3545209
3954784,12808160
9008845,627290
12179628,10878672
10284084,16440965
16744668,9499082
1339883,11048207
769291,15675050
10982798,13442445
2225993,6985241
10992604,1871604
4050112,4628731
16366891,11749428
2797478,1405124
5061568,8363410
2163946,12222732
4029206,4997516
4550010,7145719
9438823,14915571
11414671,2581998
6878363,9460704
9865079,14028402
2515861,16112779
10474706,13542962
8670729,7486540
4795561,15881069
8293888,10062582
12139200,14519000
14014970,6985580
4319495,1543078
14485955,16659491
12263731,6944244
6978611,3645661
885116,10384394
14162911,9686083
1576281,7538521
6961592,1789927
2215743,4650944
11713711,9909642
13719223,12093823
16002532,8951126
15387862,15620575
11957839,6754351
3243471,940156
3832524,11876232
2095133,2551086
8873543,5588708
4714977,7516291
12174340,1827044
1556912,8160126
1359814,1130472
2663230,13689691
1601799,9397596
8671489,12698068
14552579,5762023
5224194,6105635
11165994,766026
3620498,12372483
11339873,10957562
6565986,1791941
12263590,893088
15816881,1281108
3519047,11757754
79023,1342457
12978730,13128691
8526608,10748153
6206090,6673502
13307112,16320584
15096345,6831617
13814762,9049121
14145232,1748844
7508483,2924414
6002693,14732689
5777838,14486283
16502539,5069218
13132567,1682876
13605814,5673895
7779259,5680427
8689861,2344136
11862660,7340868
409438,12913714
1259461,16011014
5524784,16413850
595099,15557645
7218256,10935647
14541429,2257917
13263686,14013033
16615351,11887756
8382348,13071674
269692,792240
3923927,5867934
8986520,10903493
9286107,15272470
10694554,2608186
7807959,15360323
7614887,2120828
16616028,16695798
11312283,2954362
10023218,11301041
13457214,9614401
3538258,16288081
8553737,10190777
7185066,1993644
16206844,5293380
12097866,9983578
1906099,11855237
7007461,7283716
12315054,13045635
14973768,6262546
6745312,5975280
15495661,13369104
13575426,7925454
5873190,2657389
829997,6809453
16090180,6583835
7072108,15892145
3296112,12254377
12878739,12295378
3728301,1192676
5729727,14187655
3844610,7965477
16067338,11366361
4405152,9324670
6579302,45019
3208398,3323563
15978083,11034741
4945494,12997370
14022002,7930448
12895301,3931829
15871713,6425760
14864998,7357978
14953573,14402133
3715423,15358035
11451495,10863208
659856,13271481
1937390,3301455
16524197,5757627
15969470,14209435
3923852,12210045
7640315,13242486
9602151,14921572
10018065,3562485
6406963,11613705
13368798,14794645
16727391,6141349
10369806,2450174
3304798,3627588
10069170,8252385
5472310,7109356
162491,16113980
3811191,10422764
9976800,4460861
9222238,6087362
9141020,5413960
5879282,2208198
11886288,6460421
12057068,9959598
14734326,11570726
2246422,7348957
7636607,3393152
6420392,5997365
16324654,9124932
1737687,6705685
11767167,9736583
10537773,8436095
4205288,9051708
12296113,10774336
4235340,6810222
7743371,15248877
4391710,12832979
6041969,1842693
3686614,1540790
3958513,4719302
6655702,9548239
3555230,8097268
7009925,15819228
697155,9168041
8681194,15041095
13744561,11279936
3231722,14162062
3153088,7793271
10718067,7349735
7639960,6348521
1086511,3251957
15478707,12661560
3878977,8663891
5690646,7446584
5117892,11224412
11158592,2793882
14546425,8118429
9649015,11312902
9597444,14857176
8025652,6656267
1773680,6597225
339253,4409282
5767685,10700028
10581294,2030239
12186686,7108476
7629648,13498935
11739599,43866
6984405,4561269
10069706,2653765
13116448,16266893
12926019,6295809
8615297,796000
12274770,16061817
9494466,8958242
8664607,10182488
8514004,5175220
16081386,15380450
16219818,1376074
15045389,13051808
4686552,12541767
5450684,2523610
1266144,9121166
7201479,13868858
9548098,8076824
12919101,8052398
9747428,2441093
15561120,12141595
1887002,172260
11811782,5160149
13062212,261757
1040274,15621037
530201,12955069
8538152,4364336
9279913,6705017
7485710,12480231
13489048,2260358
7182195,13577511
6321802,12014457
5048838,2802593
9651910,6477429
14620897,4633302
7610718,4253215
425441,14185245
11501420,4978250
16205323,2031069
1813255,14798940
12126513,2158784
9928916,12313910
11914303,3292437
15146122,9751518
13094279,16082163
12990552,4123538
13503782,12711531
116991,1287036
14837023,16352340
10197137,4696891
3108405,9308227
14301541,13463912
694322,10791616
6351464,8685497
1852610,2693139
15763773,9219274
4765152,4467947
244935,3136469
10271391,4993643
6522837,13437599
6515345,10085375
8735900,5804312
14266823,4449747
5824765,13270917
13165220,9492416
14145194,15295954
3428698,2681081
10541736,5362617
5887768,12287474
10986937,8423643
13013988,15589644
5903102,2292751
14041111,16175590
14449377,10960511
4435036,2736345
2157604,3311814
7319624,14993966
9348083,11619725
3710221,15964168
1332173,10697651
6067936,7506457
9506036,6804101
8836942,2754968
5192706,12727497
15748373,894850
13071053,15805309
6364122,1670370
11561627,3431695
4532432,13656831
4008703,12417227
6704090,6734333
1962090,6278305
3045697,13668218
4645452,8022190
9140596,7704124
825483,3481762
8569510,5355718
7874640,10531959
13374753,4030869
6274229,4752780
6187902,3242639
45871,5387634
904667,10488726
4429786,12462557
11496760,6487972
14150561,6560695
1903427,14393845
12917302,7528937
551154,8022508
9163127,10480093
1217566,12179705
10885452,13882468
11805239,1088046
12266077,12194744
15513424,4982849
6075582,8878866
11763793,15759777
13587030,4658758
11575222,1605856
14255728,2362063
3584082,15582761
15272418,3050581
11463286,12713400
851319,15992342
15815346,3532122
11443574,12273848
4632656,3559695
5328194,8717536
9003679,13701166
11733940,12747494
12808989,4557361
6483927,11213370
15302930,7021313
10604382,7358937
15762837,10767169
8165575,10523307
9859017,2256602
5650318,7122306
10671238,10023172
11133567,4148639
12224056,751434
8512487,13721869
1540927,5909911
7815757,12503357
7007001,11747599
16140011,3483758
631928,11570094
12510462,5451778
1711171,5047449
11201829,3566390
11864699,3687017
16136880,14887183
15428413,10033149
14973788,1652044
8985617,8658175
3432640,12244207
9299391,1764223
7487278,6642323
15044969,10970426
7681227,15665794
7546635,3882767
3087071,11532663
4755790,11423076
13712213,4601506
13982982,6889792
7228892,16731885
4484714,14144854
11242766,11951344
14669935,4989175
3986085,10751240
14378608,11599142
1604990,3884781
8387201,15211086
1965887,13763846
5419270,214526
15974805,15196758
4120655,683735
10168418,4755771
14552466,1043820
12278262,7118699
1781398,4301355
11425921,13888818
6702599,4697618
16117400,6767765
3044906,404922
13835577,4418882
13656478,10530084
2218679,10746248
3630133,697918
7481097,5779525
15612629,12246232
14030409,11418372
11415695,7400104
9687241,10809858
10836603,16389282
690731,15078246
5899719,8683804
4885318,14977110
2280707,13849225
7616514,16182855
10413230,6486417
3671921,10563969
4852501,6505402
12537739,8360278
7565462,2506360
2541160,16413856
8136011,5067847
1210055,424859
11600032,10782107
12276986,16142346
10272224,9187997
7639723,6282047
12256641,10628004
11378882,12921219
268037,2437197
1601103,4626219
1895370,1240541
14049438,3263661
489191,762862
4138889,7623527
9297506,14873845
9939612,8682349
15332231,14246584
8857006,9970990
5150568,14125243
957658,6262638
853396,4991556
15752952,9397338
6972138,13594652
13411599,11358253
3719879,13085789
2032435,9640543
14121503,14831097
13720001,4572067
382678,12109642
15761566,7818963
2412196,1636570
14929316,11435132
9927112,3115237
8089431,11654135
5619043,1168669
14722360,14682741
2107651,15155371
5038071,8098897
7189953,13859798
7965344,10275954
1475733,5218670
854732,3801296
2283125,13467326
5433924,9273867
12025515,3450666
7850008,2963832
11690296,11642183
15827570,4775605
14461771,13260991
13731162,15928749
899721,7628372
758383,3602389
13785971,3653673
6743494,7183164
15984130,1629831
660000,14235682
14584433,15103095
14577515,1636781
8603841,10118176
3628001,4169367
16507101,663588
11161144,3145677
6923613,7651254
10656826,12780466
13545462,434578
7036248,6076412
9725293,6397949
5892379,2089375
3724726,11319269
1708229,15979151
16643698,2660957
735723,6484743
5150060,3814826
3417096,990759
13391655,13470392
1879111,2461541
16145545,4363533
3559731,16602379
2500335,8109291
12488254,1668099
4719350,12038496
8910073,9595170
11447813,2952001
1995914,7604528
11260369,10559645
3344861,6855487
6836130,12312974
435869,865129
9882082,15492497
6581404,2481113
4854230,9772337
5226503,4250472
4747646,1819937
5434084,7720002
5266650,8710605
1704097,4706594
8171586,3090040
12241274,1013712
13646260,3059363
8628456,2317004
8191725,5346402
6834423,8612737
10665516,12885948
15764655,12357123
12582352,3194907
1332033,3720033
3544136,725136
13834501,5009434
735107,9757726
12864678,8206889
12413834,8928325
15131244,2258894
1122578,15256723
7024938,16698779
8575367,3652503
2817562,9084446
4990909,6385169
2729308,9064760
755036,15915391
12449861,2098426
11102611,11905951
5889105,13936442
16717820,10879907
8683561,10182337
16667154,7937064
6424692,14630912
16464581,14829290
10848293,765982
9618627,6498710
9458574,4873567
14585409,14737006
9006732,14688475
12881729,7633760
3307867,3799328
9534404,2409755
10689025,4353870
14978890,15031566
10821021,5789610
4815254,4480180
6185169,9339810
1138796,9341691
8355616,12649577
5056845,6500981
4594775,5527087
4108538,13674313
14769466,15180937
15384386,15694204
12857272,1111481
7348885,12652453
8941100,4407548
107834,13221960
13558065,3056224
14821142,12149046
16245738,3995263
1140240,4887659
8185713,9779655
3631963,15149096
13681979,11235433
14359040,9141655
5466199,6869902
11870387,13075377
10346853,2448473
14708987,4100599
3708732,2529587
13258731,16619297
6762468,773843
1424668,592554
15364665,17958
6913399,3867287
7808213,6173040
5375989,11007304
7744783,7263044
1961471,9146661
984299,383341
12495128,7589207
3919146,4107670
1506875,10065411
4226764,15862222
2419432,4439963
10081394,9319813
8061764,3110899
3229184,11796069
6815824,13956760
3599030,5634093
1069356,11983086
14064163,15838182
3061343,9793385
5557196,15532791
5312484,2303778
6645821,9298387
1654698,15140032
11937381,13458535
6090773,4513714
14778052,1372802
2401540,13854689
3148206,11351209
11783362,10701991
13154198,9355478
3498924,12574657
13069198,15895502
3753520,12566185
3698919,3814771
9783730,3944196
14160614,10167415
813559,6854033
8535413,3490601
12537175,3217231
4132225,15670154
14651136,4078089
5630916,9357554
731593,12156044
11168914,16292889
4039180,11374014
1030190,15355210
179508,3894666
10506528,6168483
10163915,12368239
10011795,4854332
13599943,3199792
6329886,1768185
1325506,4919121
5360511,1846222
8764914,1607881
3834761,8047294
4957151,5593058
4386524,3190616
8283876,12116479
12537830,12451316
3437982,11804645
5974895,9829352
6918341,16548387
6235940,6408247
6739221,16397558
3839907,6882795
14627557,167283
1136395,14398564
8812886,9836568
4269266,6352815
6888956,7887475
4720074,1067763
4391093,13530842
190379,14149400
13876209,11350870
9592812,16449131
10901869,10248890
2480866,15481948
2869899,14667539
12857751,4178757
1271009,3654922
13910860,5106635
4874138,5626586
12951409,10908167
7093465,7719979
7722358,118879
6154210,14702263
7405502,12294010
12336836,7677962
13843153,56603
2175436,11919572
958065,9263610
11509160,11989173
2566388,7714715
2651552,592086
1733967,14048557
11082714,10103230
10715350,12402257
1167209,8383844
2314355,8894870
4724482,14328890
14718203,7447687
12891526,3810294
13688573,7759787
5525962,14913814
14334196,678494
7459749,8848225
15144059,4975527
5743388,13488190
15257374,7061648
8266689,14524491
3516694,12132214
12097667,11435119
10845909,9967883
14402758,8525404
1711524,16123862
7276649,154445
2774458,13171805
10449157,11015701
586165,16371603
4924321,12588784
10474621,14775573
15416705,11245433
13469113,7303953
6167573,5266809
16106690,14928551
754351,13818377
377572,1655039
12280092,15951348
8618758,16785511
982537,6517617
6635547,7878900
5350683,6796621
2828864,1921196
9790350,12671769
884603,3445200
3161233,10454809
13702212,15619728
972419,5240716
12024586,11577542
13856711,194466
15895003,6772275
10410955,13226302
3730565,15578681
9414388,3214126
4681028,2235269
462174,3661492
15788403,3821148
3759235,1664108
5578065,14203999
12117428,1968734
7020373,7146011
1152391,11784259
1213129,13895751
9876199,11811251
4078242,4289291
13789339,9606072
7953929,10290299
12294074,7132989
9462629,15706986
13480542,11745767
14214314,1181498
15660840,11988975
15127613,1614505
12897531,12485332
16618399,14736971
10900597,16517161
12298890,3003005
14218030,9808894
5320734,5716690
10249586,7235138
6198263,11112571
11580679,11448311
8310337,4718339
10726509,16172422
7177697,15475287
66904,10019582
5034,4367545
4742319,14925518
1943534,11528242
8597603,1021777
15337051,4183534
4050894,7411898
3853144,8805876
7210383,6277417
6343308,12425251
4000823,11975626
15060327,7452085
14235581,448973
13744611,14269719
8074362,9641403
13340207,11818459
4084669,3719382
10070462,13908230
9968171,2659287
29556,12211569
5406657,7623618
2682343,6792717
12579684,9215474
2855674,16648628
9249991,3750459
10754328,5118548
15254723,15609010
4715694,313605
2119102,1637557
10698538,13721444
14931408,82846
2963224,10994352
9373718,13339102
1799103,16573024
14019855,7983445
7297122,13826589
4243991,15362701
9438808,8137502
7640053,14825526
13205935,877769
10140292,2894523
6740837,16195622
16638037,6478948
10024471,13137812
13926786,5401360
1997134,4544727
3574913,16426478
3416909,3937374
5712870,6482354
10694805,10796813
14897341,11441281
16277290,13046549
7611859,13940564
1365128,10206298
7012547,5735911
6796843,9200355
7543042,14270951
3385869,1255735
6417842,10287137
6632329,10188940
758317,8717554
10982453,1123601
7738632,6947532
8687405,15920838
8184626,14713783
8661732,7734637
2358782,6849083
9648927,4286568
596781,8813004
10106912,652880
6659894,6884862
7104133,9000966
3161462,15522140
12045713,1678624
10131650,12067411
16614273,13228701
12873420,6330967
14432377,12721580
2903171,7386355
1238804,4691675
212472,13162219
2281508,14993656
5617595,11150338
4107938,7081931
3116020,5888889
10430388,1807
2703499,15169439
3116194,11134073
16643499,13468712
7749378,4395147
5070121,2592980
15712059,1021360
862577,3412573
15264646,10220867
16416679,5916694
14414881,5609438
4892298,1061336
3469274,9323219
4725705,1363140
2257593,14709364
6834932,1053685
3018304,14717424
10389457,7723681
15095303,8760315
5886748,15144675
8764915,5694687
8233166,3589346
14102976,4570634
14348566,14148874
3002141,5424593
14082281,15469886
9638781,10409134
4831617,12914353
11642883,7330415
4848770,11094987
2514983,6414386
768748,5324821
9186099,6026878
4739992,541436
15149675,9925940
14628339,12997357
9695726,1679749
3474648,26718
206022,6866855
13207303,13182910
6520722,14924876
10317543,2430029
5442236,9607598
15305219,1098711
6764519,5748332
267519,14362881
5985062,3409681
727178,1933357
5959692,6649283
1806746,1352625
6465679,6935443
3525418,9856958
4794052,15064722
10195669,13000962
9568354,11653128
442649,10072449
4261382,7300308
9278521,7917171
1764365,11702245
3358026,8494854
5433396,2171757
13189757,4247279
8122466,12643713
10580809,10907222
10905936,3010400
11484725,9588051
10617920,7812170
15268815,14384757
7032785,6996102
10342667,7538718
8264940,12900123
2157989,11584442
7624295,13924024
126121,6830456
15485253,2910847
10979247,3718550
11389351,12968938
4600698,7341504
10372439,651306
10732911,11490151
9132273,10690288
12445246,1322874
7021670,14485774
13165531,7261619
9311121,7107378
3237011,1764453
5762707,16459991
14909898,13777999
8876444,732832
6605763,6007061
15413930,6676689
15767995,4582656
937095,8216790
1306506,6379650
3129605,9768501
11167467,15026892
9313693,11236678
5991928,2735611
8495115,15391454
1095575,16447925
7315159,1531640
7853808,7186706
7091640,11472307
7157671,14338917
14963973,3789263
3223955,1073955
9421729,2355314
16114482,12305285
15807010,993767
13934071,8617582
9154615,6442732
12217097,176355
7718118,2517009
14822023,8442523
320673,4886762
11896203,6687278
4283226,6626158
15217500,6710927
15324898,11694558
3799660,13036189
13147260,4105024
15721938,7407416
6521866,16397547
15610071,5652309
9631755,11103778
10926504,10316178
764727,4178099
12000541,16109041
7413287,13516748
15802898,12599764
1331027,614220
1066544,16348615
3986486,5042017
4260810,10317050
13971708,16791684
11539563,12372602
9176143,2429480
13303470,1724517
4255074,16523683
8183785,2673092
9594791,4391527
3134043,7915952
7605874,12821571
8728083,5186814
3509818,2692460
9706632,5749533
1196809,193853
16657971,8196653
3976143,774239
11845510,8982085
10156577,1440961
438860,8829507
6140391,5662394
2467900,10702359
3791770,12325385
13417916,12229001
1632265,8278196
14485554,11691837
12233254,15267507
10110222,13993526
5857776,7469947
2339444,8889670
14844693,1965466
12703166,3481658
2940611,3417103
4227000,12864169
9605196,6533694
3996336,986302
12159952,6584446
14060161,3870040
10812856,15091707
13277299,13009225
16520323,1634746
11715261,13246834
6622448,1706400
115279,8341527
2119325,10218983
5590382,10428310
6682447,521333
16627268,3798294
14642997,274856
9849756,12939776
10394296,3661219
16319050,6022112
2215834,807629
12438723,8198160
9050554,6109806
5941568,1373839
15749132,8303418
16272709,6486506
12928361,15791846
9455810,2635920
16497086,2614282
12254135,7527254
7408510,8916172
11039444,15503168
6356435,4193579
8058616,5977053
486321,3831261
2224800,7906984
977630,10447697
1778017,7782524
9454254,15507088
14321492,1893819
6371619,1592167
871768,12252432
16526812,1611045
15805940,11992556
9359731,1879732
2564285,15012687
7876882,10600109
364396,12393497
11083893,4742922
9144628,10547904
742324,1695911
8006835,9107273
2542567,11388106
9511750,7677832
8159447,4532689
15868356,4499508
4910133,16110733
9826836,5536575
947525,4008346
7715246,16558388
13008790,11581258
10671065,4787303
7477003,16107279
2371100,10661384
13829987,624414
8221792,10361960
12348319,4753552
4404402,1417499
15222151,9910415
4206033,4335534
12393647,11335948
5919182,12111995
15885190,1453078
12387890,13963170
1093347,1455841
3001674,5027029
1387282,51995
11720930,2470272
8206567,8299850
5560118,1985277
817044,15394056
14598188,11572968
9256787,4222849
9487897,13263045
9278682,11872897
13451557,11960415
11991245,10352307
16100643,3388882
3374889,3739094
9127423,15409574
6734097,5305270
11847749,4860198
12669507,5395427
4098025,106977
11788744,13108346
11861231,12256314
88796,4934614
10210048,9019703
2403821,15673604
5070526,6175143
7774998,9555653
13680110,292254
15156466,980059
2990778,4997969
7619367,5032193
14747912,2839004
5400116,837473
210378,6785370
5246621,10606589
9022915,6430882
3304189,9643650
6052139,7212456
704895,7595270
15750950,9326146
136033,15563890
13052422,14425196
9527288,15516657
13126953,14990871
2254451,8668586
15645483,9611212
9517638,6551172
12911787,3486513
15244433,16505745
5685513,5118141
14062389,8271162
14543808,4422329
2194235,14063284
11722670,8316459
5465580,3960242
1682189,12941795
12013853,6237476
7909717,5590557
10181684,12815489
10435124,16643894
1566929,5088370
12577735,3407486
7660278,6138088
13060337,7190709
16516956,2895778
1246782,2747188
16090995,10206488
4450630,4736623
14323087,2914934
15589927,6011351
12582515,15802394
14017301,9666990
11285994,14272803
12128221,11226795
4423443,5148399
8945694,2307900
3197737,15491070
11455727,1521173
15563488,15862578
12188962,3757350
9404719,13210407
5654959,6556612
3785181,13459934
7033798,12932133
1957274,4596678
13204500,15591007
13388140,1169880
16598841,3796748
14140882,16698924
6460036,12149129
2591259,5436947
2920760,4417074
13737649,9114743
13216102,13851792
11829907,1483425
6239767,1791822
15902370,12481804
1405741,14071818
11456128,10790302
10879981,1873934
10318382,8947677
9123989,14193522
11925287,14125014
4698910,4427356
13288957,6936668
6961053,7354368
11619238,3333196
3921922,6086944
9026478,973147
566607,9617728
1448843,298180
110015,14575500
10303373,7079530
13165658,1255429
13724184,16751705
13704124,13969084
1751708,3462318
8139649,2511191
7161111,2128986
3331747,13467428
15508176,745541
9196509,7309495
4978787,2064978
6158242,11505855
12389726,11089513
9146269,6263179
13439520,16448853
6191207,14347271
5163737,7129810
9768185,8026638
3793049,6363646
7671357,12822399
11925781,13989274
6692373,5035962
7204071,13755328
8674242,15256903
16049600,11743956
7085267,703845
7390550,8670699
11354598,8491329
8768636,868944
10817009,11543196
12621932,1389308
3631189,2189764
7939864,9916687
13980756,4571790
5782931,5271715
8062026,3631275
10933724,13726192
5564005,14331861
11435521,15868704
11936636,1316267
9752043,2154668
14074171,12428870
2661253,1935128
9924968,1242830
61101,162478
16600282,11002915
7305044,5487351
319284,5789169
16607008,5065066
5649721,6064192
10110893,5971669
4379773,7750275
3056025,14042117
11571535,14332884
15766671,2861090
7085637,21228
15545088,983694
2476452,16738051
7891854,3590297
2540115,14233225
7508922,1941968
3423745,10101947
7544361,4582144
4087019,2440843
6296439,2536255
5465183,2152644
13481407,5698503
10569381,15907770
3660428,8892070
7354600,3695
5608783,16027471
13900983,12762541
9302901,3339458
12373278,11931629
1632548,6034096
4682316,10536380
4278779,13896105
7679629,6617348
12138407,13987389
5058845,3177973
5087926,10650933
7192850,10767537
4850683,4207334
2158930,11260739
14703562,13444804
4361688,5312161
4925048,6301827
15366841,5540768
5080306,3800801
6300073,1590085
2448252,12309438
12378790,5409148
1104469,10096943
4477307,8389969
3498407,669503
15233433,4589976
11537307,16270126
15465623,4738664
13646925,13274212
7504437,144601
10738711,12252553
3430831,15185690
14962816,7965790
2768947,7780866
9446320,1489014
3934681,15435275
14125354,16659455
13566350,11456245
1483400,9985281
902438,11085157
95183,6996376
15972309,14739319
14498836,4796404
14486588,6857738
12777027,3090882
10710874,15842063
225248,9973378
5967802,15651329
563558,919590
9655971,6878315
1606854,1277918
12308396,14186155
15590367,14229339
7276162,14847914
13484859,437451
4952655,1100932
4370315,9545910
12286676,6340750
10745123,3339726
15583912,10179070
6576738,5589483
13507844,11694114
14415536,14831264
9417499,6109182
15149183,11724578
14045958,13530407
11484187,13370369
8626835,6209267
7531755,8502718
1527597,11422221
7556179,12368264
6299070,7443162
11149419,6917538
9040056,12265676
10644948,3311807
9471436,225323
313628,1904516
13389810,9439870
12725796,9027994
11338770,8588540
2243674,8331953
1570155,11420082
10169588,2696528
5385083,3365786
3953087,1827247
8649328,6824472
8278007,14406119
10855933,9675314
10747663,3558355
5501197,16397299
6272199,5153946
8229514,15592138
1325286,2152037
8640781,6214874
8741445,13121108
6063702,11966075
15470152,3567416
5663029,15496466
8875279,3261375
6487504,2843253
674044,1066330
8024197,6111003
8190948,4232681
1811693,3731327
5949726,4519734
7654017,1944007
11367413,8180100
8837215,2720572
4938807,6999946
4545202,2194234
4371584,5313184
13352605,4033222
1588593,10117763
7110884,6867730
2888424,16359242
13161009,4159215
3194201,9381527
1583857,2711149
1937455,12067281
14092824,9948265
3511326,7759143
16551888,2182029
12365120,13228272
6972067,5078734
14403121,9753023
4310981,15940398
9902200,2551590
12738317,8746800
11677121,371743
15806141,15516607
2804274,363823
8503492,1938507
5144354,11976135
225464,8729088
4211513,13433694
12757865,15138810
2239979,3571147
11272276,142260
10601218,1403117
16571455,7695491
1794890,10597338
16157158,11214448
10681618,2778233
13005385,352480
200247,3236769
10752212,493894
8120111,16596637
15187798,13868809
14192991,9306713
5143365,3415695
12062139,440242
1237521,13716806
7513733,13093268
1962400,1040667
315184,12393691
7297140,8371260
1577160,51793
3760806,15413525
16767978,15591547
8046706,330666
14159594,8591213
15063752,11447196
2199293,8329900
14419192,15958677
15861553,3154248
1911477,9432527
11110065,337504
7968662,13758814
13905973,325385
5978992,10471070
16456760,14806308
1833486,13866133
13082451,9710777
8820431,15038392
5593073,12739438
16363000,9509795
16508513,417510
7565628,14979194
16658216,13389950
12983128,2314974
11613216,10880378
2347794,14088163
3075887,4560045
10823013,13010513
7928943,10509182
13132163,10497687
4343320,4239908
5757882,7876970
3580979,12326357
3208445,14073870
8318151,7970632
14924176,4763034
7402100,9991505
9615822,7253347
5568835,7993645
10365790,16242015
2554008,775886
12281484,11385309
8360097,800357
14195970,15513990
14513819,11451050
10825859,9990011
4981949,11716448
6685763,12012345
2288547,13917130
10561701,1308554
10178315,15958417
1835493,9714017
2779242,12688871
15634985,15401987
9533720,14038944
15175363,14323538
7859231,6528283
15090990,1315594
2084111,7770900
12980659,15285686
12704430,842910
594905,12629036
12405393,10153441
10727468,14396617
13051550,15274991
10555206,12836893
8654464,9434356
10157684,15814631
3001904,11803171
1450707,12127566
14696386,5825268
11511988,14213640
5659839,16216903
10946391,15449852
6176696,1373754
5751303,2242758
5176891,492502
650918,2428271
4466858,9385965
3591091,6902850
9434215,13220036
4033522,628827
1452919,11968984
6326936,479459
10456372,14366212
2323400,5080340
7881711,176022
6496351,12753412
6474395,10309179
1973724,14896786
7421811,15087428
13001302,8417995
4870904,2040821
8520649,10278230
15310969,10277274
4310751,4835560
3338308,4958162
3538016,8717262
5694638,11758676
9300329,11727320
7051086,1035724
2563720,15184179
5090743,11761035
882853,1013402
2440354,10377437
6952945,12614027
3640796,11893141
9638315,2643248
14802007,6116027
6659961,4958217
4064624,6499645
392247,1646856
3293479,7323284
6307535,10274969
13272669,8895634
13816990,9006668
14242521,14659235
516369,8849565
12869315,11093267
589915,12021973
2296919,5877584
6667186,15727322
14908959,12866984
8157371,11768086
16227207,2554132
9946308,4326011
8553484,3078844
16136492,5030624
10117790,5825174
12881423,11890825
5652150,13424717
15328011,8911801
8361047,16382677
5976939,6724074
8124619,4191196
9444855,7527290
5412177,9068433
4698582,11209059
11265838,14736164
2770893,9988713
15944315,4382457
4650958,9917208
14329867,565449
550135,1301552
12820181,1396423
855639,3801591
14959581,1077750
3937184,10425248
6428292,11531770
10522502,4699444
3527357,1317297
3101318,2914429
13062578,3210532
1758165,14402934
1337358,10155766
1970570,14116557
4077517,5620883
12328175,15907917
11676446,3270590
12677634,5015114
2923761,448834
7507116,16533687
4925448,2722487
15759642,13244881
8635952,9614612
3441272,2248301
11012757,10273075
15218811,384768
4793818,3457779
1325285,393707
14319511,1693692
4110765,6123232
6647494,15595951
13852315,13648332
1950184,368218
8761400,1010842
15134309,6602060
13134294,740574
8345200,6212550
14078350,12194061
15278313,15931407
9387605,5593735
10886400,15517928
6198818,5624800
11394285,5917795
14764284,15672733
6051023,15335055
7066977,16627598
11009681,13626434
1615915,110971
7891144,13991097
16713944,9611323
14479968,369686
2326660,8516086
9132906,12303234
13612807,5211048
9671276,7559875
11402989,11179213
1146378,9195849
12985959,10335351
9869154,11110976
5245086,5564841
477746,15651624
16150641,6367651
10098531,4309530
5657113,2017156
1265457,9567380
13237907,854569
1507707,7172177
13849237,10754241
8610588,2840694
16122310,14579733
10990465,5063197
8670820,3689737
10769253,3162069
2051850,10498926
13296452,5083198
10268016,1584252
3263473,1180027
13525825,5049732
12336849,5377654
9627231,11975371
15046317,5480958
15799571,6844562
2146783,1285028
6838015,15914953
6963816,14821064
16019205,16033010
3454868,9993251
1549894,12381417
7903882,8718897
15653307,3423668
6626305,12797459
6973566,3337807
13541028,2842974
14029554,12648294
10798979,15137036
10820185,15621327
1086134,11003363
2288042,16561163
14383587,4622640
3650320,15589345
12303316,10795790
13034746,9229868
12263565,211017
4334321,15408404
10407011,9131928
9781375,8238089
5933023,2163126
14690544,11485690
12765894,7298866
2549804,15924829
13502196,10906377
14670534,2191137
12980002,10501368
12557461,5569396
12111189,15541926
10963174,10484329
6954848,779298
186335,15096505
4306751,1717154
9586049,15043561
13459405,3507004
15499446,4922299
13313378,10488174
12720775,6006611
11603942,16206500
2800980,8003446
11496620,13344023
7314597,12749070
15319767,15315233
11863887,8875222
676171,13493783
1447467,16765682
8052603,10478381
5474657,1107908
4795841,5922481
1017263,1189553
7956920,6704214
9726943,3976139
12725669,16258568
7312419,13781973
3011449,726526
5465934,14355743
719706,7805999
14032462,1124997
8606401,13377578
3470241,6710025
12485048,675549
16747092,1365629
8906534,6104594
630850,10260639
2803754,5467433
13205065,9274016
3061361,7827031
13180305,12778316
9010990,15110178
6141006,947326
10634357,6924829
7360206,11070713
883238,11295065
12314543,5946107
2812717,12128334
14047520,9377355
7524416,9658625
9940176,16081191
5421818,7327743
11401381,3615252
3015192,8904809
4996528,549900
4375491,3814513
9542913,15850564
14685139,591629
11991475,3759609
14726333,3357641
13116898,6187680
3361547,2629748
2828482,10309968
10095710,10114616
7053834,3504185
11796567,11229693
14015548,10252616
14754174,14034734
4214057,4929427
13413048,11055826
3857156,697816
8600960,15504804
6899211,14754858
14428833,8759713
15641266,11543205
10346268,2950982
13896676,15763986
8073544,2616275
2088074,11003603
9014578,667619
1685128,890169
7058937,16711358
7751797,10968997
7529793,11793150
9125262,331887
5597373,10941097
3029375,11951531
4758545,10537268
2071562,6868859
2444737,7382515
16170210,14000138
2824977,7130747
4784372,3668601
5207337,12669398
8822603,12067477
2334654,8068506
11332995,650112
2903037,379683
2187494,8633093
8414288,2692552
13006023,15632188
1956446,315348
2780595,9738552
2193768,6475059
10108569,1457324
14177689,10430168
11320865,1482427
1269698,8446293
11426474,10068412
6025405,2122025
17883,11804880
11632065,14663244
2811324,13045929
11518025,7972732
2970230,9183385
16452282,7325753
4658834,16036918
5387452,1998729
2032062,10216741
9213173,1076652
16770659,4684181
5752411,14244128
5602937,6690180
2916689,4669057
5625220,3711447
4480409,2707038
8319683,8839754
1230760,7212848
4631677,2039773
11441813,968440
15863537,7204827
8568772,761408
2302807,11575041
9731590,14040473
4243355,11548683
10272542,11291234
8783148,16449941
14079954,1873452
4824659,12755874
16397015,9251836
1500956,2142114
10208746,9248045
1145038,2058502
15170529,6628415
9630027,11977168
4852559,3191077
9794058,8409211
16335770,4417117
6405179,11391582
11425671,10228267
11394272,11728626
13597114,14459465
643522,16774121
9710347,1010410
13460078,13328658
1836510,7362551
6960672,9377021
15178008,12467685
13670779,4499954
4250927,13560435
8514688,12179546
5254198,1032523
4018755,15634593
3224470,12002139
12171907,11759724
5108346,10251402
15843832,7124177
10646067,16767620
6520257,2191707
15823757,2771069
12364199,7026711
8046675,9304312
6368725,14954367
12637889,11306862
3381518,8888196
4456501,15616860
10697742,7560401
3265204,6813336
10470267,15780826
1202023,12645029
10439561,13770496
3823298,13530283
14197469,2153942
11332109,9480021
7794313,4153236
628842,4473961
3891745,3229920
11906344,1501144
10907854,5038054
15134811,11263552
3995374,12848373
6024659,15777706
10969917,7714112
9677138,16530513
2682624,14627441
324490,16719495
7951704,2511594
7952802,8778708
15915166,1998999
579283,3509217
549533,12240286
11121846,12231413
1895795,10608449
4309339,13748935
3998902,12920583
5926186,1623929
2116097,542131
7974555,3119822
6854225,4000815
1988445,10016950
4686103,2321202
7783198,1426326
13910292,5898266
5170622,8800037
12249049,16095780
2153072,7179769
2055594,11173362
8928420,9199495
14368543,4672262
4377923,6178457
12310372,15931749
8976834,3528621
4336683,6059460
15328413,989011
966294,13482735
8272589,2802864
16505500,14611711
1578378,7992140
10361997,3533004
800231,5013187
3035207,11076158
7693198,1464350
11887540,402124
13719866,6066123
13365444,13959280
15841456,3343832
5493633,7414935
167199,13102408
4587729,6472375
12892988,16078149
13689875,8704972
8960575,3564043
6113269,3146595
9813188,5040910
9784469,15402572
5610215,7609722
8204994,109318
13635555,117011
6702312,6281139
1745090,12609561
8543912,13996849
2382492,1142819
3105018,355098
179258,16324542
11447071,16541342
3081144,263607
13305897,10699429
11200946,10189149
14193232,11613312
9452405,5231820
16727561,4109278
7554299,10257979
14543942,4960575
15702115,4931602
8760116,3918021
11478072,2363516
8839370,15650292
11427978,5601729
9006692,4056845
15705465,11178352
13358548,3889817
1558270,2291766
10171090,10605152
5651054,2580991
15351608,15898848
2911263,4114316
982369,1606064
3664989,266856
1773589,3553593
13947496,15794322
6583116,12214333
11907040,14502128
11827073,12422912
5126158,16203818
12796325,7200481
14175190,15498653
7752138,12122368
15017653,2818024
8439717,14792476
12772114,15405772
5325335,15601618
13612202,8904314
2790235,2438735
7280,2535909
13626317,8237788
8614534,3731434
9651031,2241086
12235809,6105471
12510977,7394460
2807831,496916
14433765,10518965
9099470,2521619
15833352,9773546
2948571,5833275
8110968,3708981
13435757,16124362
16133059,12734461
9745926,11348212
10976711,5173106
5132524,13362691
480652,15638866
7577684,731390
11588919,15430183
9538604,13326558
1368738,847439
8145716,1470821
13172471,383701
15828634,2540035
4645594,12664877
1958895,1662345
7296320,16295504
7189050,9455152
14150454,11247678
1938439,10636853
12393821,2823150
4415751,13424952
15335004,224494
756539,3700507
2611979,4062879
14774086,9765550
3527502,13558380
1451726,1852492
3068414,14687422
14905519,9776650
9956465,13150663
9213118,16555767
16772675,9916260
15390726,4510941
13282213,7838952
16579062,9712275
10122932,4290393
2804500,14297935
573742,8866
8881816,7336099
8607282,9305208
14379640,12974428
14542877,2030603
12346130,9743740
13918456,12458802
5053416,13482530
16544605,8387296
4245039,3775434
8001807,1814246
9945710,3092340
3440649,6817327
11386241,1470063
4196768,11829570
14656403,4600711
15346742,4775666
13163075,14397971
14339887,11793577
12170703,9362254
12584626,1505806
1992997,16637894
4967763,11509425
8880308,11147619
4665034,2293797
7830170,6327242
12758061,3494287
13011471,16540880
12754623,4133531
13742925,16304802
5435812,14624783
11404389,16554601
2933975,15372945
10947101,4331699
2486744,9221236
7380374,8976243
5017450,1225583
7009408,4491256
3901433,10441440
6956872,5578377
14616254,11090739
12077108,12424245
1090183,9240772
8772925,16275270
14717784,13054365
5559787,12894994
2783912,870861
5881951,10258321
2168859,13951418
9683886,9125533
15100883,15104336
10669242,7895996
10630772,6099573
2560781,11506199
9938289,136513
9618312,3321586
14888192,9815893
15424051,7905195
2468204,5652664
11222310,2669473
5899447,10587798
16537179,8132274
11292072,6216033
4471634,7749805
8343961,1373521
15647736,6472589
11552900,12629037
10033000,3159965
12257352,3191639
5144628,12040274
14486385,2157666
1035253,1460594
1358149,6990467
13442216,15524464
10270838,11144078
16520681,10228453
2877269,1534357
4964495,11642627
2634720,13993206
13570015,16772952
11760624,14988680
24246,5073238
3791876,11652866
13510823,5206497
1342011,13892877
16635342,11049112
4487020,8928475
12727960,758975
10223600,2114377
2395364,6288783
14764334,3610530
7763251,13119866
2626824,15673824
14502383,2781758
16475829,6493074
6253929,7866926
6452953,2866207
1589588,15731382
15501058,435425
12498638,15130475
3136093,12905695
344212,2602858
16378609,13843402
14847888,75134
14910448,5315824
13360238,16597750
5294264,8036871
10452910,3074981
14221921,16497775
896672,13983239
3543317,11112357
8601393,2782583
16530956,1385633
10817831,10024370
5212343,12580267
2211277,5047925
15687889,3871455
1208035,11926917
3179032,1912835
14167982,8245976
15819054,7218755
7956566,10784454
12880128,11716189
4239829,1549733
8273655,1742933
7577024,15695563
9985977,12381528
9015203,4165018
15748760,1088519
16287228,12742352
11724569,1284931
9771770,4741750
960515,14557385
12547108,6172175
16280179,13776583
15780111,9015635
12038785,16415106
9363336,2344188
3219497,10393608
4088109,11413229
5782158,14794207
15863525,14674590
7732630,13508487
12535631,15224369
8827135,5400491
2271286,10220272
8226824,12043578
7828816,13281508
9322445,2238595
9474021,5957588
6796672,11178050
2471362,10382785
433385,14955215
14490388,3934626
14010269,10165674
8045948,4019591
1966750,12583905
9003659,1835498
10506003,3860839
3371994,16378972
336039,9986656
6772439,15019153
4132048,8876818
13417820,4183794
4210302,15191517
11199969,6411114
14532594,2804957
559818,3379561
16392296,1306071
5457564,5320462
13801738,16149625
7268039,8123950
12181205,1827121
8071177,14135119
9022761,11553358
10735154,15684702
12221513,1132939
11971519,15482412
10153049,12101985
14123178,14274169
7786574,8387437
14339523,14349195
10122961,15996747
852719,13573972
2546732,3753863
10696386,4598330
11398468,4224417
15776793,2296001
12328169,9467107
11241914,14282764
6871812,5609780
3161342,50351
11939056,10845319
3439711,362171
9341714,5265690
12616857,8941717
8592971,8435047
6752911,3168479
4384162,11947921
3281858,10130979
9432071,16512444
14088989,2569589
15880419,4187710
15151646,14749928
2982779,780344
14886017,13431896
7273721,15433645
10599648,2865806
15699205,536290
5663164,9109203
3544054,4758658
13373429,15769888
8840636,6893092
8782992,2447844
9154106,16200218
13322245,1713619
13071716,4979428
15764249,11926367
1559819,3385467
15457326,13077356
14855049,15715700
13320921,11705858
14392233,11199615
14337717,11922279
12795576,9580197
9766327,10142276
804567,3867107
15214763,8604174
5385004,16565276
10488307,7967735
1756865,14945066
11955711,3674688
6394929,3860097
15236298,16585823
5624287,1178484
4748992,7593363
2368881,6366591
545037,7883064
4027557,2994619
16391344,7588625
14394715,7543152
241833,2065597
3262705,16229591
9445213,13353305
1096066,12641930
492404,6495064
12737546,6278220
6145058,495654
14856360,14361507
11697388,10610256
10523741,10329566
5918876,12093923
2123664,15093181
16649934,8190520
14280227,9907670
21700,10228079
1182375,15770222
5320453,10859882
1735542,5518082
16515757,11437316
15062108,9258013
10528638,6826134
12512114,1249457
796766,5852152
3891763,11580675
15167960,6069379
6309103,9996261
14146099,10054113
5051122,6589424
7324064,13182035
3488283,4614194
5037748,8685345
13447812,4991396
8545104,13349744
3157542,6125411
3589089,2622875
7718675,13011491
7646647,13299153
16501113,15680127
8096944,14542617
4529708,13013030
7119650,8556412
11965618,15156100
4745586,15930172
7597425,15344187
8674804,15565020
431738,1099744
14668550,4114534
14515785,6939638
272442,12074535
9732914,5413909
13059780,2689323
2642818,11101337
15652550,1324608
14880225,6071680
5673144,15702803
2385967,8574352
1652663,12370418
13175298,9983966
3091001,4131294
15883280,11982749
9098334,2537440
11118472,11377789
14575152,13260735
11126988,5483322
2899489,14047035
8844676,5212936
853124,12975135
12708204,3866857
13326798,2096769
458805,436195
8389963,7428202
11879013,5949971
7542193,9853522
12881114,3148492
12004003,5826014
14914916,6251160
7622897,16037980
12866562,8065902
1841840,12031713
13651488,8963939
16636432,11973366
14520483,933823
13287996,1995998
14207492,11646451
16682152,9402683
5491455,14661056
7415314,8679432
16495239,14008424
5376621,3757399
13860564,8632916
7711464,2108563
4417772,3764097
11282051,2484812
13168669,6251406
2045335,6129359
2200443,14916486
7623528,8335177
5531470,14970130
2393017,15776563
5984357,13479156
14280252,8422101
7248087,1768400
4382030,15538105
12095711,14897643
16714812,3455227
9726986,10516701
6803903,7079177
12062228,5224515
3382799,10535740
15543037,15083817
15043865,12414445
9211644,231976
16239564,13438938
3583602,14546714
2298025,4284669
15118474,6336795
451922,16793039
11594986,13252581
12472338,7265425
10769409,7974176
2577446,1586885
13462928,6891625
5780172,9477065
5731111,7141026
7219342,11254919
5187791,6757580
13240077,14306443
11272774,16271659
3122680,9512829
8108012,8131001
2183009,4007443
8639752,15968559
12588851,3531298
7409220,1270029
3405225,7889649
6010096,3620632
10514457,5956889
15031248,4943383
9367260,13997149
968248,4669929
10281238,14933266
12227436,6739189
13459119,8741729
6992463,14015303
14926755,3232624
5917455,6787511
9457761,13656733
1669600,8400776
3698791,2756238
16664231,3332183
7669089,5614643
6883514,7414136
12308224,6841124
2333056,15297459
4132778,8132041
990689,16525994
2514604,16659243
11646060,4234245
655811,11718786
8377341,16350575
13788268,2847143
8331295,3079067
6168994,12021087
14904296,2351290
8034874,15931418
1432470,5464706
8304654,12491873
13858453,11271723
8802319,2647907
10333361,3853809
10671691,13316163
12657543,11306689
84581,10212734
3887610,5949741
2961196,4665152
15262686,10177613
9954910,16228946
16011714,1023818
11023770,32869
16184065,6825084
205397,11932795
7011818,4639603
15761058,16273754
3596756,9729884
6663093,5103616
788810,12619268
16317016,16762527
15210774,1976
6050829,10091270
5108409,2179094
2560780,7918836
12176394,9579094
11410380,16276976
9194282,11414675
2751799,11721254
16181538,5840874
6942885,8652127
2325699,957282
3742440,15336425
12243984,222835
4637092,16609290
13287923,4656149
13077626,8437591
16689294,9075019
13935951,9012839
8991921,16603187
67361,9878173
6963040,4252858
12334193,15320546
8712889,9064102
14197273,14147413
10677376,652509
6047669,10277362
12884718,14421577
10971871,7391244
6083800,8210467
6959921,1181048
1022137,5882138
10379137,9035098
6920259,4466711
16753714,10188903
15313336,15239945
11826462,11866499
11451204,15036699
14006733,6976106
12213452,3333473
4156924,512713
10551975,13460225
11218906,14790969
8097244,6272159
743912,2915006
8793935,3493985
1110925,10822178
16783916,11906620
4052435,8572701
13197857,14420416
4293108,8531731
6261696,4713406
16476847,10823421
12640241,8942326
11872787,15690327
9545533,10703981
9551336,16149700
7502330,968077
2286067,8152388
3420530,6766325
16309071,10199579
7013858,14198821
5399300,10269949
16766801,3359390
11902746,891336
6936020,9904084
9311405,10802048
9040521,14661046
14358450,8259387
15405371,4417322
1731901,11310623
12632606,4488968
14449507,13690349
10042811,7275723
5348745,6177935
8541007,5797015
4271657,520664
5829166,12502508
5400487,11922918
12046455,762265
15250963,6137416
7533746,13485016
784029,9500526
10648119,15808826
16501272,11207921
4193302,13588317
8104236,13537051
4846348,16068093
11960672,10452069
88103,1775547
8264434,6188651
10279721,2780160
13950886,10482734
1912709,12033408
962520,6704999
9198745,8692136
8114719,15848486
13885947,14959278
16267729,2288208
6747495,10803605
5274318,6166518
4567733,3085987
83156,10122236
6424568,9969
6811118,13223997
11536916,1253167
6118289,3020341
1545757,15518
14508438,15374519
15819385,7320122
3591617,12720951
3938178,4154895
5129898,12804234
15449007,12803345
4118868,10698512
5670338,5247545
5750030,831444
1789563,557767
5705576,5018827
5015258,3233286
9025655,607823
16506897,12416995
3803594,14248961
11164731,930174
3228253,3006036
4271608,10618377
14009572,11323266
12937523,6389025
6318969,6901922
16779141,1772962
6645483,3637592
15011278,1862494
1938480,9704735
11030786,4118172
6185846,2295624
6776137,9385066
7841663,8775347
11787022,5744257
154019,15357068
6422068,5657449
16390281,4759610
3628201,4915353
9423031,2502945
4439656,4755436
7852966,8063519
11514816,5209475
8327631,7710725
435657,8908524
5181496,1024516
8388077,3496452
2703792,2563044
3584889,8490344
11355774,4349853
1995780,10439
9204532,7282401
902480,6560441
9779631,12728313
6248127,6189642
2620590,878217
14964356,5264633
1567704,2505859
11999272,6422530
8488632,14481488
896196,8419713
8338225,3723690
12531302,6363598
15753261,5820794
1632606,15043441
9714012,7023862
3600995,7613808
13540186,14902394
1389997,12888258
16734843,1710181
15875633,16138411
14458548,1275684
3853717,5686474
16742607,12314803
6860300,1237588
10893561,11275283
11037629,12373863
12921933,10183771
7042973,7740660
13195609,11268155
4600745,3875941
13562811,8271573
2031998,2535248
13311068,2460672
15875513,1214702
5224719,10515104
16553709,9076725
14766593,9254816
3287556,4325963
13271689,4112046
2836087,16776089
11068405,15746116
14802159,8329504
10280477,13444473
9360359,7961680
16528014,1051225
5591901,9514882
2033398,10384597
15380928,12552367
3073967,11596365
15562361,793897
10422606,2308069
13031612,11045084
9998332,9502255
15866633,884955
12116954,7538752
4174407,13092147
15944641,7183577
6363494,9235629
16767940,15514662
4033007,14277423
12579218,10338251
4557684,2790222
14148946,15307653
12370434,12771221
6807479,8210820
5842217,15046030
6786616,15998679
4841270,13602940
15032164,16687309
9808916,1420404
1512184,14902849
11750043,5978169
3301962,7497657
935712,7397135
13915906,10913002
905713,11638134
13493750,772458
8484645,7532942
16241017,1067685
72128,9117411
4595072,2204772
9895720,5290485
7129192,9368711
7039834,6395239
3151337,13278256
7687234,9374798
15213770,10162514
8193120,10561089
9525485,16645908
13294689,8134852
15844250,4140566
4579265,4217515
15857366,16249257
10547643,10961618
12450929,550624
7103459,10930578
4286650,2877882
764855,13822647
16712807,13888834
9636374,16549944
5033779,12048965
5566131,6478129
9195299,16694315
3907844,11304598
15516962,14371682
9638317,7366212
13213644,2796069
11876832,1426976
12088119,6465060
13699777,11215095
11937452,442479
6741535,4163060
14459283,15344555
8585423,971643
6303063,14789766
1483706,11583762
4410692,8333293
4570087,16045818
11665568,9923223
10730325,12182928
13932699,3939882
83411,2880253
14022483,2425156
6603851,15900493
6614560,13381489
11656953,2438095
12190301,14478040
7793408,4160554
15588760,12510251
15819183,12415315
8107619,7549866
13113927,3801390
16581105,1472118
7983150,13286686
10051518,1429077
5206813,15419722
11107816,13567323
7338143,15806862
6313879,10221659
11896107,3154978
3045488,2695285
2834915,15238859
2662150,2145365
2322291,8682592
901232,10310506
11543327,5835111
14075072,7424660
9041231,7087564
1200881,10338300
15631410,12409255
11727401,13973728
16281549,2862079
7533800,3950491
882247,16469671
3219120,7880082
15895751,206493
3395784,4028416
16679164,4365352
8299786,9458114
2965778,11241956
549997,1109392
9778746,12428278
4669397,8883687
8903480,16697435
16765492,3800018
4161600,3607019
16215108,6637611
7200035,6247559
459218,14352666
5775400,5760616
9502401,7608284
4556048,3606511
12273802,3094433
13977410,8057670
14268968,15165280
12120598,2468908
16095284,12906025
6969451,12668929
291963,8796440
14436486,15154387
13552331,11587487
7740927,15698081
16596867,3333743
1851610,4953488
12793185,6739591
13577286,15220380
12681994,15098697
4371932,2780118
8917348,8598483
12470067,1962103
8148729,2611691
654902,11396481
14114022,13185999
11371187,10417345
15972530,9702585
3304575,13638794
15285545,6182386
7985842,9071431
8647911,9063224
5904446,14136852
4230940,14307342
5159801,13405617
1055414,5047362
632772,11451320
7158526,7820623
5191303,9245204
10748249,3963363
13184207,2826902
12702806,8744851
15335728,3289677
9470283,6938333
11626777,11854358
14621782,3138961
16284719,2412746
6461202,11658669
12072939,403941
8658829,2144211
10575213,1657803
3597214,2222271
4318590,3418367
6909836,2696836
12103249,7459648
12432062,15114668
2063728,15938454
6357770,8281152
504043,7172671
2759901,5251815
13088524,10552844
2634344,13686313
5420406,14977571
13511998,3884986
13481527,9971838
8476518,3478296
10824998,10596632
1275460,8016225
16351099,3524685
1042841,13101867
2204454,13925260
14616590,6841519
9319844,13310269
14140091,10693711
3699774,9728019
5208731,9305335
16269455,927390
1776053,12765801
9976108,4841051
16518522,5193510
15210773,1934053
1015342,624853
3484869,5528430
14838318,2028896
10588881,695223
3549154,2853895
166777,5040885
10764880,15762911
219037,16541488
831620,13417153
7287854,2853891
4253792,16236283
10469796,5278753
11756860,11946412
12451921,6121912
16490847,4938810
10294693,5137291
13032707,13526121
1796543,16304246
12613373,2581756
5857029,4263809
12836729,5730561
3156520,9029072
1069200,768319
9137307,8948461
9146923,15053909
229386,5667363
15678249,12336976
11799575,13185515
6988691,8609224
13242162,4718471
12501345,12672002
13841316,14312912
1555406,13766648
14793006,11533689
9626036,3796445
12353265,13585128
8382756,1985034
5035053,6171080
13030112,3300698
12545242,2224651
1994843,98371
13961388,4109418
3737032,12044873
13402500,4310898
6723515,2455126
3121143,15804758
8302399,2773080
11158235,437015
7956996,13612486
483714,10409215
4331297,4387342
15407305,12507737
10151132,11064022
5846961,4408353
13313534,9356861
5865468,4310687
3210180,6368752
6381450,12229801
11873038,7056466
5008737,12124643
13328901,935438
16489983,14616807
12181100,14175854
8889509,9946499
14460823,7793449
2517891,4791153
1197887,11324648
8203364,5953743
7088774,3745935
11148262,11475550
13287352,1311253
5714795,15030137
10402174,8953135
9346960,12453340
9296176,1378491
16050094,1616592
9269169,11416487
11892169,10456586
2320805,3945871
4240089,8005064
13570270,9633259
16775758,1178601
10369520,83277
5328023,3085558
2710897,10506259
13920395,6902473
616223,12587993
3472900,10532975
4496742,16234894
4134092,6975201
9046407,15490923
14180021,1171850
15123845,5563288
1320537,5709143
15977636,16407852
11005975,13462528
11221118,8225280
2270059,3130186
161521,14510663
13184627,6676569
10472740,6035234
10331666,9422398
13829046,13733608
3708356,10421797
14468551,253579
1697698,5973960
6859548,6211378
15431408,12834628
9550649,11977186
6248915,15678685
6309442,13225655
12683528,8833944
11457822,5768208
6489316,15102380
8437436,2084942
16738186,6680419
2563713,11778001
4926886,12625014
12791325,8050323
16997,4879524
10537456,10470154
203227,6358104
11323668,6312135
2316968,3282894
1478691,15629122
2259124,13080689
14119233,9852439
9458169,9289414
174369,1844113
10227947,10562409
11970348,4857627
1921964,4607622
7083824,816501
11779512,16602861
1491302,94560
16721377,9773233
6938213,5776440
6341971,16622429
9609213,15138498
5123984,12079670
6258963,3014990
13128628,3779802
1747130,4053067
7309480,10909650
6718256,3277647
207220,7665252
4719144,7756559
475047,8841407
6310820,781857
14613414,10208252
4516911,15911972
2896522,7840363
11619318,16271368
754964,6610043
10631628,4734907
4409697,6573337
10058691,2307876
13269594,16115110
15110522,1496382
14954729,1750828
13088261,5360035
9881625,16023237
5440428,12794299
11811255,15396485
1680665,2518828
14126759,13106614
12910939,13918521
2585060,7562186
8694237,12760271
5396363,14042331
553288,8100162
15895967,13327297
10127160,1653488
12879949,12144278
2564242,7566263
15610867,2890580
10737207,11782413
394889,13810321
7269963,13594152
10149781,1298238
10151031,8224494
1975168,15315320
15270455,10854003
2883897,1597687
3914123,5559007
878580,3244410
8547705,14085601
14860921,3208031
14624052,11978831
14083102,724578
10604825,16316184
2584105,1357579
11314880,8966727
8217736,14940607
1679707,1318920
10357782,5073021
1183821,11279313
16402984,13945216
6898925,8057082
10654048,16027441
11120365,12903949
1257194,11418320
6365639,561994
7544481,8193439
6885684,14794013
7681378,4456527
1083909,4961148
6906715,2931613
10999711,14605448
13400378,1676630
5091347,9694999
16120986,405802
6923948,11327412
3131030,6915384
3568621,15719900
9088987,2693093
1220173,5378196
868863,6256654
814672,10575177
8952027,16066577
8446825,2850115
7944561,1586557
12487473,6007833
12251246,13375419
4174525,2551938
11479927,8068619
7924856,16732483
9259847,12845655
6899616,10032605
16159227,1886931
2971387,11451929
9815699,11775057
6358910,10933562
10299915,13167703
16469147,16240659
6950946,4774562
9289213,533093
8754108,12802767
12914027,3402370
13779049,3638417
10154992,9835102
4332794,12553545
13669684,16762009
3792938,16730011
3384784,8316396
5084418,3716150
12209061,15316842
4856942,7761359
12244515,12390610
9088748,14595534
7710889,6792183
2757740,16675966
16472591,16194165
8998059,7972996
7213561,2201516
16087635,11846909
16238041,11983753
529392,7414896
783695,15376771
10389159,6631335
7004878,1760107
16734389,448676
11711941,5206672
9984126,15260433
3716419,1364611
7232634,9976430
15490113,7970303
13466046,14160093
2288805,2792151
12715,15490626
6631215,15092194
2641481,11293738
4108163,11717718
14189666,13827507
4850613,15102574
4811868,8126235
8079037,6986414
7778477,3271578
9109006,6381484
645920,4495596
9163857,10146053
2551728,13239097
15578233,11295981
2764333,9961206
3654465,15529886
8001126,14684385
3721185,7420178
7633207,5487063
10054114,1263011
7290122,16748085
16635558,859008
13236550,8769943
2413548,14956262
1240422,10977263
4453980,12501727
4066229,14730238
13929615,5060897
2162055,8008548
216126,8773660
15396252,11245555
2787588,9139691
15669854,15266374
5714580,5934549
7093854,11930245
5118159,15654911
8915311,16168441
5343375,664921
4088413,10122487
15008121,6176872
7503774,12568520
13535775,5551568
6916533,4043419
10950110,16776236
9646743,9071524
10242744,6711977
9152747,12808302
11755353,9019971
3645238,8556864
10963692,13052393
729569,15703988
6343491,14025115
1549673,1166277
16291976,11399014
13999541,223792
8057692,15359518
3409116,7374631
3575623,6715649
11816902,12587429
8499560,15299605
2502043,9823622
3317688,12856431
16641829,4181498
390834,7958155
12408789,8074792
6500316,4846887
16528998,10403790
11977576,3334861
206986,3527462
8634480,13547026
9065292,12920005
1520002,2960967
2736329,11985997
15679406,4358544
10177466,1954307
13888176,6578507
6983259,3876452
1585109,6973511
15113300,4354410
5901284,10985729
9514169,13496874
1342406,6484137
15477665,5430572
4700211,4911841
11093375,9055504
11855159,11814448
2323404,13606815
11523053,3304543
10964115,12546889
6249321,396128
9195695,8525819
7354736,2681896
4100405,13090053
9056386,3596230
12793276,4114990
6997428,5030230
7835294,8783234
9925816,6975836
1090362,14936312
10683829,16765441
9816470,16270812
6775380,12189426
15209868,11352898
126882,10731241
10096421,6240114
1340626,6271492
7702902,7510816
10856034,1516922
7931378,1010847
3035437,7820582
16377052,12286022
488545,1930591
15436426,10397483
7050774,5847757
797574,12092616
12141480,15761382
9783456,6877569
15904148,15464027
13964043,10703652
12586906,891408
11157562,6647945
4391950,3636712
14606025,13023928
14970273,6013897
1963542,6195793
5008068,2012165
1509032,2666822
14536471,14773817
13123917,15946703
10129010,16476494
6028342,3970003
7985387,1528627
9400911,11831835
1496038,400430
1639285,5099255
3297694,12688663
3317049,1217733
7707920,11035247
14883285,10229330
13345924,10729601
7287917,2808212
7386336,11060415
959218,1609189
7785258,8395289
3872074,14296407
8463062,2935808
12857963,12723808
10077983,12982590
7618063,15101767
1853877,15161191
2215657,6866844
9650803,10398043
7700954,11569699
12421733,7925692
682334,6760810
3387033,6855984
5739637,846389
13165203,1779014
4364522,1407603
11902109,1184989
4160367,10970823
4302853,7766206
9661636,7758655
16397995,4597491
3371146,12774350
2139830,5695888
4336892,7752323
9750537,8310507
7904990,573824
14987043,8630181
3173957,13814048
7589422,12616453
12861887,14063780
15505981,10886457
15696891,10782157
12465141,7153870
1523057,10809290
15873252,12086833
10050553,7687256
2234168,8633869
5433312,10059885
3014006,12414251
521614,14084596
3587634,8744850
8940018,322775
8688538,8231857
14534986,11864357
14111295,6666779
11297766,721463
3859422,6637464
912560,5399185
4558819,7834811
2881203,10378468
1471403,5899871
4443175,16785213
14339403,11447515
9080072,6362269
11997218,4588492
628566,1431826
9499170,4042537
6234680,15616295
10655626,7368234
1982743,5518330
9703530,9726235
12476448,15269714
11286436,3418564
9811470,15257906
13182656,3556870
2216710,50162
4878653,6883196
1399110,6616160
4040906,9543923
7177982,8134592
7246763,16454195
328178,753600
15144309,5127554
7919694,13840719
16684173,154420
7654964,13512346
5202476,10971656
3275353,9446849
15293081,5161062
1371143,4026009
3344562,11113071
636100,3992056
3675788,1071664
811977,1039714
7545060,16678538
16548840,15000898
15704196,13943575
5929742,1652396
12602470,11169941
2311813,2055561
7765679,8812311
5128989,13800438
6455702,7254613
7825037,1012341
1282353,6800891
11445662,3754320
2978945,1598840
3075404,8501292
6469673,3050577
14908752,15242379
11832414,6087208
1391360,16148125
16725303,2424415
10989243,5317854
9357168,932893
11342612,6012417
4322965,8458306
12141070,6587297
13218126,14539516
13466649,15218762
6666886,5572917
4831156,6174317
4614692,10473255
4810439,13452328
3955742,12759235
16622953,15051154
14088144,7263750
7532189,4222603
3402710,7416964
4532845,1336093
8956776,3747062
6698320,1545714
5337541,7468996
887535,10183980
860940,7114449
7764968,9068613
15136553,752501
1085818,16786330
9313828,6796359
3288069,7449473
3901548,20751
9978756,1273415
15370607,13061244
10683698,13037445
12724451,7801758
8945578,3639284
6783857,6329874
8959078,15444895
867781,10117462
16748463,13490337
520089,14741227
8277602,9102535
5486383,8809690
3782491,5357034
7031571,6753476
1830325,12627049
3335047,12660116
7392706,9291165
11766496,1293739
15248319,16039161
141877,6808
14692663,9083172
10462920,1852677
2881801,13434012
16671687,16727642
1189029,14386397
16596938,15387854
10886620,3180766
11753373,11969382
13993959,1634644
1717237,12684373
11880950,912438
4082795,364415
5270223,8201192
6213958,843896
6399185,6125523
1543745,14640296
8139656,9467772
11302342,624114
12144073,11455748
15408551,14541020
11268234,11650990
16656600,3128353
10816781,12700553
12930829,7881996
13423728,7871034
13477881,13212906
4954870,2712889
6924030,1558318
16610687,14829506
5127699,12696229
7441171,5347928
10057081,536639
13996755,4908239
1640967,16126466
15011408,681032
15708218,11936172
7466035,2922931
2939264,6120420
11857313,5633286
1219828,2443027
11812896,12621019
11732552,1996523
5443740,13929175
7516308,5732214
3758290,4562123
853508,4667571
1948390,3294023
15831204,10724876
14993719,16077332
5675475,6662063
12999017,1675382
1861017,4782040
3961417,9199009
13481055,12293581
9093982,12652597
1162678,16535162
5041575,12726136
10653208,15016650
5393672,10965489
13831543,5122380
3454614,14582342
8905417,5759916
4207282,6198288
7465793,4929897
3885568,932465
16787876,6231423
2208277,3639589
5079027,12577904
15216824,12115464
14550454,14065377
1093609,6664625
5066066,453906
9557339,331579
811802,11610024
9180810,3164070
8152400,13261178
11272368,15682457
12945475,5139407
5856703,9579100
5562803,6426943
1647283,14572334
10470590,6492249
1722861,10152623
1203334,3542295
15531162,11823391
9458537,14954968
6444203,1485728
1097205,6670747
11894925,11706985
8155867,5639265
3920062,621700
1044830,8243253
3477630,4017688
16608987,2546357
7780365,6184690
9106855,15499785
11644447,14810701
16250664,5760200
15310267,11292782
13728951,4341535
8661274,7694338
794422,12334299
8506984,838815
4918010,9671909
12929971,8964468
412151,13407457
1333984,4055940
10802957,5580193
373614,9195341
5063573,8902019
11587033,12126610
7997887,4754098
2049921,655910
13404410,7063353
8237961,2966024
7856833,3272639
12668689,13602324
4162722,7062724
11079377,7011513
1378563,12936258
5787016,14333554
6548053,14618505
11836870,2426058
6269806,13370834
10608381,12951546
7375917,11906987
14461070,2019020
12024500,14740968
2111655,1150586
14627267,603795
13211397,15175541
5640962,428477
6841365,6664642
2015009,11823839
2158568,2896332
12740083,16148550
15140813,16502200
7411465,13330869
6422531,5393741
14364931,15261057
9051820,7876146
8116648,6392093
11266921,15668921
3506253,4939277
4335973,12061472
10465623,6605459
3209250,5645745
16001423,667211
14422597,676924
13481672,5591187
14869792,8604891
1178544,16589185
11714836,8145738
14559842,7571488
13064686,4539642
15620334,14928163
8087645,15054096
2166136,7281399
15212986,5188230
2357115,14215808
10820677,1063194
13759664,550316
15600629,4896872
7895205,9144751
9357554,1532252
7214078,16500879
11734863,10989889
1264325,2954622
12240824,13078074
8259956,1974698
14204904,787637
9300467,15931183
3538936,16767337
8836181,4672036
3117303,10558135
2641973,1410522
13063282,12745686
8558984,2100785
15337376,1952892
12213568,2095036
4549970,12771231
7305057,14424965
8755159,12714110
2013674,11123127
6739551,13077185
10003123,1085777
11743719,14556238
5507748,5161579
13426977,15424116
11423602,16471667
11099168,13240983
7690726,5594905
298821,14173662
7374309,6119115
10842203,16249772
11881370,866580
3330554,10064512
14662630,10189879
14215498,5060915
2333148,998428
14237024,13810405
10051727,16393525
10470933,3941223
3868037,10297491
15843829,7504318
4960170,8435500
11785192,11978085
4763462,453394
13210889,10913330
12752443,545878
3288478,1353509
10772926,8682143
15165244,16591287
13816610,8921207
9410558,10687626
16250212,16782863
3574047,1807207
10671085,5256887
11598806,10925114
13387365,9616854
11797906,507683
10091147,145470
8855204,7734605
6731000,5226118
8236913,6066941
5793698,8695493
2503378,26739
5628342,14259276
4395439,11670567
9503298,12626302
12705395,5007373
11079489,8044101
9567405,5297092
5318505,11607258
5856472,5272600
5848001,15980877
3407531,15015792
11367169,4980798
7873440,2527114
12493700,439648
10814427,5186657
10709949,11291770
1519963,9190803
8614455,27236
2003413,13848960
10449034,16783258
16626322,15552273
8700862,8361242
2140394,4594822
10695124,1559951
3370414,16038111
876453,5001803
3582157,3394591
3082944,3967738
15443448,9525224
3191472,2565453
12533457,7265718
2677056,695161
7562405,15024797
8545108,11652603
15480405,8330370
13473634,15405787
1831304,13134498
2270886,6436494
16524397,12641401
6704115,5869879
3786691,2570712
15685189,16638485
2741955,1094132
7009924,9531911
6229221,11634888
16236391,82997
11132313,113198
2177395,7325831
9476927,7628348
13779603,13623235
1437168,3357617
9851281,10124050
7865549,14698645
55859,5612397
8288387,4981693
16732454,9334395
5425221,7254473
2914248,16692589
638289,5414972
6040571,10409333
8818299,1918756
1023315,3910403
4732625,4796717
7769504,1243624
14972788,9783046
14974573,12996827
7368243,6685515
3380716,11099912
2900934,7278776
6671303,11901481
9891818,2954992
6459082,13058068
13831496,6305413
7633568,5684137
16081775,1457799
7774110,15289681
15241790,9651713
11039770,13196199
10734048,15055609
13006897,6021517
545620,12780059
16433821,7846050
4023589,11068775
11826400,4541449
10206277,3231853
10657349,2995581
2983379,7326312
1309672,13602525
13307626,9979242
605116,8083918
567053,3888683
1097347,3332899
8800433,3597119
16605589,1020319
14295080,2322085
803907,6249232
14441154,9714275
10798764,2201837
11528200,11414829
7081722,7233661
1773538,2919598
11902495,6740419
14346575,9119218
7651428,2875082
12410866,5847691
16594934,11746761
15528128,1844984
7291606,249936
15127163,1379072
10549029,11626976
6482802,10899207
6908411,15654127
6630927,4498984
4177196,4271799
8309622,10437043
3755901,16257957
2125919,15849688
10717147,9921205
15142802,7659724
12105912,9457301
8053838,11718898
7337590,1531693
1894727,9581410
14514235,3827277
4007111,9877337
842871,14997142
11234156,15925919
1416155,9453384
13596767,3908162
7072139,12017015
14013939,13224957
14469195,15786829
9203560,14959048
7264506,1215022
3066028,11132427
10836466,5165039
15837804,14748866
6719017,9297991
15703716,8344187
14806718,1693101
6500157,8126272
9595430,2338936
5608485,14432672
14530886,2635242
8442258,13789352
12104995,5922403
1181915,4861120
14009224,4624140
16639322,7471425
8865504,5879836
4781092,12831545
11471762,8339399
8885425,296803
12979032,9440410
13250628,7370398
9077627,12128302
8080981,12686458
12048930,15161941
16728303,11513380
7497701,10976880
15459295,8748315
3631355,16577057
9908476,10934806
2460076,28654
11828366,14565385
12600508,13425137
11302589,2944343
11821475,5762104
5047519,1665245
9455999,16210539
5872985,2741280
6647407,3508229
4622933,2880729
7722310,15142881
15307454,9782020
13445445,13475914
420737,2015557
4138566,8260894
2554490,10563554
15846857,4638338
9271588,1168685
624134,9555926
6279478,8169116
5600920,8832863
8139533,3695522
13634289,9320173
625471,1218796
7216129,6923048
7230031,12654711
10611148,4403488
16007303,5132997
15537226,9022253
11656306,9028520
5064417,667986
8390758,2371444
2303363,13588124
4284275,11304536
8110643,7736867
13532208,16429173
469505,13662926
8193730,12211921
15613950,15218043
319056,5496095
11953415,7914239
10495802,4302936
7114457,15306307
15842575,15427207
4523906,6724330
13430472,4646112
2340101,9554834
6281754,11113005
5081117,12471492
8273072,3657069
5895918,13831264
16397315,14651765
7106662,10822790
5489933,7929442
11959270,2805327
6957226,5662324
4486146,1947956
5422761,1164188
3469001,6607361
8346648,15593275
1602641,16756683
15351449,3500091
8598148,16536438
12327681,2352009
12569858,4913023
11055002,6973192
6416510,8358772
14846870,9856861
9042751,16129776
9513170,12012155
14620435,1839094
11441089,1504965
12437348,14668306
5056631,6314518
7320963,4606913
3014435,9207542
2976521,10101625
9595145,4216703
5016820,727018
16152024,7099317
16441479,14088396
499236,12348540
16593597,15250430
14908324,12393080
5442184,10974641
9934918,10894741
12571461,11233585
9352235,8471217
7780105,14224991
15907809,9057753
1414472,5464674
2036094,882893
340661,6610115
14977457,14890953
7310319,3652842
3399333,9165371
10416186,4003867
2925381,6026657
8308986,12023998
576916,12198937
14498247,7238436
6888904,6024522
12527605,9811220
14584057,14393469
10741662,4500659
12444183,7375660
3688644,13808577
9111352,9759485
11652122,9994571
2442869,9455750
5816546,4612770
13630534,9020004
15170135,3876651
179019,9944485
4352448,12257429
2944145,6568595
13015568,12273900
9868086,643698
3927606,4696180
469081,11634195
9520431,1481732
10316133,2321346
16123309,437976
3498539,487567
11399372,12997553
15778272,11461145
2676393,2204064
9114763,2192217
12318228,14088863
13565042,4699017
7788246,7509730
6760221,2747755
15503237,13316297
5660761,4539030
884449,14527021
7873002,6294917
9122545,3439061
4141163,8778662
12581116,11704707
3703767,6670739
4603982,15633842
12181470,865433
10969024,13016290
1008559,11742507
9321742,12860089
4402079,16502086
9768457,3674638
15361990,5309261
4703910,8032359
13803330,8343528
13582908,3796453
9302671,14590972
5823776,5414651
15818149,14624166
9231483,6085827
16243070,11843888
11772224,2880049
6306211,6536034
13909986,6773759
10068153,11263010
10759342,2598774
400852,6433930
15459202,11117299
10619547,9503767
11646805,8937459
1245896,16557227
8986421,12752383
15174390,6634003
16607756,4593403
13066660,13923964
14579695,354820
15764801,7024574
12195114,7033978
11491412,7709043
16732723,9153957
6440227,8137385
3559987,3243194
15926782,7790699
3343968,12189203
8576322,11125276
15696169,968664
3440289,8746892
15690533,16523700
14804525,11828377
6555368,11925470
9712397,14948717
4448866,10818398
2055407,6031901
3736972,10797695
2565554,597966
7335406,16191293
14449409,11282435
1914046,2636972
7835802,10302710
7506354,10635334
4604292,14648499
9604988,10389028
1005654,9923597
15939834,7698866
5339790,12232077
4137663,10825519
3967778,7171610
6972012,11242726
1557273,6329853
5851714,1728753
7485857,15676747
2774034,2127726
5847155,3066154
9297675,5427843
8899757,14342557
12383985,14895265
12134313,5509603
13682825,10086894
16544278,16529781
7147218,7096222
11672105,5895235
5519621,14463487
7682959,1845487
16373428,12515916
5157241,14817419
11544700,12131756
13884219,16414417
4571159,14250184
327569,11509094
11715852,14771591
11589303,6734671
15217658,16480383
949459,11809244
6461425,4553397
108536,8413248
831926,6654407
9218329,6339488
3260728,9259217
13962452,14863660
5567264,7814037
1361964,2129767
7446494,3005484
14504334,2157975
11287775,463781
12802103,16766323
4279770,15973703
10653920,2337443
10726616,11396363
9673125,5294328
15239627,13358766
13719384,4826537
5813161,6202371
5083777,4037768
11877984,6775353
986472,16282462
6553490,3275605
10699582,2894356
4250218,3260866
7987599,13242440
4242603,11779332
1931856,3748124
69991,1405812
13279233,13307001
7986635,15660151
10949902,711077
14566396,12676691
13713805,13664476
7990902,10830
5261146,1899213
13061406,16453050
6185214,11848144
3693146,2126300
12716625,379814
8191509,3789999
4151915,14183763
15382021,13318971
460562,13150897
12344485,9300590
10741720,5073149
2615197,14341611
14113500,11976358
1885712,10406235
12470704,10144308
13271447,11872400
7627521,3391293
15154862,1973810
15979450,5541530
7732179,10136908
10424067,8792123
4637750,15952060
14938515,14615744
3789103,2206045
3991004,13404758
3964380,5669260
8483932,15983759
5530720,7696448
536392,3943625
9853846,3667377
2188675,12707721
15565194,4120691
4948846,12042287
5103826,15864785
8855930,10050968
851570,477790
4133509,1071349
16037590,16270993
12640349,6190019
3357529,11713667
212172,8279183
16731536,5416665
14493558,8105639
2437110,2456242
8761804,2278052
16663872,1982946
12585600,1955905
1902000,10347434
6770952,548002
12045270,9604715
5231295,8849208
6721386,5695724
5223613,11901216
6865315,4429046
14544919,1577025
14188169,4959566
3621369,12599448
1727579,14803624
2643969,5292849
14953758,14937553
7253109,1452012
9935249,4632428
13637545,694499
6930114,3907049
7685899,16425170
780589,5738766
1993363,3317768
5685862,14439864
6562892,16471357
7502409,7823372
3275882,2997001
5605214,1342553
12198788,8060120
4933984,11267993
10671744,8687688
15316137,12757364
4153897,6639939
5348917,12780932
11347739,8161448
4770450,1844958
12272876,13699324
6341640,9231523
15852333,5192403
14609914,10172112
7318941,14171660
42279,11975978
2654432,16137989
8747150,1295892
1451004,14175969
3392259,3742622
2074140,4757543
5462709,9376240
11875593,12732826
11989646,8608255
11875707,15567091
14894503,6735892
3313130,11414991
4483434,6935072
7723167,14790141
12851101,3535286
6940548,519714
383809,83592
14842183,10455983
7624903,9585471
4629006,12312653
10200821,4389286
516763,15863720
7908247,14799191
7568493,11686091
6335516,4516792
15569599,8490676
9906107,2167050
12619120,11894456
11390484,16371761
11225140,12924086
3334373,381719
14772626,16592639
16295511,10755712
11460673,10804383
5835800,3094978
10659968,7710008
541276,2871348
5698947,3019019
3943028,1530141
9931120,14778964
9876162,8030156
3546923,14450173
9866151,13975283
6431269,5252209
8326385,9681560
1870190,16794764
13340941,9793975
12997507,4323448
6390682,244773
11665925,10288730
8900750,3288488
1335714,10055413
16709094,15905731
13895059,14510797
4884124,4353748
14970741,14451383
7034343,3116810
5062301,1858738
15126506,8956414
9662937,15419202
15183364,4992453
10752092,2511052
16451067,13907576
7949508,7764404
2204260,14554857
11665531,10066783
3249967,6496307
10336634,7439487
3677096,6627345
10775265,8571453
12413462,13270926
6570280,9247803
12971453,9316965
4923870,10652344
10120669,3317373
6953590,9143184
14134337,12112431
15736993,7892529
14485442,3083854
12805826,9792903
2787439,670137
1852809,8148915
3297324,16466899
9467096,16722859
8796422,2053148
1114662,11602389
6069819,3384709
6409075,6921914
4113976,5586513
9913386,10606237
10401793,16546477
15822855,1206242
4786079,5293948
9425853,7688070
11813173,4592076
7608958,2956318
12393530,13210705
13609633,9108353
5700714,14398753
1358341,5770753
13554775,3305052
16057990,8909615
102909,12583651
3612174,2688088
16382725,8557082
5651304,12673538
1621070,9077930
2359656,11716533
123958,2571367
10600006,13974440
13623450,9099724
3244673,6160965
2010452,6130704
6073429,4862236
1636416,6988628
2843930,16055798
11002019,9750475
3932990,2216345
11593222,13115600
860002,14576353
16307988,13415050
12045988,9938549
16384658,8234965
129149,15163157
13624862,4890880
3963179,13363350
9429159,3975109
14919212,14055516
15256882,7553601
12493240,14449446
9929884,3174778
2984968,12350117
3410272,11391200
15531526,12076454
10053715,5391407
12167569,5406368
7353426,12353424
15754394,16166383
1091617,10257686
1496434,13367361
9410705,5513250
5293375,4320182
7855544,9048683
11789064,7316322
3591606,6870718
10023570,6753733
9857537,7741416
6446743,14178187
7881510,2394975
1534779,9858832
2988793,8416074
16340252,409422
15557297,4713066
15556660,4435754
8146319,14192303
9686609,11740145
1629500,15052590
3723949,1120675
11191808,3679325
13300013,2852842
6263932,15942894
3974021,7511826
15462014,14746965
8807783,1120059
6242560,11477251
13596827,10009569
15000873,12680821
334062,13573163
12442088,7934788
5926871,16375011
9498458,12514389
11334702,6819110
8642571,10276836
14577663,9809835
6443907,13339489
9321168,1002614
13094108,13332857
16085402,13721444
2100889,4831582
13179700,16128054
14872070,8156736
8397590,7360391
1579876,6297858
809707,3834369
16381139,3124032
4088051,13992088
113214,11371250
15973596,6498175
12155168,3001329
6723505,12162926
4117010,10426657
4578588,8156317
6252463,4716929
12526281,13343457
6862992,13724049
8222867,6385923
5912285,16346038
15565129,15103762
902743,15731108
4239637,5398123
15537192,1561125
16035482,11628536
6767703,3386452
1296800,13182236
12665915,8965776
15793833,4647648
1522612,7747962
9174729,1371957
1165540,12878467
14627954,9213550
829829,4168277
3618593,577555
8109883,4533188
11233401,6039993
4826108,2279972
12011270,6307141
5111615,13384283
5077123,5294066
2679967,7713489
9206511,5527439
2523779,3945164
13459293,14617293
5537965,8725580
11092471,1373345
1077871,524001
13706752,12202826
9900317,5317485
6218130,14087372
4403353,9738496
1123580,4721557
15388048,4681980
1325862,8804404
1413501,10891717
11082208,3902956
3649053,9230936
13125052,12311213
3319803,5507256
14841418,9323691
15009007,14194556
3392755,14830304
8477030,896903
15769359,4647408
325077,16533866
12784819,6994171
13869661,4939142
2062609,12483682
5305963,15214675
13422160,11968188
4719507,3190272
3262871,5460711
1210218,11122863
9651854,14396225
14410001,8328430
16471886,1776092
6238971,15204437
1507545,14375777
11417629,4570897
5786778,12859340
1614195,2800306
12449969,4405235
10040723,4303234
5077208,15077846
13961146,1208426
7630705,9851654
5016160,14671091
13535699,6783019
1226580,15782557
12307817,14906406
13012826,3155537
1262898,7326543
10408566,12478491
528440,12235499
15042385,14714766
14713342,15578347
8209217,4492071
11412598,4441727
15145577,3790117
3222594,2072976
11671845,11023304
1014446,15917043
12588061,2619467
12400273,14023750
12808602,14578146
5866287,16215037
592330,6293290
7087035,13992606
2209380,5117391
1421934,13702561
13315686,14435727
14205115,12413184
10615503,7244442
15701075,6442020
14864504,9711279
15160000,5896477
5203966,4757789
11225374,5670444
10589443,4727201
8733461,12167500
10230966,15745203
459841,9503587
1537905,6373219
8567795,4418898
16308558,11545609
5572773,4777809
12931862,2612649
16286482,4011955
2076754,434658
6031226,9487597
12019634,16676241
2096134,6463690
13020079,4306490
8007344,11357717
1074036,11027702
6740362,13755827
1330354,7273671
1683973,11534410
5862512,12566621
3809100,685462
2804240,8468891
9845405,9985957
9268372,5536544
1128779,3495024
1790645,7010355
4266433,9197928
8099466,13960265
13448707,16000810
9230704,16636691
8903840,8984956
15508086,13939207
12549331,8323469
16208680,2709718
9329733,14107714
3100073,16239611
4582919,4273391
1452141,13432841
8833346,15103598
7506605,11391450
4548486,3998170
6385901,13270785
371740,7375627
15508050,2088031
7811711,6745410
15403908,3798594
8711962,7153803
2080234,2981604
13673916,10365875
6219572,16759957
12976748,3776431
529465,7292885
15896201,8557650
12978545,2041388
5720937,4395087
10486499,853403
1331470,16202331
12587146,14030817
6253270,7477358
14755118,474825
11476530,6624040
286534,1289760
8697356,2665383
11990296,10076995
5315981,7307817
10641571,16379778
16150573,2494147
14203874,6370585
7463738,6069655
10936073,11464618
14663543,15520922
12532099,13605517
4770518,7359220
15349497,15518328
8845427,1944888
7707280,8166989
11328219,1207759
14102099,7728506
8272064,8432463
11837182,5513995
683825,6407481
3934611,5796586
319542,7174965
6988326,15186734
11893776,11118058
14662503,5707710
2339824,8065635
6690098,6353754
4438902,11477833
16305751,2040926
8624695,11745162
14945651,5280229
993347,653077
2018253,9439546
3320031,7173984
145752,13614202
12580098,5185586
3878860,3622644
6663707,10274326
228487,15050466
7705860,11682671
15456648,14149450
14137882,7801706
10935606,12036130
12835193,5561465
7051391,9182163
5737409,2734363
2043114,3192937
2048028,3368348
14633692,4868533
250536,9122183
2872471,14731880
2017368,16427202
15455444,11278040
7014720,3504374
367028,14605222
4542183,14830255
15596194,3797976
15633977,9966981
14706180,2730616
1683593,10320354
7542471,16259828
5800016,2676419
14197817,943620
1019425,16144912
7210538,7338730
5601524,10172538
16122497,11441801
5671529,1387724
6650996,934797
15482000,14261496
15433294,10323664
5097613,11920433
15501491,11465535
13146968,15020447
4581408,7110934
12752250,6218068
10489718,9714048
13094370,15534652
3485393,10805324
5575658,7151654
7675068,2139107
552750,16759668
13431593,8167605
15227014,5518759
6378633,11231690
15509860,10441873
15766120,8068927
14921560,11595262
4841500,11378242
5330740,1001698
7937881,1445727
14000551,12307389
6323649,4880711
3768777,8385328
14988582,7154701
16241820,10814446
9594001,11286070
6649658,7446678
11957328,2076123
6903683,16517554
14554600,3513580
469121,2274828
7346583,15017916
4742690,15150629
15747872,4460601
1184988,10152213
4455554,14753759
16289292,7624880
3991941,9222921
16146071,6147420
15185902,3353058
6917366,10294147
16790285,2277255
5340761,14308739
6026151,16473307
14491655,384933
2276849,11057995
3056989,3017018
14732336,3487667
9202379,1822467
1057043,3005918
12415308,8575233
15728962,4104886
8657553,8085111
12032251,7854698
13511265,6497889
16315320,1589237
14324707,6516312
4443135,10846874
6344140,2579151
284864,9468767
8431486,4916697
7567747,3370302
9654805,16679682
6556330,11789858
13182967,1716828
12196217,15921120
1309380,81574
5511662,15119115
9353190,4793944
9467153,8059468
1825431,4417620
3626953,4032223
9954502,7477441
11401800,16230541
4549740,7122046
15238684,7822586
5381990,3090496
10150455,9529532
2725178,6323314
1739223,1764322
3838427,14804279
2506476,9031334
1990363,683560
16216594,15922691
5988649,7326467
1109353,7434911
7442332,3133855
16084972,583823
16637428,13203467
8651913,16001361
12263208,7373618
713204,7039285
16058795,16219737
4065944,11989142
6502783,4169800
441734,594932
1267295,13923785
10352790,13982704
11455237,5760652
8302759,12336426
11922850,1337485
11110368,13958791
3449020,11113409
2498564,5356949
10409898,3826294
13218828,12946622
16077835,16044468
14341133,109353
14144399,366060
6981845,3149502
1154165,4837233
6252217,6388258
13562934,925718
9798678,7202298
3115961,128939
7348321,3538190
11176328,2681464
12389735,4704492
9750431,10249321
14792113,3306228
8774648,6465705
6311090,2847683
12220218,12435893
8276439,14263000
2301918,15001562
31662,16230713
14623113,12473367
5837926,3929931
9013796,3288944
11201750,11558645
5805024,2867819
1401645,6178891
9008607,11448198
12753965,4188718
10687149,10118467
11990874,4034710
2739307,11454939
10409227,8779406
8444835,12461884
8967944,218633
12421050,13377045
3759502,8851450
5498428,7183872
5960113,2051546
8174673,3147837
10163637,7621092
4979750,6697264
4122370,14393428
11305340,8454243
6013410,15758051
16412245,9673145
5825765,1195996
1184128,12093947
5441181,8322628
12439423,8485276
9517462,9170251
8140161,16732900
9920137,11917915
3649835,3571486
6118943,11385234
10298766,11135542
4076915,4266718
14477711,8199487
10035445,8625310
6248648,11657674
13831544,2644942
11592034,8682271
11364044,3476289
12400081,16602160
10615235,15882437
14452790,8326749
4828770,9216959
4845658,5172272
12817394,5929676
8405151,13731532
595552,713310
10434554,5418687
780708,11587900
11469687,5170959
4349374,15944614
12270022,6439297
5779882,107324
1123816,2477048
7108771,2987670
1051423,10908350
4320278,2300748
6186745,16374264
1556248,4724668
432060,1420826
826529,77172
7703661,9421808
15646940,15466977
15503200,494707
9595622,8168557
15444634,7074125
7253138,708027
13189808,10075489
9940615,2479332
14081275,9616100
480464,15855101
3204255,15676810
11642300,3560420
12443272,9866211
14239250,3472178
10308030,3926900
16266236,1602986
10916992,6877859
13366831,16384233
1255753,6592966
11476118,2514563
11036286,1600866
264791,14054313
8999277,13400853
16653032,6628478
10165787,7978044
9728816,6169434
1927304,3217129
6231591,539802
16383751,10641679
13448495,10249987
10563647,5870289
9164652,9661435
16483032,374036
3015194,4979636
16687657,7684619
8366454,3590813
9135146,12670801
3880737,7937349
15302811,2987467
9973870,55962
3306220,16165060
12490037,967250
5778824,16384950
518091,15921192
4661178,4980062
543721,11309186
3029148,10503241
10674080,5609294
1695150,9885078
2206462,16638989
826889,6573834
14880080,5941808
7122451,12942118
16520039,13914649
9459527,3067877
5366426,5422667
16024663,687373
4176326,7274884
6084572,15857269
11100473,9037966
2146971,1754990
1121852,422178
15571277,1196880
13042383,12432028
10076122,11176512
15106984,11124438
2826114,3866408
13781313,9548164
3782268,705822
12830833,5755706
14660419,14884590
3173386,10220693
6083540,3775849
13143809,1507842
51463,7852087
15690071,3933099
7967686,6937409
15778406,13207553
4764589,12279359
4142563,3550959
9057396,4309347
391424,9521802
15597855,34650
157488,10986497
10353490,150927
11139904,13524768
7303423,2274771
16274616,6019667
746603,6777919
15913163,4332811
11651080,11367722
15724074,4644410
14353164,15318565
4318545,11688665
5416915,7577780
1761635,9823986
11672531,11635230
11596195,15460687
9882324,845318
2095735,14457974
2261246,4699243
6994846,4522851
5419923,10171752
13066158,8338671
12144078,2515619
15370062,11852563
914199,16794632
10101851,11516050
580215,11612426
6062623,7241642
1326100,14449486
3153328,2123596
4130396,10595298
2614910,15146020
2576009,14878657
6488755,10291111
13719884,136930
16224991,47264
10373087,13463274
3467901,5320889
10579194,15666022
15127422,12435423
10179849,11954613
15931771,15045537
6165916,5137056
2131170,6678641
10869990,8264533
2696589,4764605
1957733,7345801
1434989,16134442
5588578,2219703
15631458,10379959
13855555,6927083
16592680,10122307
15275487,14338462
12212013,3924065
15721339,3548408
7637243,13028871
3572235,2051103
3727275,4960478
15115104,6669439
10405531,973516
5969967,2160472
6245377,2406003
6333349,590968
2852483,10045046
10215331,4546519
5103690,16580435
10314345,8550757
7769865,2211954
14405710,9349599
10366003,527229
6624330,4008562
56214,4555092
10243283,11716968
6751815,478104
14682640,4051528
9086314,16660959
11355373,15855205
2134923,1103277
15694016,1403245
1719360,2671737
14092825,5897533
15332242,1420587
16633581,10141085
1951540,8875680
2936266,12580960
804316,433958
8724996,9671715
15990009,13933442
8956676,5712342
782948,5903292
5536760,13056589
7615028,12763152
3955537,7840331
1525417,2796209
8012591,16465884
2012492,11144827
6561485,14057798
5050463,559693
3425044,10293002
8280264,8367636
3411648,8703813
5863990,4925065
14561822,15403402
13647397,13640203
12237395,10396383
13076042,10528410
12018229,8516636
6900417,9130034
6257795,15907617
15434490,308989
7816772,10764173
3528764,12611261
4484462,14599481
1689080,8121033
3981292,3615378
4834832,10330870
1543678,16684994
3637652,844511
8531774,8007670
15431223,9101400
10574678,5588149
71235,9543345
6039530,6605546
9142807,10293091
3535735,1343112
9414298,797226
12582283,4166391
11244483,2533983
9066993,15394063
14568582,3410252
7520130,10504401
2890312,8906453
4005273,10249878
14515699,10527799
14364100,6355596
7001975,10156028
7127068,7079693
8616017,15188659
11199188,2168938
11015818,16386156
1599387,1018549
9744180,9318425
4616131,7541291
13218521,9752371
2348207,7410097
16065922,8804538
11447588,7611972
10347268,9421151
6026307,14842018
9814615,13480987
16320229,8311034
5017986,2556085
10079370,11985056
16109852,10112014
7000997,3278400
532648,8408302
6039718,13675887
11780178,4806757
4530322,7247561
12771030,9452074
10964647,2796810
9867373,2071020
8196016,11640382
10030820,14571786
11593335,14746530
15696388,7947215
8626617,9412362
11927388,5995576
10213970,8155446
4808782,9366550
14771621,1673199
7287873,4718026
8688769,2863473
16787435,4798243
5394930,2087779
7281664,12252890
15203549,14187499
5654189,9951806
8351133,10634311
3236001,11355717
13959891,10001854
10474713,15454535
4308953,4485993
12322203,11331265
11406055,15879714
3514779,13458278
6515912,3621822
6221488,8424743
6710163,3788659
3121051,3280093
13280608,333906
7523232,14276042
6649272,1095097
9854012,3665301
2583660,15280020
15633350,4451522
3388315,6725790
4637250,15476358
14898756,15763050
11478197,11552386
5021945,12254205
2532837,12094737
10133801,11585878
6092540,13547608
12609819,4287289
4363691,6726569
15910783,13317022
4949555,13205292
10914630,348960
10720364,16131447
7922181,6685460
854985,16634997
12519029,7143160
11050508,16440989
3687906,13662904
4573030,4922339
11733423,7206895
1654607,12833212
523256,11019423
13915652,7881751
693991,11589422
4070303,6985554
8267088,7670663
15992266,7723732
13107919,7677414
10748379,15330035
10159404,13748076
8999935,3580861
428907,832661
1644042,5644529
2777144,15368510
5580891,5722348
1625952,3421236
1780115,414223
4144927,9966650
9982331,6340291
14010824,15675353
8593735,6545920
14390414,2754858
5804936,10751834
14072100,9880417
4347424,11746229
11811585,13468974
11703073,7883222
11127466,9044660
14986862,91257
13957400,11853008
4536048,6332464
12869405,6297573
15824241,13013719
11282274,14975082
5367523,4601844
14278117,6695169
635760,16451623
9824474,12908331
14750506,2790449
13200750,9482455
15382693,2640469
7669449,6787162
7669714,14648316
4224153,8038396
10660458,4246873
15620847,11844240
4601989,16081857
6527877,13143915
12499746,16734481
15277807,11973287
11049611,6929620
1922053,5835192
12670166,15072481
13582321,2281957
15747160,13435425
7664256,1903640
4679097,14378241
6516229,7760985
14077434,7397419
740274,10200704
2015632,10790216
11043268,16727907
2358115,2002594
5894064,3110327
10182509,3382020
15676403,8044707
3544684,14164140
5484112,4877589
5671280,9383976
16236056,16684200
7914365,12035783
7184748,6420440
1357586,10633921
7131351,3323943
14434048,3930311
418944,16380462
12345337,3147388
2869958,8766631
16558131,847074
15666513,6992217
2834474,7394533
309791,6135730
12595951,8118170
5500815,12605069
7920245,16563155
1389208,4486679
14705705,12560512
5929025,2676952
6769124,11022948
6440116,6491484
16636434,15531407
16055653,5651922
14061886,9097485
16766178,9258583
5337166,9097923
16721155,15737262
16633369,5080487
6550344,2876906
14018739,8067110
5415791,15733498
13997616,2817235
12661727,15522278
6952931,8717104
6342345,6258806
8542713,14760684
6112109,12552354
9978253,2296406
312357,2552489
1682768,1488322
14031743,11570620
2129877,16485103
15051850,5003156
10113585,14033899
1831483,8915336
1284501,14005690
13414741,16551816
10037307,16459866
360456,15457222
10273655,13782965
2883042,3155596
8135542,5984101
921128,2859913
12646117,11341116
10161409,755683
6051758,15138892
15138230,4567497
1404145,4648836
14320130,15424300
10475657,7969386
15264831,10412162
3917850,8190860
13917859,14599847
863586,1922856
4422692,12162527
11360786,7754708
7483242,2425608
11733236,16253736
4940952,16632202
987020,2997775
15810725,14880253
10916734,12663232
15681494,5463641
655626,1203422
14542833,10524747
16084649,11966196
16136577,13053497
4994556,681441
80178,6346066
13301004,16755978
5880335,5310632
13906956,13504365
16362010,15410167
4730083,11469856
10939872,15386489
10308731,9396669
4258738,15211206
4392101,3734561
9601245,3597605
8223677,12111188
11584741,12788045
13939392,5289906
10095016,320934
3041629,6389721
14215199,13448607
1236036,7899432
8603988,9664314
14968675,7034672
6600229,7643028
7148179,14611157
4981000,3388130
15619290,6767430
15142682,7200003
4819372,9697694
13395801,1949859
10424229,6225210
5775506,16471924
1720902,3063030
2399952,6389459
11083909,15966792
15387514,6280125
3268687,3203868
1333638,14629819
13811161,8983669
10587894,16333272
8116899,6845837
10753776,195584
15083524,10781742
5896014,10779730
4566051,16304727
8459152,11652076
14649269,13557227
10629972,14081893
11945814,996675
5156568,5730155
1143450,5548947
13174255,10386752
6393977,7808247
7282761,6365771
2438962,4202162
3977628,15559893
10900100,7092214
15271782,8323022
181652,13109577
1546223,7032191
13151242,15839939
6434666,1623221
700453,11119129
15617894,13351538
995750,9690188
8101558,9386954
4154687,10858617
10183672,7479921
1337820,797138
1216986,6908340
2495792,6688520
5208026,3750789
16621594,2690100
12719775,10205882
12927566,5627851
14385749,11381287
12204418,6153459
2842251,15257742
2542404,2095646
14809338,15584417
13635291,15002656
7409673,9632352
16410940,4608665
13715361,1046065
6188352,10045877
15940610,13464535
9365730,16007582
12192493,8363009
9611343,4611744
14978497,12416008
13163836,6831681
16049574,16595782
15076786,7131023
15402430,12224973
3392133,9320009
12028558,258291
6773543,8945183
5604524,9917541
3410413,9444212
8926624,4641098
2185173,12202503
16008990,1774702
4696670,1809917
10651432,1603967
477611,3288292
8996619,14843181
6827730,13862401
13056220,16269690
13587060,562894
12870541,3870867
11274502,3498789
14721523,11300572
8586395,15579789
603794,11980823
14767982,12581324
9146757,6686300
3963152,8307538
1293040,7354278
1982437,9346202
12719751,1492686
16495649,3288378
4344392,745685
11896951,8975271
690604,5953240
9472449,10391641
5655847,560121
3246242,5177145
1474044,16176370
4455105,10157838
14079574,16715779
16476452,16579648
7846491,8693009
13781300,13508127
15640587,2093397
5444302,2176338
15589307,4054024
5455375,911462
8664018,2351072
3317299,4015023
14481956,2536189
11591143,4058973
7257624,15661358
8185603,537006
13380647,13912898
1442439,15668513
2468937,15381307
12149971,9314157
8502462,11508858
2621952,12605132
4589509,3049269
8909642,3629292
4057829,11260312
10197461,5283574
4261964,1656987
15848074,10319878
9674651,13014971
6438487,256560
2410804,15638100
7059328,13738623
2451212,15588590
943805,15530120
11616620,994663
4556926,16024158
3210107,15683658
10116841,13778326
9752044,1602422
2175347,5652985
13606100,7225029
10509188,7228624
7351557,9205637
6647692,11962114
1246163,14907730
7630692,1809087
7735229,9141443
5953061,7302403
16527727,8274370
2732298,15549419
12238592,14462785
6623270,5121685
5535987,16601330
8605694,15338794
11167010,12427601
10747890,2470055
2194629,12340431
10598766,14109548
13491370,9235367
5138553,7398413
285244,2513411
14376021,5709157
2077344,9345123
8023302,7095493
8046711,10077239
15643726,4300204
1359681,3882376
1518028,1239194
1618487,4939940
7713421,9504514
5159599,6802384
11431814,9544288
8698615,8416356
16274435,14878740
14642183,4939492
757373,261484
24692,15962526
4185431,4465969
16639452,7423248
12220464,14697208
3660277,7138355
880761,4937708
5312767,11106433
2117446,4561513
13059228,5418719
6182686,1923271
16717361,8287720
726931,2533530
10746955,8898709
1913183,7913420
14427611,12430855
5714847,5012978
10309310,13929337
12756466,3458730
4295507,5245050
11895203,149941
394781,7707703
8010794,7048591
4045201,1027518
2667036,2029865
16751759,8388412
7615841,14507081
10122821,15213045
14850286,596264
9665441,6868999
12760600,11670137
3826259,13524030
12468633,9950592
16778755,5252502
11545034,16156052
12191636,8365397
14673712,1108108
13117198,12322472
9160606,10789793
2087861,12973231
15357731,12182013
12906342,1135455
2575780,5384855
14448962,6294931
3979427,9545176
11737109,9089958
107547,15699294
13450044,14646771
1149150,6269563
14986635,7171166
8445826,7558491
8893772,6072396
7238898,13838295
1106676,12190750
14427281,1774243
12026136,1847454
2658434,14231949
13263088,7983289
1287714,8997817
5155644,7472874
8196443,12643831
13820562,1935043
9576811,15565590
11698442,4512977
2795097,14585844
7477889,11027613
9238073,4230196
10152418,16678574
16342062,4860298
6817481,3197552
4027217,2858516
7070800,3307898
3121929,3576561
8836171,1232453
14989974,9482918
14078964,12568008
12754722,5515344
6708366,14566063
8322219,11443561
13425400,9748622
5945626,12667801
8967220,9792186
3221688,965651
10268403,15800236
12506941,6110242
12747832,1970795
13191544,10310797
9784862,7698944
4625501,7807777
10770503,885570
15905626,11167330
11031640,5667654
404627,12371046
4299558,15552918
12340467,6760081
4521568,9478251
1309262,10215425
3158607,12246037
11616182,16212034
12335551,4234319
803783,2579380
11595224,14192350
5798774,14336400
15245799,1313779
12127746,8655033
175425,3510124
10332092,12150101
11978985,3227946
11931374,12325851
6024506,14509724
7960501,8364294
7107459,5059035
11420283,5162317
11100831,12280493
1446928,3269903
12871292,3556624
3714634,2035424
12965209,16758980
8009897,16479186
14010355,15955766
14560842,7668084
7223488,10007276
2424652,15817894
4659415,4452755
778462,12825833
11689601,15049630
11524924,9971551
136515,8988208
3157154,7405786
8162563,14323024
6271559,5702354
9448228,696641
4136152,5361361
14630725,16522868
1975011,2282106
11285022,5042245
15357930,4754779
4725457,10153525
15016939,8481331
12066882,6169400
4323816,12123770
10538264,6008626
5087046,11961925
13753638,4287262
1473957,15332450
4551684,5773801
10107149,4688076
14212610,960934
2780269,8601756
1662800,9602116
1628460,9751827
573169,13957102
14474499,850186
5159619,16252476
11405394,14187694
13219512,6091146
16295954,6981713
3501972,16063967
7440450,4885635
16147745,4932242
5129351,531045
9602025,6396697
4200269,12010823
15464845,637815
6551658,6016780
11787544,6094366
10483335,15004980
16121933,7914383
12482068,4736249
9192654,14583182
10217153,15564027
2000745,8903964
9604887,14715927
2871313,6274022
5255490,2912529
3299801,9899436
4193563,13913868
7624445,12876220
2138123,1681084
8920321,3859377
3913197,15899427
3035643,10559756
2115528,7095727
9891965,3885305
7507146,12560591
2126931,5488579
12328999,2239858
13048114,9240129
13721875,15025002
5143331,1968532
11293004,11329837
12691932,10241081
5548237,12612098
13112933,13123252
1252576,8431612
1133268,13732950
11249724,16422101
15526743,10515213
6737603,12923670
14718414,16355849
8179021,5880183
5222835,6413124
15442009,7191570
8910718,14072305
11848700,10011230
12253017,15789938
4101631,3778370
15943461,10716957
4590382,6406710
1445493,8655464
14895766,4780812
9286095,11954250
1078222,11049663
4629437,15279849
1229922,9726556
2735570,5227114
809476,8474277
13633541,575580
671210,4644417
7317736,6988028
13730448,1761728
5645532,11213041
7286925,6336674
2223522,15451271
10621277,305427
14192706,12327231
7076049,12859284
11711828,10820043
5490234,16584765
4865133,13062438
15115903,9399785
8140616,13119260
9072950,1265832
16785910,2606249
151402,6998734
10519976,16458244
12692526,11050629
939168,11384966
3962887,6481176
3507092,10619481
2430236,10781829
7235424,6380307
14322471,15520380
3098923,2165160
8533586,7471718
9585426,1108616
15865033,4255329
14277805,13267645
6634967,12312552
8045816,13213882
14023613,11295195
11256078,15210980
3395587,11843811
4359809,13200555
5514445,12135108
4382249,7851040
11070491,16487097
15140087,3465481
11864958,7268173
15065486,3911212
2331519,4212822
8053991,10047789
7788039,16757750
5746785,7263568
8563686,4829797
8704564,6719039
9535628,3327160
6031401,9182126
6049814,15333081
13319370,1070665
12928632,11910461
10698958,12597822
11469405,16770033
6385273,15134610
9840798,5969269
3541640,14235800
5137976,2680329
16463804,10184193
14791070,1556952
3865705,13923964
1830465,738069
13181003,2071108
10401376,4081303
15407590,9767705
6714179,889034
16076350,11763749
8772698,13198212
4190539,14338732
7801276,7418350
16028244,7433668
8136148,1664312
9369503,11924722
16551387,1950634
14047100,2226459
870994,6712702
6907228,12349558
10611578,14060347
8536988,8677872
6647821,12615720
9761312,15804290
8337404,4676691
13701411,308487
14306757,16575444
3455046,16420547
14432275,6136433
14768917,5564209
5400666,12397132
1917121,1909434
2898956,9753886
7460475,759928
797339,9244401
13280041,719135
3018883,4285604
8080451,439399
2863037,2132545
7037723,5341485
11054265,14110392
8821612,16507888
12412967,10889867
8730123,4188186
13146624,4090780
16586031,15843179
8618552,14986829
12339003,1634189
13642978,7376536
14489176,5914905
14444833,9626410
3129601,7448312
8755526,10275167
15163152,7087086
5900444,14918597
13389407,1149979
4592096,15072337
10340383,15699712
1898854,2753153
1904963,13786029
7553601,15259967
15448248,15398885
9660303,1761936
15824856,15036463
16749170,11042641
733415,9731671
3215,9478499
3294907,5585594
15502061,8353854
7254945,4941040
6641394,14627947
1396446,8623285
1373165,2840232
212856,8426034
15040355,3168490
15600672,6213104
7054864,4602169
12288829,3683294
11391,12321358
6253623,15205138
4185617,12356153
6641828,10836491
13260058,669806
3892504,5390850
9308503,14419564
7140207,6674994
3820267,7431025
2668,3601638
5579806,12036764
7708148,14854516
10725878,6247117
9612478,6137417
4928893,10566801
13136709,12316982
15627544,4954085
5120533,2789865
991196,14681318
7809041,11816561
12369697,4518175
10742413,5860263
4144078,15425054
4504463,1052076
4839860,4730790
5705422,4014945
14996243,5544806
6252949,6611143
8084875,6760083
13817955,16340215
11497246,13572303
14281980,7687142
14468711,16480396
10666462,4745324
4080845,15489888
6627463,5694356
10614899,7015851
12323496,11412145
4798620,6380697
13540637,13580942
5018387,14864749
5764378,14910208
3309539,4854513
7113434,367060
12132697,12472457
4975275,6367065
8647467,5662157
2094796,13759386
12656760,10962556
16324264,6245904
16219738,11746800
9304960,2482065
3114715,15653043
16090131,12034769
7233571,3908691
15567539,7538925
2238129,1362443
4640343,14306851
14179132,8294959
423603,6763623
12403555,12361446
1600152,3837623
16790695,8846740
3846170,3357234
10730891,9469228
14767264,10051389
6293921,3798414
5271852,7037451
16228998,11356731
5256187,13983756
1164188,5011323
13083386,10759469
2262049,5284184
8515379,7379186
14026965,8767555
182151,13606016
9589817,884804
202713,3795096
11793735,7982870
12160231,10444138
11365937,372328
1843981,11995694
2800210,2439862
8944678,16690801
3763235,10738888
16562692,15046935
1307877,10989784
14315803,9436173
12037877,10534006
15142953,16540833
8014354,10345436
6446520,5248253
14920331,7332183
14907765,15990335
13303699,10157801
13154946,9775502
15469981,8133984
14530075,3148020
12600302,1133754
13948734,9105028
3977954,3378873
371526,8384591
6443532,2434313
10994453,8431397
7834139,9706895
192927,12234628
8389296,717225
7715036,255497
2942785,5519476
16351575,8528095
5437983,6713340
14955292,2727979
80360,12178941
11168767,13023523
14732059,8556529
16077299,11121612
4060875,14264751
3063772,15407360
6664708,11925558
1705139,1224881
13017615,5533984
5282100,7482905
3006289,10575124
14906309,9995471
16345220,13712319
7195761,8840391
11204742,14568299
1957629,2893094
7798931,5992600
6528364,502638
1162383,10124968
3147586,14168922
4948956,2109651
189744,13993423
367098,9322292
8994848,3599018
737264,5200268
10751489,16402052
7505400,11072150
3600352,11826922
4402136,1745099
1507176,1034252
14518892,11074024
11100672,177176
6230765,6443844
10946581,11719814
6845657,11864251
11293467,10053887
6966406,5723903
11123940,16482322
227498,5498152
5700928,11501049
14987201,12397403
6673022,13706325
7397354,11553432
11284327,9644930
4938508,10800597
12947256,16577578
10430757,14037530
8496647,9795290
11634416,2263896
1383933,8219824
8594585,1337458
7105863,1292063
1175717,10196689
6668668,15176929
2756265,2007820
3890700,16659917
583683,8555050
10679033,1686645
8307990,8361797
7389779,6757452
653764,1925388
9866945,11090850
3831505,725049
258875,12301362
5372597,3590489
5689636,5824573
11337119,14032987
16329031,4948029
14840598,8110154
2442501,6277480
12668144,2322068
10626235,8560255
6369137,6265054
1856980,3892408
15563691,5903592
9287150,1656856
9120584,10622234
3911612,6797114
5181410,7317896
16016783,4651656
10601389,3683409
13789190,11082470
14015754,2064035
10091731,6929627
3220665,8690093
16738546,12980790
6053065,14156260
14026828,16650970
11853220,3905998
14577514,1970326
11054535,637008
10567202,9610789
4075305,10585659
5241167,261893
14199547,4055641
5548126,14994592
8640308,11670189
10292302,11351485
16777384,14488320
15557107,7590680
12299349,7834378
1030515,7613985
1666212,606515
4049021,9057505
7305294,12957230
3669387,129087
14684487,11549686
13412219,10411734
8789265,386903
12274398,3265197
11693478,7499870
10975759,16366590
9018897,8719651
13982045,2170345
1792183,16457456
4497723,2324094
14172010,10840744
1697167,12873736
1249170,1380832
15063554,8547681
11006481,13116838
4474835,5487877
9459668,4650823
1688866,11454152
6954649,1755721
10813426,14756147
5151656,9844849
6215730,15289860
702569,14147198
9826271,14390846
3467675,9847245
13485893,7375136
6889393,14259370
12821519,8212663
16205808,5986204
15598412,15758740
10751400,15562129
6037450,12541420
13262572,4057981
10365713,12089273
6946706,15698877
13402129,11173906
9086348,13153024
1420778,11087883
10763085,9860788
11976216,8706902
321272,4587657
4172728,8357079
8373929,6382531
4937014,6652619
15804431,14584494
3119271,14070996
3518887,11629270
12695348,4689049
12849486,8416000
10092275,6597174
1591372,7546667
511638,10146665
4428188,11871340
4277591,8457356
3630799,9433567
12173793,6436297
98585,7761219
11769770,9149367
2236055,6138917
8280378,10023735
10259301,8332224
12008155,5415238
176904,4051263
12130464,1457403
11860920,132446
14484369,12763101
272498,1371448
4299845,9696946
2985510,2842462
9963734,10813018
8512019,7969507
831158,940407
883829,7903585
4736176,12629504
11628297,8985602
13826120,3999279
4634850,14833262
7684383,1479749
7880551,15488220
1790673,11664701
3571536,14182496
11282763,12741502
13031281,2983188
5034635,13638309
4284414,2867940
1660535,7735758
12260986,9279235
15015018,785435
15978612,12279895
8346088,7189414
2322862,10897487
16106877,3445935
5729709,1359454
11456794,11615482
5595051,14232394
4844348,15729390
2120639,8041778
2288627,9623107
10773576,6287933
1783319,5903914
5998523,10704036
10755979,13772941
10546074,7050922
15160621,2979985
13025319,7683042
10734772,4320913
4546208,13377989
11834225,14448389
3212874,8905145
10771986,276353
10354070,627700
14173807,2341005
15033143,15033506
5825436,16331390
2384333,4537328
16691291,4195259
14289938,15332423
6847949,8555194
12705037,7370774
10672154,2495098
11419798,10119316
1668319,497986
580643,3404141
6451497,16025687
12506945,7809862
13388010,15614125
1905852,12768505
1568171,3816430
4897202,14950538
754346,1874672
1433905,7292244
8189083,12531188
5793045,5941836
8608933,13704459
14920599,12420654
14463429,2514539
3817734,10919299
4721449,7950551
420590,3868259
16522440,2158368
14933334,2263060
84260,8616515
15313285,985944
1312304,189347
9775577,26034
10840256,7156417
15676269,4379390
13267488,14939905
13093221,8035804
1809464,4798645
16059234,11298889
13974548,4367168
6578441,14160021
15029809,13633982
532357,16455555
1425284,7643308
1680585,6297655
7680387,2643400
10697255,4468367
7326773,13513848
10562527,14764153
2153129,4722703
16726878,4821206
6991098,1540519
5388088,4546361
12591279,1497638
16042019,4721925
8729857,11180913
11981364,7711910
9780448,9717041
294076,1890903
9291272,8379213
4070179,13940396
10111197,4054544
12030668,15309168
16445974,12150316
5845697,9960039
13245921,234560
12866849,16258365
13710096,8078480
3885397,559726
11624882,14707529
8592670,16674694
1669586,15266732
15722667,2930800
15486163,13438546
16109553,9156653
2967386,1580708
3377488,7417768
13943129,16070934
10862128,16075096
6374840,2743401
4061356,15513173
236483,8645109
1983722,13097551
6709114,15938806
5087882,1983826
1400272,8830184
3469621,15710279
1435087,6405056
14922221,4762568
1673783,15776993
14845212,6809145
12040750,10182772
11398290,7468923
10993967,11416660
16613289,2509680
16210448,329679
2304123,5353816
7108815,15242141
6763676,10710303
12872717,11866677
13803428,16686533
4065866,5461328
14128936,8400427
13712927,4650128
10269883,7905916
2650480,14484389
7400964,11368111
13238649,8693466
14906831,15468427
11300365,11234168
14720966,3534115
14005141,5882436
12222026,194652
1414156,3713628
12241248,8272614
4680420,7269235
50478,9793555
12702563,9408450
5563081,8809176
9724972,9358265
848264,5678424
13588365,5222523
16268442,10998161
16153569,6578209
13625403,3435936
6824501,7258178
12029405,7773821
3738982,14605241
7682796,15269117
9039783,7362002
13136456,12937196
7615647,14939003
5044235,10669443
8051260,15421328
3461682,12834892
16253104,4398591
12207270,11422157
1059527,5925251
8495884,1937041
16015524,7897086
1434453,2127146
14585474,412958
12371503,16686769
4216457,12877356
5914970,11918605
10465981,3741163
3514315,12326108
2978336,6855393
10296552,7889758
10313784,16584189
7386431,15068750
2727134,6078033
14217899,2801652
4613370,13996885
4301134,14917851
2038150,2950463
15583570,12727179
1855342,2768107
15250510,6946346
4298037,7055721
3210705,5220419
1285249,5232296
6985255,5052291
10883963,16394017
9220986,1289301
7963488,16613226
1966794,5608641
15425681,6028724
9933670,3165769
13667159,9486950
731398,11208987
9705567,560558
2204868,16450183
10501820,14605605
16508322,5130398
347454,2248661
9359210,5989313
6464481,11625553
7280209,10201214
7818577,478034
5248694,388966
10262748,9788055
3938365,12052926
12044524,13455428
6967265,2769445
5493459,3466177
15494788,3089593
6171221,2416028
14787115,15327853
1144445,13204434
4484313,2914045
11758344,10937835
116436,815711
1589392,5606418
7444127,8691428
11139062,517883
15862575,11259315
14451092,8221057
10493510,4859548
5954805,2247298
683184,10345559
4303375,12422669
2881125,12220620
4434054,12216813
4371249,3729157
14098,13069180
4789547,76173
14095236,13490299
4499504,1308732
14212412,11962826
9120615,2389919
11894835,4202823
1564414,13944453
773556,11777910
5536751,5292937
11573006,5919694
10086189,4767263
6987154,9096682
8949892,2386662
10810140,5873731
3100415,8803563
11062159,471563
7426642,14507081
2741240,6570187
5697714,11271479
5780276,16408037
12533690,12425102
4650892,13445781
295417,2139807
12394901,16673792
204151,5212304
6019516,15796337
1685845,7922608
15374301,2628558
16564716,11925439
7224341,9624757
6011509,5862551
16462852,14595223
15677229,5520264
9251053,13926485
2346308,9082591
2415229,4977007
1723930,2720630
12016657,14157896
13345584,10830701
15080014,13886377
16577368,9735099
16641812,6916128
1119034,11610677
2346196,11219766
111641,7282208
2048240,3819350
13257741,6192739
8491840,6121509
8160724,2761278
10234209,15375714
11256380,8596746
9815530,5806673
7713505,8560098
2087209,10001951
211989,8632536
9020044,7369055
6411207,1766700
15266054,11834320
139947,14499253
15365829,14159659
11935973,4211061
10832439,8169242
14750511,4903000
14274316,5289373
12244029,6908110
13985202,5710454
1454266,854845
5388226,3244354
12614865,15172246
5404132,10033402
965593,4308240
13124859,8591289
2859617,6167572
7825541,7910835
7462752,472505
15353104,181919
15078897,10763535
12195344,7260991
15116586,4596641
1511464,5192481
15791124,1115360
10543821,12178151
7141414,2522592
5326687,10956409
6676122,6861810
13394569,6104824
5938782,12811056
10614485,12969544
2763508,4653728
2041569,7342834
7842376,12233724
11929101,4097650
4862442,4879711
10417658,14897449
5108731,7655150
6992114,15111698
6614220,7921766
9149429,919364
9348922,8338279
8492772,3257525
12031460,15144657
12184471,11284031
12069590,3765221
8538080,5155497
2825772,3320238
518354,13507001
13544825,6862165
1825818,5346356
5022712,11512722
7159215,407530
6999929,3355575
15045440,13263942
9310147,4531742
6199765,7848234
13931148,13288988
7708114,8993730
970483,10850517
7697831,6395932
3247811,7365502
12117769,1428264
13351122,6613776
10790517,9822981
14633427,2583165
2894790,1935030
10212241,10223378
14003506,5512613
4467676,479828
16442890,8513121
5483166,12818336
2567638,18571
8507713,1331169
7168442,15460093
9003691,7864736
4392180,332198
6151047,12656208
5653709,10646575
10996558,11659622
3905108,1837631
3173431,3298337
1345378,14751164
5471809,12279246
14517586,14232943
2005491,15024008
5538259,6381846
457240,3396296
16790552,1139390
13983625,16275378
6489810,16365602
3673604,6952252
6614509,481836
7043401,11376970
12344658,3905565
14744401,9204751
5546571,11639304
15500447,7262279
2422301,2695391
13443352,3943372
1123323,15042373
16452123,11563042
11493462,2809933
886552,4413438
8374373,15543576
14297273,12247338
15323088,9267870
5665489,3676848
13788009,14371073
1423547,15961513
14201509,5308490
3119629,2156857
15243038,14801234
14111853,15806904
2031378,650620
13073542,1014372
16356063,4757094
3216783,15124483
11052301,418416
3820044,6934018
6517731,13536555
16054604,12150717
1482145,10983688
7642448,6635006
15200927,3734843
16652061,5417247
6636278,6264041
5151877,1318180
12826356,12472170
16057621,920440
13014196,3254839
2525335,3049425
7980386,514472
14421269,10890846
12134839,4336295
6554196,3416739
6718730,8307367
15307008,2519674
13431465,12506420
3166091,3711819
9037269,5064146
7065031,15064249
11698108,9310065
11762014,10315868
12394966,8743567
1858326,10021366
6238963,7145899
14859594,1321968
7282752,6902709
3812778,5523259
11353858,6178100
1944704,1702414
6241220,9379012
3999362,5423305
8768273,2855017
4744233,2470935
6968594,4468405
109651,12026635
1536684,14975588
5455376,2132205
6773066,2223018
4693506,1834751
6956196,16290295
7055326,3793934
1115850,9038411
75862,15665669
11632484,16069397
12108805,9725243
3047623,16296892
7208008,678747
15654656,15581035
8655462,10440063
14270850,13032911
10223055,3795631
14638579,15953052
284879,5633518
12225250,8375497
14973105,4237102
11231531,10122536
1643395,8935315
8907850,7937775
8517779,14684697
11090314,4538600
7775797,3678552
15029789,4827629
13870912,16173774
7099492,2969758
15009697,4239172
9388513,16663006
9996627,3156601
2345793,6043671
7956741,200933
15555117,7986716
9683112,11934904
2990100,10541358
12237572,13420104
7273009,12919373
12574033,2670939
9208779,14826212
1223343,8521987
9391980,9547225
3469155,14193834
2546538,10995782
7144028,15100714
5119482,2879173
7440769,4468845
1294718,16101776
15721139,1343531
13201450,4642890
3960359,7247342
16641053,9681476
4719424,15358428
5869445,494922
15635583,6531215
7559130,9861470
2221660,8261812
13681223,6449413
12125625,4051150
11799527,264587
12892353,4982043
6264936,12956333
6318844,14139779
5331263,11061364
8389889,14218739
15163524,2139965
6693361,6409927
4817766,13404651
14615289,16345551
16309704,2444780
15371308,7797000
15274017,12025853
2462123,2949813
14758294,13295272
16194253,3742920
9874120,7209587
7238048,1525758
4593865,13198442
5655821,15075462
16089611,15856588
5429239,12682747
12311443,871246
6202190,15248666
14785687,7749933
2806247,10938356
4675871,2091008
8629561,1225987
14844069,5033660
8244487,9234674
10248171,15119891
9932741,488009
14710756,1339244
15232018,9210819
9203835,11064159
12641014,3968027
3688602,5292997
1949218,8117144
2114438,14802673
2354527,13548158
10046747,15750343
9921014,5589310
15957359,15653375
14001177,1721901
11294196,14851392
7719014,1060856
12593729,9276420
8699213,5747656
12633350,16565555
7597526,11135949
319202,2995029
9514110,10245357
1398751,6883784
4060733,14123096
9908636,9111067
14066694,10371126
16365292,4394752
14162456,13994555
2933133,10368437
11795442,8925681
6825363,12126338
7322628,1150132
3258595,8687655
10029484,12846145
6673621,1355521
1530100,9061819
12926076,3122353
11061491,15602460
12973113,8179955
10280929,1329148
10842390,7434386
11347469,14600028
14714927,7847601
12940939,8942325
7060862,1017238
7589091,1673427
3241698,1303079
11883775,13328990
12862260,10881993
3975076,8792045
15199277,239379
13475240,1230466
16658627,8620279
10156850,7125602
4908055,1588407
15514629,2889962
3049461,15367978
11884797,3499450
16265283,11413740
3700119,2899866
7552970,2133505
6540800,11800322
2460692,8534748
8259206,11446779
14910095,14430433
8583713,10885378
10962928,3032903
3131418,6740047
456880,6030901
16719017,4914322
10854967,1313929
9789534,9048469
194968,3678
3124992,481847
4512302,6128431
8747028,10298360
11527968,15128715
2256688,11340613
8297392,5474160
15676865,328393
11914518,3735973
14899715,6024091
6285149,2573583
13420299,15116351
4518866,16719368
4901489,9401953
4359100,3263660
10056429,9943582
4098241,2453664
15986745,7950233
3607275,2703670
12016516,8799039
16622300,3462659
9499833,11368963
6594642,8031773
13265789,12311833
6586802,7462566
12893863,3408569
2196658,7265504
10405727,13541146
5829460,10037018
8107141,4529601
6679970,680451
1809845,9244356
4149184,15915981
54434,16627558
7385796,1347425
8083371,3946760
5166116,8166232
3021834,16311816
16547187,15723935
16667360,10248729
1908752,11056501
3561332,12921973
1088972,7515309
14066690,2238201
15577169,14931809
7105664,9433572
8813469,11193435
456937,428241
14329529,1686849
12012267,8136464
7925599,4631103
4354312,2804335
14507447,3069395
9486825,610149
15968952,16039967
3592353,14243984
9082112,5596948
6378741,61484
6162929,12182537
7392806,4878459
5998253,14957320
12103071,7585116
7152561,8026100
8318313,14858756
16561621,2203856
4812911,1748868
7892458,14123169
12445086,3372404
15425768,6172199
10041259,3629118
15598408,1077553
5162288,7269692
6489643,14607399
4908196,14075482
1713154,13117109
4162496,4034953
11254501,3425231
9468909,9942392
5032307,16400872
7928527,1266246
14710880,15895864
15784589,1356415
7777308,3535436
16347272,1692062
6362960,15984070
9846259,3063971
13296330,1632488
3864302,7102744
14971703,11882412
15895497,10708662
14748798,12072100
4525161,7667662
13527339,5628038
6553039,4959441
5713526,9333471
8423426,4001205
5418332,15961150
8354627,13766068
3231268,15873710
11697996,8139834
4017284,6904293
13288980,5778885
4353558,8300833
8158865,14954685
3877888,1437838
9641064,8091367
10849075,2336532
16771466,14680853
8851978,9382392
15078078,6428731
9542047,9047887
9596129,13394448
147011,3901505
15051258,4571155
7042728,6357370
1035018,1403190
4822080,608542
11967110,16132735
7866512,5352567
4327630,6602115
5266144,12903384
16775411,2800153
9400454,11778029
16633944,12181090
2016270,4289265
10504257,906045
12801143,5920125
12328280,11198474
15175902,7154283
16402273,4307159
12405128,1337292
4869657,16713351
11654258,5762934
6879987,7416288
9688216,13411462
7341036,6597134
4700035,14353383
9862023,657213
3749446,2977388
15815275,1535715
7563439,3104669
10107955,554831
14341368,14070578
1803224,2458286
3071159,16308916
10572557,9596721
964328,7178996
14346860,3715240
11181287,14063903
10878279,8130327
6894729,11010970
1948406,11024109
3053714,12463778
10457833,1024269
4620243,2485023
7803223,12172538
11892977,11398023
12018964,1880980
7224555,8291328
799703,5599662
3302151,9039301
7355609,11262894
14077397,16526530
13440519,370027
659880,9814801
1387789,14233769
269612,6931955
4542458,10108703
14569993,16191591
5760111,9946605
13128375,14178320
11978503,14725723
2545082,2182875
13424382,7587789
4633246,852368
4859839,9850127
3678495,11405789
7611161,9808227
14431872,13854394
15332453,3865645
1623882,14975179
707574,14827090
9088722,11711316
11214814,16429521
14388335,2923036
15587706,15958176
12349515,10792167
2273696,10858956
1198560,10439907
13229509,6409025
618200,9860279
6511917,4506927
10771867,9232835
6229493,3483799
7017938,8804169
8671142,3946056
15534533,7421907
10046230,5550766
5664653,11150434
1359472,22196
215691,13519207
13625700,7452124
7934158,4588020
8071145,5978741
14429890,371609
9840663,8238075
7299196,13529537
13684454,6829179
8295474,16029269
5414914,1469110
11881469,6310744
16216097,12262994
6047761,9793347
11160902,16614182
12059034,13271173
9215278,7709883
2202551,15903515
13392974,4241585
16056294,12462100
4338282,7117192
1712155,8621640
11659495,13932041
5932880,11983600
8947871,11861872
13757237,103881
7146281,868865
10270262,662314
4381723,10058532
5468178,5176822
13059073,14546097
7333458,3897245
8903432,15588685
4710299,267687
13450222,1142063
857083,16664274
11770410,15508532
8024314,16155345
12270603,2535051
15734246,12405978
5561593,7004847
4603806,5369766
6820309,16249077
2083750,214990
15246481,14517183
13036228,983323
13862050,2330194
10020156,5259817
5918112,4004356
724385,11061268
11510545,5384021
4502728,3654757
8850490,15845933
13252321,16177473
16735734,12264633
8158188,3034900
13140111,478281
8057162,4418732
265395,1119696
6917428,6425593
9188417,9669464
1122835,5569410
6105446,10644001
1372980,13323665
11608651,3209883
5287458,3077028
10069439,13592105
6179266,147313
684645,15145942
10326186,14065667
4805989,14403218
12899546,2060783
13868351,8207501
12043651,7929804
7502491,7852516
6047766,1317000
7784209,9541120
14096861,7311317
9824898,6083650
8033014,9336864
7600287,10468926
8691702,1122590
3277585,11870097
4453347,5219670
6985265,3015548
2709198,768484
7224532,12328220
5773623,14170761
10792905,11441448
1102193,14797268
13208396,3405480
16039561,12715797
5660521,12608217
8268083,12608025
15366550,6740225
7794981,16217006
14974650,2873448
6504602,8064815
7970334,5769833
7654949,12530150
3472271,12463498
10386140,16131706
8622662,5795071
475715,15473044
4776630,10160482
3187927,11138406
15965874,9499546
12657877,2300315
6144525,15463026
13074909,16441021
12665236,7862415
5240301,8012098
8458505,4539424
9474115,5071152
3400518,1211490
1123265,12274883
9588930,12670702
14855182,1264315
15414056,2094666
278963,10556451
9637778,13150335
16063718,198761
6451031,12645025
11468508,1754473
6269780,11086118
11838884,6648635
8256085,561316
427227,8645705
14591697,16522595
9366480,1217599
11689203,3152141
8126740,8151171
14732497,15677624
10039423,14586352
1253870,16785696
4603063,8922484
12377496,12035808
12291702,205613
9495495,2701235
11214852,9691633
5912658,817452
3528255,4202009
15905908,10890481
10104534,5715717
12327958,3439910
1779801,4170553
9908853,5666993
7982141,10920565
10221144,16351486
4343331,4491747
13346351,7208948
2686056,7010877
3831364,381585
15968399,2269991
16488837,12289567
11580569,15356690
7815734,3846595
15675393,4532365
5861387,16431465
3057212,16042408
8424398,690590
13134219,7831373
487842,13799738
14997934,1179416
12201148,6943681
1095789,7354720
13061503,10917393
8524649,12014622
3356014,14506666
4423742,15881268
1271929,8391131
6233390,10992344
12816277,8277753
4343106,1808920
10281724,1754537
1134730,1539943
7827728,12570660
570017,2013223
8782430,14389370
10766451,10587430
2518244,14404448
6111201,5238789
5503089,14737041
12621762,1622817
3637716,2459781
2308446,596051
1005769,11971310
3878162,13649785
3750204,2841847
15705328,7230062
52519,15585666
11412351,7451360
8942395,14542212
12857130,6933436
10806692,5080355
8752244,16302912
14366897,15903249
13181041,945203
13218863,9232895
7882973,13868592
2484653,9471413
11326187,13322036
599994,13260683
12190842,4107749
4223198,10496044
9808728,4264590
3693364,11601311
16004217,12632896
7236833,192901
16393263,15635386
14211184,9373815
16362938,11376867
15555180,9649040
11159334,2017120
4722320,10101246
6727512,5708960
8910881,14043402
16363639,805322
7451508,15753989
16691341,13333476
105720,14522342
7278949,9786759
2139918,4830480
11167887,15470884
6174154,569352
763761,16118632
13479677,6625240
14845692,3094812
13292813,14219100
7407995,11762722
12879510,5883034
3152263,15832229
7721224,2820060
888992,10370669
13728423,3470074
4177677,10007816
7644669,260195
12816662,8619714
4130250,2689824
12663672,1778836
10449298,9828052
6253016,11747651
8408097,16537430
7760493,12124606
15895126,13285699
7216047,693511
10575847,2360182
1276536,4094931
9155631,1241796
10330308,13769422
12179508,11408258
5272684,15242552
11753524,7908425
15297414,5301077
1324114,1690423
13482119,8230746
16736102,4461436
10166462,10396532
14891519,8457035
14171427,1612844
4469799,418089
6168128,7417855
12784341,7137975
10127839,810119
16649535,2467081
8073120,801765
10163367,1871877
5479814,10962719
12145886,722126
6315505,6612571
15256616,4795159
10997006,14273739
15226110,8897236
3061496,7267537
16439266,5779704
4554729,4902672
9662597,7179853
16405584,16345804
16058594,9373224
7769931,5295084
10331042,16621760
13809005,13865041
13412897,5532442
538044,14203112
9277134,12179070
3433089,12647092
5017570,26509
6218452,6277853
6923902,10449
9659343,13014506
5518228,10577771
8073287,8022374
556889,1480981
11638895,2685141
704962,13815172
2211721,5677084
14115255,11179237
8522372,185829
13208555,11677879
8888406,3876239
8178083,15184137
3661870,1938501
9190120,483367
13963044,5310170
12196567,3808389
10282984,7701738
16488515,16635147
13722819,7788582
2197720,6906883
15618878,3737512
2652648,15488850
698292,12260896
8602951,658932
208430,4055286
13906175,486049
6452018,12035970
9229143,14415899
3228605,16747159
14779192,11195546
11983963,8107266
12972197,15448909
5613559,16138989
12700873,5125220
2191163,11606743
12571848,4867944
10977741,4595842
7343984,16631271
1161557,2834856
13511274,4119643
16426992,8468612
3415052,8735960
989635,15830802
2733126,13068198
11327908,1714948
4054510,13068353
10999104,2097482
13804760,6426918
8302301,4620487
8027976,13536951
12319421,10525888
6330114,3021707
5363137,14371986
14607801,11550470
2774462,12021073
14277437,695061
15665458,16360825
13830568,6440988
1716794,2856822
15599308,8193722
14678856,8525481
2800674,14839161
11942875,11024582
8458637,5961757
11554894,15858819
8350769,7277247
14236855,11821505
11465928,13266042
11294374,2518837
9265878,12192717
14313508,4000198
3538997,5204925
11058628,3580813
5700343,15719904
7501823,2550910
16238992,4041585
1134267,14877063
14147528,14987917
8595524,7676860
2326397,11968897
5113317,9843829
6531151,880569
3636437,2074298
297165,8001122
14039592,10602626
10024658,7194718
11598712,14845498
10336310,9344416
15318767,8578593
3707523,14322926
1893788,5847219
15594418,11697767
9513837,5591675
7802547,15293177
554541,7585666
10586689,4801815
12663757,6022954
6776153,15132851
454512,3943141
10390148,5810951
14498059,4755096
9979971,2600034
4405207,7509333
11705951,10605738
6887403,1663495
7184554,7329036
1106900,15732392
611735,2798121
6293833,5359904
15374364,11442198
6922069,13986279
2168589,9531713
5400939,7419534
10248706,12012773
9880004,162513
12889734,11434158
2535639,9120877
14081044,5638278
897581,13801907
12541462,16175437
2565889,15747473
5761301,1795995
6409179,3963065
12163803,10470744
6411827,5432390
13062361,12779716
5087028,6996112
13175200,12212394
15983596,2352346
5487427,13734640
14190097,8280442
5197070,10643859
12716392,16544773
12533120,14384036
3245963,9794793
376143,6016440
9670416,15455104
14008037,7220467
14922475,13329690
2938762,3683516
16612703,10038985
2029945,5237127
9346281,8482397
2065571,2017846
815539,13205406
6858718,1129804
12943653,11418939
16239401,13459487
13928729,5424778
1194952,8977199
1547467,12862612
5628045,10889245
12363682,14842451
2901247,15524836
11778161,6276005
2007467,1982335
11547150,4735005
15720287,2418911
3529713,421312
512003,15829643
6186937,5529119
8919039,11642684
6057320,9839486
2659594,6188355
2049210,3823190
14859510,6526625
9853146,16216115
10138245,14203457
9513656,14474179
6673210,15756012
12277192,16085088
4336671,8843541
5450875,10461710
14491444,15607140
12796722,2077702
15275962,15214301
9094390,2792639
11169074,8575880
15750252,14657328
239840,4572864
9596921,4253741
11941762,11795639
6467155,1034841
1720299,11699875
935816,9427419
15656975,4079605
297153,11445395
7884060,11071819
4345140,16406136
9254439,10310204
11468522,16305727
7190506,2130202
7663179,12460241
5311806,8847671
15807805,11622758
4624561,15430895
4338896,914561
12208898,6823638
1989691,2307400
16393573,551394
9886061,7117020
1081758,2462232
2378105,11355491
8737826,341247
12845253,14097029
4687465,11399276
12687280,6057991
9233559,12526252
1660429,3641639
6911859,13264294
15397782,2712800
15605645,4872424
679805,5430133
13920458,6970388
4215672,6662238
8201934,1306624
13595423,16542112
6428231,676936
16049388,15297482
7212914,419011
11437068,590040
7842834,12429242
13507492,15437020
15540077,8950018
15828074,6402088
7292047,7738029
12328800,2275261
7413334,7407015
15780414,11347663
3925199,4269468
11438250,3701876
5663129,10327285
8514716,7361774
3398254,860013
16791956,9248507
16375866,1394218
1781267,9600045
715576,4561751
5282618,3985594
16423945,16036728
14668714,9082333
12852792,6287278
7530096,1608004
14876853,12328805
12726409,2130697
8990764,410558
8221356,567239
14435129,6162129
1434626,2951579
2609131,10652836
2068347,11818513
11280011,3180191
13049919,11116647
15993061,975035
6108032,6406719
2442633,11714834
13029581,6939674
15911823,225856
5758146,9484215
15079456,15387726
9025052,14228931
5195934,6419035
7693450,10192601
856938,12103804
6413647,15744603
2186405,9651197
16268730,8705442
11461532,2184920
11358050,9136132
606405,3609806
13386070,2476854
13635299,13916000
12934192,1988398
8538757,9248043
10715827,16135868
4278178,14817546
1809723,12690505
15213723,4637103
7006328,4936976
11934208,7000546
9255021,15140151
1344296,15752894
14224539,1466788
9161147,15880019
3995564,1784371
4795624,4659834
14626288,15046798
8718508,2001107
3282760,14358759
6538511,4562819
9714475,4963949
15561756,7448641
14423176,14954194
12349074,6446038
6781092,14577958
15231562,886983
8542305,8488462
14058066,14861255
5357413,5161048
2619545,1011177
9667928,5425972
11876549,8773483
8782121,7192107
10654657,16408533
12283016,6085214
16609810,6387224
3998765,12445438
726567,5468084
12377808,5494427
9777040,784285
6400441,12906990
16762081,13350247
11079252,2287666
4839946,4628705
9010125,6367350
12541672,11673495
12318170,4285207
10442461,7166306
5699511,763841
8979313,6934858
2842620,15058006
8738887,14525087
898197,10034046
268680,11744464
14210671,7721816
9102187,7794744
13020894,4060590
5001746,7586021
4846738,6553582
4098542,3373118
13370416,1829726
6321976,6302837
12335883,5220502
11964365,197828
9924255,374621
124602,12723027
16226453,14852101
16055469,6646067
7415881,297650
2282912,1611184
13128287,14763161
10141934,161351
5287591,8367187
11770611,10876292
13120135,5894060
8026764,3481930
8610715,10090328
13570523,5055160
2842365,629334
8381224,7835091
10898449,9848713
1453797,9902135
13211090,5511439
11373681,10570003
11410042,1628218
2116192,11563695
12658468,12929140
14053474,8948468
9034526,2592662
1922360,13411364
6673862,9317248
12544788,6255803
14184505,13656552
1969961,14646325
3810490,6295785
11429810,12510290
1448332,3718026
478336,13049755
7631394,13406175
8137321,11618946
4667259,3612682
5023811,9003690
16473410,6898050
6770805,13993330
9539096,5208093
15305404,12287903
5945866,14921025
10325171,7824401
2011249,6117076
8711895,13615213
10869749,3282311
14397193,6860176
12694589,277644
13284649,7855677
10854053,2658552
638989,36721
15482273,14640608
2472999,1382417
1941999,1251380
6600168,10157578
5362528,2270438
14430077,13202389
12525005,3179481
4373489,8338217
7579827,3192893
5595538,4442310
9155287,180784
5109702,14944310
5260245,12980624
2822195,13728346
3244421,146705
2497024,11108491
5442050,10018642
2961620,12054851
669421,6597569
16264112,1936119
1629494,2445915
9566619,14056904
5608430,7373327
7581714,934247
14463508,8770327
4025661,593626
2263078,13314240
7947645,16432293
1996878,9796127
11998896,11475703
6283117,14031411
6925364,4246228
1159156,1855411
2205836,12659027
5796241,7996285
16000637,4891564
5520826,1662439
15240576,4167675
193209,12010291
8034722,4306487
15958022,16269285
4477443,14993446
13339599,12676798
6328258,15936294
797209,5237390
4930238,12819685
12782359,11031111
6765723,14810158
11420484,13657675
11565869,14480480
1243346,497369
120893,13063276
7454584,3496380
1821078,14620310
4320744,4222653
6108300,15729992
10737406,5290796
10908217,1797279
797127,6068439
5268559,6127982
3579212,7922979
13675701,3288836
12002370,5777609
12596088,2045641
12936328,6602047
15043219,9793607
1464136,3948138
15784566,7902641
15497715,11859183
979562,3699521
14874738,4829372
3740403,3692423
11706234,1247199
10127914,12584023
15114674,14870183
16301184,7906124
9521638,13188730
8264800,16508387
4541639,1910386
10142096,3201996
4177025,14056857
13236868,16136467
1672272,14823454
9922067,1039894
14559686,14419647
4010670,188147
7439304,3999157
6805857,15569911
8464367,4616243
3601853,537333
9984190,12073087
5110301,15925610
15594084,2565091
13813339,12275642
14676095,2162273
15166661,9434749
15378535,10037120
4484639,12335891
1625361,5902184
3666895,12400963
7357505,148664
11802372,2512955
2848029,10037071
5163587,15440304
10141877,13089863
6944976,15388488
2642457,13382784
630278,10744667
8248500,10080858
5380530,13780953
7320323,13948085
2434136,11790135
6144730,25220
9293767,15601963
16030760,16546663
16653723,492410
6648432,3535538
6495619,8144850
2663926,8421137
15483599,11286839
5120820,5692886
16436506,12537283
6361050,3654945
5449993,14616826
1447668,937484
8824764,1619497
15175272,669234
5087937,823934
15437016,8112034
825384,6324128
1703627,14354693
3083657,5340731
10425622,3892233
8249225,2758268
6693278,4335592
4994225,10972536
15428474,3914554
4931056,8445376
2628987,12645330
11272373,15384103
15731814,13368975
14107746,8801677
15379776,5986998
4271744,2541042
8903087,14396127
2184244,2570723
4998866,7685018
43281,2629504
4551947,1326397
12476300,13469950
15179109,1902190
1833316,15036044
13970224,12849860
3181936,8931938
2138336,14807825
13619659,13026440
9070756,5158916
15907882,6532608
9993923,12492817
2311404,1371485
6527962,5560072
7330783,12181716
7370090,3438015
1383309,2399847
13283137,3467051
9097755,880961
6405846,53274
6829815,3085018
13463364,13541388
10124143,5657712
15056006,740876
2932205,11927006
16468969,1274302
13531918,10059664
8338181,11818926
9368930,3399922
1818270,11360792
6059588,15500286
8582776,1980263
4060700,13316141
13535410,11295920
349917,920443
12165778,6240860
4477114,13865627
7434136,10145524
2457122,4396767
1922775,8955504
8881321,9289472
3524632,5301403
695564,8271890
14700325,5600646
5120097,15974947
36637,13389071
11822073,8057049
15362372,10132709
3566849,11537376
8787336,2420286
10476786,2739544
15515703,2360250
8697204,9434134
13884067,14963881
9982054,8978489
5121260,7905583
9739531,15809026
7486631,14228238
5049761,8370120
11389236,823128
12119298,1270947
1059646,645688
5179157,4142754
3347234,5245701
16303558,8507493
4107505,3287750
9290357,12249408
9380197,16493177
8247433,2314826
14297097,13446368
9352516,11169303
4946070,5118483
11731467,1412601
15020942,3789179
1919075,4844266
2574994,2378817
15994299,3100162
4965509,16593709
8516579,14415102
3848850,472735
15229771,16676784
6554879,13982809
5800002,1130817
1198078,3047827
14796692,1977279
15863589,7584263
294320,7219638
658164,3140913
7034154,16541608
9801486,12863335
8555031,13275360
9287261,6066294
16596163,1027039
11310329,15847715
13790129,2205358
11588890,5410526
4582189,10033683
14990265,680186
15722112,16701443
14826845,2774199
14270641,10628157
5185916,7091128
8567615,15889652
10427856,14231829
15256898,11449046
14215555,1070252
16674112,1540161
9565830,12579048
1294437,12955381
14103479,3115174
12583343,1460713
11205806,5345366
10570273,1087568
2415568,945589
16094,6763074
16749727,13444397
10753508,12260217
14011738,1726466
9755990,52612
15176201,15636692
3071860,8426331
4500993,10644588
14776828,11137742
9988659,7930492
12959870,341048
7700616,16719945
12944050,3851820
13892199,900617
7589578,12701706
16012424,13813599
6151518,16133566
6155926,8081973
3745730,3933836
1903361,4427799
6267951,7243962
9429931,9548501
10535534,7902092
5621487,12545964
4142657,5262873
10854133,11255944
5553505,12989508
15509525,2373979
15204845,12273864
7861360,13084839
12454063,2540240
13445577,3112329
7073682,227096
6905416,6211277
8843912,14399077
13520746,16078462
11791643,9436195
7650390,4987243
1958726,8861287
2618329,1384500
8927598,1287730
6673569,1691932
8006442,14798770
3468397,8420653
1190726,4107158
15383609,11742266
4420469,3056969
14920669,11069655
14061393,15094471
7438876,1465142
3884160,7277580
13803097,4560879
12329634,12427244
5356617,3540162
443523,4606440
4466515,16060245
577197,324633
13492710,12725105
12526789,5222732
6893126,13845211
267562,11919196
14427886,9826505
7461164,14269036
4161695,13927257
7308342,8965084
4698534,427940
15370169,13353726
10885131,11092786
2030489,6320981
5654541,2152510
12925798,14019437
1234450,5735676
12103165,8362455
15525290,16195983
16238011,1466332
9868326,2995104
1121376,14503544
10632364,15727413
3657912,14878797
3258245,3095475
10341328,16638597
770612,9903649
8786466,987999
8445548,5560483
16025158,13638326
130959,6917373
15819305,12643134
6943602,12295112
15647548,15324727
16547764,4363232
9067817,13761189
8219307,10818087
6349919,11117134
10584647,12555782
7880657,4641978
13413909,551847
15417861,6234622
13391629,250389
8152479,2017673
5547566,7037784
14106709,555034
7801655,9183641
14172289,5406187
5731388,10936894
16028639,7570184
7422011,9289267
16076202,11069379
11592988,7435824
1471921,3132214
5823563,8486598
13376262,10496245
6245722,15624073
1604892,3674505
3455115,3597850
5775284,8943852
14546099,2042205
16532172,3797158
3634201,1140549
33541,3386181
16010953,1435539
5200075,15338310
9943223,5639492
9032688,14601275
1107069,12931939
915426,12614206
14970810,10383205
11532165,11869509
13225219,1078700
1769190,15627726
6344291,9881019
12408339,11671824
1448291,7527021
12747595,15331483
13534648,12738846
12705705,11063017
4271282,5824080
11703963,6862699
4993445,1777381
13813600,12033135
306395,2708641
12175414,38901
14170407,6906742
8131156,1212121
232423,6923631
9023109,14763211
3987995,7226331
12859911,10340212
12406189,6833990
5758768,3972489
3288914,13886691
15608614,15652835
5075106,14221704
15103894,3973769
13406916,13730275
8423118,9290107
4284305,2351032
13265513,7579051
450101,10571829
3468496,10347260
6812174,12513631
5854048,13266176
3115193,14638445
1721151,10441238
4059613,3087255
4977531,4576749
6860354,1236482
3491007,5755541
1942230,16695978
12091327,1418483
7227408,528059
9172990,6842046
16414922,528533
5881535,10942912
14244237,6487314
11001937,4589385
2703986,10612729
10756163,13224553
1899769,7289694
16038852,15267145
1067295,4245
14809889,11721733
3286013,8635717
14185180,8798972
9955734,8451797
6710458,7271904
13255111,10679479
1261608,11144678
3531047,16238386
13441664,13457388
6568441,9924270
14481298,2616449
13720207,9176160
838194,13381714
11625050,3666817
6733135,2829842
4175410,8880460
236538,8789251
16676879,8883139
4538146,8265993
7933169,10078548
13281847,13209264
11533223,8815005
7586403,16059426
8010232,2232280
10011917,11726901
1436642,1754412
9407232,7199479
2222806,12479679
668266,3857778
1032484,1225164
2493037,14181798
2429047,13501545
16098324,4224800
11212962,14404998
16553987,10618781
2306840,1216789
3031281,4726767
1893229,7107954
7418369,13959047
11425736,4183127
1777330,8593613
15748477,11035337
1572075,11695500
2058439,9733813
11941997,8908459
1991537,6235254
16633628,12485833
12479471,11549939
10884970,12900222
8650500,2136951
15944440,10415493
12825904,7352597
9499881,7602461
11919207,7842978
9241917,5769951
8935895,16255005
14356669,14938822
4328253,13461630
9314330,3158085
14802861,10492197
15927420,15264541
14679966,16263941
4242258,9969311
7225057,12399685
14485464,9587870
2547901,13818733
14006851,8168697
14223801,5293624
6425028,9055787
3749813,6404239
1092996,1459774
4838181,5190327
13512015,5145373
6718734,5921393
6061351,9699148
7400012,10344687
5291430,14008196
7822093,15126792
8679367,7187596
15904698,7977069
10523491,16499430
11227333,1686699
743489,13950155
13948858,7538067
7416789,4464530
3839426,8942031
11408124,16188966
976785,11919597
9552591,7866034
4268467,8906831
15801580,3594630
2807863,3813091
1971069,922123
13126566,7870053
2642144,7525320
12061005,15419549
14013747,8521998
3827497,9041446
7940786,11136907
3803954,7996592
15506585,2420684
10237022,14439642
14370203,13443467
9074376,10944737
2969272,3996757
5527790,4249474
287989,15055730
10891692,1654378
12899791,13262174
3658758,8841051
5311819,5049841
14692898,15452546
14583516,560128
2628478,7611406
2528231,14784272
15715819,12730098
7030076,4648716
11602713,15048084
1156739,11783108
8307985,14414468
6308577,9688663
1762774,15442758
8940454,16125831
8764406,5275041
5103773,12693503
9974893,12104149
13112904,2051689
15774343,4100302
2256575,12938900
7142936,4004420
10988309,13062611
6852548,3313266
1132271,14768981
15967293,4014499
9569709,2277565
513411,4748095
10073818,583213
14970813,8802590
11816074,13434351
8940059,7700498
4037881,12216577
1155600,12451333
6708457,8153431
12765998,5903531
4939491,6577321
14390151,571160
8006895,16256172
2613484,10761858
9985762,12971713
5961661,11254356
8363068,6458074
12891128,6450993
13761762,16175229
3934947,12165094
6613456,12648951
12851149,12543099
9702654,15885442
11790421,3839473
13170292,36368
15325315,6039330
13605827,11598417
12316796,15973225
9429201,321116
602790,65870
10423710,10042566
9646783,15295622
11071286,15270023
7974009,746546
4177984,4755177
12845636,13848427
5329198,2928818
8574289,15129989
900463,9399347
15775431,9841460
3926379,3341779
10053829,12411476
12815040,4056326
12213747,7455130
14401876,8325468
3833128,1901401
5051834,4376853
7108392,14576673
6722021,6225862
1377828,13806921
8461939,13740889
2369662,9993183
16393499,15960016
6705728,13754782
3201600,2755728
8615249,4518152
12668322,4502952
7868156,11559893
56891,15838912
12776747,15325288
3586926,6153524
7801820,6665684
15251741,7414698
8837340,5164503
584773,5454370
9425023,14383380
310088,3402305
9346939,9627034
16333187,12093299
90618,1788143
14282894,11903860
5565451,9173579
2994389,4812585
8613695,10463311
569999,2386602
13559211,10750122
4875360,7686067
6959769,178720
7098553,10715345
4393504,14512576
5695593,13962573
5913800,8122210
620343,3670681
6150954,10926638
16409185,9468713
3579334,9577170
6971789,5418553
15302765,13358390
9276452,14944417
13704757,8436450
545557,7689692
12857838,2642835
6701692,7459932
12063867,2624923
1297899,8180631
4993387,1341172
16130947,5792115
7638397,2514393
11056555,4717713
12685667,8527248
3566650,13470081
6433983,7761217
5106679,1342751
8545521,10164141
7235139,8740814
3910697,6837023
11224166,429296
5070263,6217807
16493270,728843
6761616,13007587
7713363,10057241
4441608,16010656
8317174,11259780
14732330,13416693
5810045,277849
16586938,10165310
787796,16380964
8155582,5762404
11716851,1501852
1125494,297748
15588515,12322987
11840347,157636
3163854,11786
3005799,8543721
269709,7296529
14246148,5402923
10153175,4142875
16663377,15249122
12238637,8387951
1572766,5843107
13227403,11404953
426575,10239649
8957513,14864991
9170753,11823009
15009955,12026182
8065814,4420794
2689509,8265456
8352435,16479623
16768450,6494207
10788465,1981999
5323320,2659470
9765380,13706950
5104685,8142652
3244862,1183880
4008838,6788023
12057321,3364073
15387122,10485416
11682402,11217435
12580112,5830468
5318946,5972491
4049794,7777732
6539698,3348598
6918416,9920621
1179154,13001823
8566879,6163884
16290514,6688784
217295,10256792
7788784,1465107
377390,13821581
9711584,3708425
2371181,12134373
6353046,10263714
3564622,15873090
13883525,12499824
5799846,1632786
16308920,8554398
14943657,9119344
978956,9952159
16586844,10794947
3083555,5184942
6678673,5494026
13658281,7104464
9261702,16185906
15052120,6245585
1054921,4944299
11565416,14126708
2157807,7287722
6870884,5661583
15100915,8041898
12822823,9458067
10324036,16427644
13931478,14896040
15683964,11698840
2993833,15331701
89028,12284747
3146415,5575191
3399764,12758170
11718887,1372138
12617412,11236934
14601244,1794669
2218638,9660225
12762832,739206
14460144,6209599
1283314,11773844
15787363,2407063
14971606,14971839
12102068,7326439
13109257,15759721
486292,8087447
4501343,9051685
7640825,6587407
2318828,9255451
8825478,8077975
10379455,11832767
10340702,15991686
10125846,5226423
6656835,6055566
2497386,3955363
6215489,8908113
5771598,8810564
2956174,1107639
8851709,1269342
4218905,14025189
16132224,13610430
12925739,15437303
11397364,786257
1841753,15195289
8205619,4660537
12762419,8205260
7700086,980306
1882537,4645435
5260889,16003911
14178226,8130271
9230014,1249829
2558152,6822314
7188536,1139115
13422787,2954994
3372786,450603
4981116,7075010
82215,5407411
12020365,9857205
8995345,6287465
1780204,1554545
13251076,8294024
9377568,14888775
2915970,3278752
100628,12404721
877242,16068291
2870665,7548709
13742720,7804857
7568383,15288313
7722776,13765584
8964314,11937314
12544601,13387579
14383125,4844480
15425824,13844332
1935220,1778600
8094965,8446009
4386882,3652835
8333468,15594644
2509756,6484187
3205397,6146264
8824163,11435358
1703524,3854778
1534208,16392868
10474114,14891296
12221150,3133253
5113736,16095923
2915220,9366564
11867067,11359859
5537068,1627323
5847092,1615894
2300342,10908292
12551833,14227397
5576298,12307883
1445078,341976
8692714,7254248
1456415,8688778
15749829,5737904
12298720,8351423
1094269,9076440
5786530,2201600
7837168,719784
8513893,8169829
10925414,9405012
11413315,15049401
8388375,11162401
452766,15330439
14363856,9474789
11396016,11784627
8168059,2771048
15994155,1679003
5422323,9408502
6608779,2922814
6718361,12697458
10594822,3481259
3206330,16356091
14657673,13100353
16741239,6890987
12702257,726627
15256612,3356413
11040822,12339086
2700496,7433748
1867332,344485
12714689,6028660
8462553,424984
10682206,5672989
1292994,13634101
3024629,8691302
4310524,530063
15431249,8345894
7669119,8121691
8248418,6034930
16499684,5939352
1999632,14377170
7246000,14714285
410474,9412293
1512178,10768035
7940222,275561
9401146,1489343
15979941,3507940
10970186,4466688
842094,5635226
4028877,4214252
6039676,7392859
13380355,3720864
13071830,13528704
13807114,226676
8927685,7116908
2766089,3651180
12634772,15391945
15494155,4086053
13072558,76631
291928,4263156
4107290,13332527
5201897,14968292
7612289,15959294
4391646,13945726
1624392,2612017
1254147,8980856
9672833,8831136
9662058,14655104
3178347,11086547
14913078,9707977
13729001,14912419
325286,2121531
1329860,4516919
15585525,5586340
15839995,7739886
13748480,3737763
7307947,239754
5415274,8677090
8312536,4470925
8347511,14318745
2222984,2514589
6527693,13385106
15654268,2659808
4380248,15340883
1487754,7066321
2029707,11288718
10501971,9417883
13673904,1643755
3046862,7930499
8794463,6908388
12715206,15086083
9812732,13984886
7858719,3792864
15190499,13386879
11258636,10342211
7467436,3533806
12841183,5889907
406985,9532408
371548,7691186
15675050,9548471
2566128,2684743
2922553,12636642
357385,14994293
4935167,16762066
12536514,9478345
2562511,10760269
15852680,9768511
306907,10611210
10631619,11577267
2944460,2852108
16284243,1370450
7089977,5630148
15109139,8903760
13237695,15950508
4653204,6408844
13388852,4824694
14599587,988623
2441670,9398421
2960827,10472252
10819494,13891599
11183525,10508715
13678387,9507329
9106487,2067251
14765464,2941215
14218198,7279140
11453427,5403616
8571500,10409176
5209767,8773343
7128954,2856321
4895029,4700578
14071070,10529874
11387238,16405056
7123553,14841489
12410691,2861073
10670265,9220109
1720616,3082498
15984174,14607676
413181,6587860
16094603,10008792
11785077,905744
4517366,14732852
565338,10548653
9071768,8841935
13092929,1634805
8008363,177175
10855866,7504708
13346391,2997132
15711939,3189176
1636874,2260935
6785876,1537367
13563551,16313313
10621330,14606602
14989202,9757258
6692734,11348009
12921584,3550275
4928702,4184169
2218777,1514934
1827444,4545017
4419456,8231708
8082080,8129055
4529119,9496048
7639949,13378399
5702940,9666192
7286188,5588686
8950839,3972722
931747,16464745
14392072,549937
11033555,10292850
11095477,518466
14428458,1088732
14169023,2177749
3191192,7326914
10840705,560756
3755471,16403190
1888753,8096331
6103573,9195171
11518280,5091388
9962402,3631270
8252695,4806004
8590904,3716287
5057801,3789232
2089762,8904050
977571,4384545
12241166,13033929
7435443,6245553
10800797,2498427
13180765,11422737
6548766,12170223
9269027,8403541
3890854,1725127
11048763,5210570
14966546,2918840
8212778,3493357
4687264,5616039
14928947,15461018
7435902,11382042
3839740,2092134
6034965,12611816
13083771,15802258
205374,15938524
8166131,5626140
762311,5127853
13233528,420452
4213441,15576908
2586923,14810473
9881267,12952019
16250546,4146324
8284908,11208002
12341194,13625849
9160324,6666761
1035063,11433496
8774036,13579152
11856765,5521317
13335369,11568273
16251491,3128173
9586164,4155494
2510756,15911192
6431773,4622156
11199942,6756814
5811691,1274424
16207274,11465872
14445148,14119330
6728501,2456385
2899024,8731128
4449398,12484579
7220689,9368519
8877951,6434371
4926056,3620812
11057721,7169752
10012409,8934660
12653696,4297126
5189998,10329416
8494108,15887831
3383074,945641
10793573,4182082
10411926,1957239
8172094,2314835
9055231,12554314
5224729,11651127
962448,175827
3829409,4747909
9095365,8910910
570019,5862187
9790570,13657495
7000683,11126669
13569286,12319556
4888110,6064690
1683807,10593753
16465099,91902
15615953,7077184
4579171,14639119
10723841,13060139
9102933,3203520
8795570,11796575
6347386,5191321
7586552,4679678
9230353,9614203
14879006,9334982
1952636,16787537
9868479,375170
12843733,13032511
732938,12205937
15818336,11089759
15117470,6404531
8818220,14152189
4168185,14206280
16221437,13507166
11673261,9172237
14622224,10236237
5032388,14434782
12298377,14866438
4151206,8918424
431692,885921
2872362,16308684
14080481,6385472
1151030,10159023
13749971,16285894
3533876,2255314
7598606,6390252
4454800,9799512
10164730,16341939
6527183,15243463
14650285,8866239
2960561,10050429
3514195,6677285
7821366,7261274
14335426,405597
11227175,16015965
7064299,511223
8096839,860136
854174,6994711
3315742,3694958
10233383,1182280
9862049,3108142
3722642,15121029
15394839,16790559
10840210,6393613
825662,13078238
10274492,9488854
6039110,2837750
6343798,6944491
10646749,9418702
6382513,14734835
7267977,14998359
14593934,6245975
12566536,7947650
1303540,10963690
6893008,4983027
9088087,332807
868033,9722658
206982,16269391
6798705,12707260
16368033,792086
15359075,6362413
14638988,5652507
16120544,5384237
80365,11940490
11825339,3566272
12777578,15111075
6991236,13492970
12114497,1634452
359268,15526645
11436684,534902
520774,12895891
11261135,13684417
984618,6601157
12074366,13365173
5668088,8381187
8995724,7091139
3332659,12716703
16661524,12716401
13833890,12402928
2872098,11924750
14415433,14306506
2850764,10084068
14844078,8222214
1441023,16035355
11934332,6395640
14087234,11628558
3153512,1051188
14209250,1216331
14331896,14721976
3720993,5234752
15988012,8971436
12912985,13684338
8972414,14801367
7389556,5145249
5351353,1522490
6858083,2805927
2171340,5562766
1466519,790075
5509403,5695038
6923496,2951205
1582242,11684339
3447525,7863722
13197008,5268315
1996436,1921980
3933075,2092301
6637757,15633510
16250398,5193351
13916654,1820450
14741215,12270069
10992410,9331051
8634743,12774722
5193020,15259891
14411321,14310573
7446939,9874656
8746262,5312990
3085832,5634745
5151053,10945272
217491,2058068
12412728,9697944
12149821,1968484
7190594,11065703
13074541,10348010
12221543,15332915
12118498,9172450
12864618,1798216
5151449,9391201
1817118,2988117
10242146,13706926
460789,6433155
3334914,10143683
8024912,14827205
5299089,15333901
8758050,1777221
5007511,10215375
15145949,12465968
5572466,8174333
12168731,16354862
3969608,626605
10487091,11930598
16530545,15713345
3341873,10925480
5249374,10929679
12212171,8734240
6946766,6350123
7245161,8422110
2515216,7033777
6610731,8238928
11954118,16508283
4571445,16128236
15356330,14745866
8588055,13980389
2025088,9012994
8777749,2854976
15501678,1067629
6421322,51657
4792593,6763011
5906675,2723665
6586132,4898370
13622361,5478784
2289875,3125974
9289930,4439648
11150345,10837822
3490824,11139133
8096483,16449704
8627415,3369594
4678138,4371680
2187106,14583157
5763699,9768039
13273403,3099903
8063844,10002835
8593001,10255105
9905233,6918971
4535546,16627922
13277372,13880983
3933690,13362492
16589191,3196357
1642231,16385721
5144706,15225509
11207782,1561347
10898558,252469
14982288,14665592
3240287,15688304
13927120,4574618
8943004,13491711
13539673,3819163
11360258,11455699
2680289,2856378
7095234,10264947
16385610,10398176
13540284,13410150
7024257,4968253
16192960,447103
11073737,3802547
12661188,10539589
14683657,15760340
16719127,8965953
14347039,7642952
9327318,8863470
15382694,12014196
11189209,9775796
3329522,1056326
12554674,12874210
15171081,13678705
9993421,14042753
6096239,6489959
5493236,787578
10460441,2334000
14135524,12799117
10581674,16008815
8709374,14068149
3565432,2016521
9445491,4031901
10092368,9067243
263501,12106847
14337430,174237
13146099,15218327
1142987,5754979
641720,4846216
2424698,5575877
3039415,12232153
7069838,13290103
9929111,9012930
4332901,9332486
9629010,16410175
10646131,6542172
15194739,4628942
9282705,1915831
1815709,8598024
7770943,5020347
13548075,16055026
8439437,14647799
3090995,11765523
4670925,4418710
3629869,9155273
37431,7629067
943516,13385060
4758389,7884051
5657957,13277555
5279651,11549617
7624475,8858828
15425806,16352826
1596203,11502673
9927335,15935855
5802170,15801295
14198059,9727789
356570,5002922
2483886,2307417
3129321,901360
4671733,9409249
12179124,2601774
258711,9210734
8480328,8610817
12054817,12851988
11263772,13997746
6688639,12155691
12428512,15910312
9941601,15208243
11637354,2006830
3498078,10668352
6676296,1306644
14170801,8263665
5918972,16794505
13470919,3817222
459296,673392
14790437,499034
14590490,8397356
13455432,5486504
13631541,15730669
12162043,13028838
13947076,11402294
13362834,15513771
12624900,1557864
14979634,2549668
8252418,10647262
2011646,4974676
10542508,12712618
1335080,8726379
6830650,2763331
11686023,3539118
11410574,534030
4060832,9159079
16716334,4881650
12225988,2246405
3089376,12991948
13661737,1895494
16483767,2107040
11701110,8315574
1205102,463406
8266953,13404860
9598749,4790054
2578321,2357412
15696903,2365216
8943700,2816722
14202471,2321323
12751185,2109674
3055187,10170952
144547,13710323
13372943,16538622
5384368,5170105
15940455,2749410
10793500,6235058
12592720,2550958
4846630,9547158
15825632,1323584
6166929,7328823
542324,4351822
9650733,108921
11328892,998732
3101916,5671123
6516,11019387
10109612,12439846
6651317,15124078
712478,6115383
3201990,11194944
7604806,665589
2057947,2368632
4230994,16234158
2588642,10607241
5137400,16519056
7606,14557003
3418762,16782573
13227603,3899254
773487,14981368
1327309,4985675
11638473,11354322
14982289,15074278
9666480,16568928
13564136,16160245
2808671,13862276
2232188,10988270
1470215,11470224
14550137,11360143
5331242,3065753
10177573,1131622
15883263,1611286
9886848,7462786
4637474,10463751
2522724,7591767
13076982,7062654
11780248,15950940
692902,813544
5968594,16708868
14768340,2538086
8817433,10737894
58175,3445737
12419102,13919041
9309375,8059590
5187628,6669168
2636955,13438369
134263,8513779
13125627,1378045
5071314,749129
10968603,6857873
9997206,5215283
15998744,14660473
16478923,6091566
14776913,8142632
9424190,9363191
3386070,7465943
1519920,8947659
9952960,15755204
3333670,6444936
13456415,3760971
7450931,743786
11203678,11117620
4936388,11300896
9242017,8206986
610078,4149399
4495671,12817243
7399934,592363
13176605,8603165
7037836,9759209
1666177,6406362
16104933,7063236
15735611,13672958
16660767,7280878
10111550,6058412
5914776,4674544
5704184,15443087
2841076,13154995
9182187,9395850
4702263,6156229
1983952,6549698
14985027,15898450
11322671,7904999
6973922,9458129
898460,8077667
2048326,9345208
6532791,16497179
7044884,9392538
691346,6645556
14231835,5538737
2887596,15293901
3882045,4357854
9510007,16292065
10672710,5959105
16047097,6763800
13949715,6238908
3002371,9401271
15328437,11770207
13785445,3016961
9633046,13503122
13592423,14408536
10244127,15214301
2156444,246231
9915248,6153252
9612035,5431783
10546058,5574953
15619380,8893037
14114729,6818309
14493640,15512051
15820687,5258181
14835666,5010034
6750072,12502607
3990512,14456369
3525937,1528565
11986464,7909074
15329129,12177933
2419497,7086996
5671303,12770399
3754987,9182066
12837686,15850940
5768026,16159198
16449450,14431873
51694,11201934
14801311,11426111
5004022,524396
4347045,16560163
6374344,11044088
8574525,6572611
619619,6071249
13719520,6033286
7277515,14222217
8154490,8059959
12503905,6131456
14864177,8296511
10290331,2658867
7566277,2711329
7363675,13670728
5012958,6304723
16173878,8296608
12054531,4039036
7765265,7331050
6238988,14712423
16617376,14071154
7840721,2598504
7470035,8435703
3516258,14509810
10789539,8680729
8967036,14853952
7030422,15040022
16359239,11353954
5985409,6676296
9408686,6694290
1869211,15287588
10571001,12094233
15659419,1054632
2958561,2993669
14396943,12047076
14216941,14297194
10635422,3216459
5128771,11884944
12424932,702923
8774382,9921451
7559905,5071935
6169511,8520326
5541336,3876660
2873439,3550182
5022159,14580904
5891799,10478090
13455230,5848835
13883509,3067890
15002674,3393174
381794,5384154
16667739,15343165
16403143,14333605
15832731,13239132
7154944,11141634
11573874,3499478
7777781,8836942
14755786,11767613
14275158,14778067
6434362,9852989
8035962,13483772
9137865,9100679
8604994,5065902
10834795,4752418
8600798,926550
16615901,2426214
7969295,5788356
9406166,134027
1365,11791595
11714868,10249082
13990106,16006105
13112324,6445369
6244311,4453323
2234121,10948472
3801126,3860735
7441636,15779693
6337893,13083708
16217346,13441176
1696018,648574
15862903,14787284
15315339,654407
10037344,14337732
5293547,4786122
1735434,5573127
7383481,7053780
10750324,9294894
9831683,34875
4165166,725487
14292746,15955362
1084615,9720494
7621902,2572602
16383441,12835300
9030629,5974227
13181828,12866424
8204723,2207322
4235261,7915587
9006978,22343
16113116,14336827
15993106,11223459
10840788,5738168
15622871,8901534
12423686,11084171
438394,14484123
2499443,2712386
13062300,6644610
14754285,5828994
7790591,16515825
9626808,10266148
3552267,15789309
11704809,13845436
5846874,16416519
691100,4338979
3804458,12581069
2552660,7366473
2692752,3704030
9680652,15896240
15133243,6498775
2101541,14589507
12999842,11019824
1811937,1736528
10519623,4839166
8084712,1519083
2154770,6696311
2329288,1280693
13987257,16286719
9240953,12836672
8821541,5115957
12137506,2896280
15895509,7611108
1179631,7211948
15833207,16684544
3138368,8641745
12696034,9885184
2281523,15467507
1707642,965450
2220808,8615679
5265579,1009968
2404579,15170750
14604655,5081795
1191536,14420372
14183552,1160295
9581964,13390123
13006671,9346748
4575350,6667016
14866108,14331467
16285745,9868439
6552713,7672210
15556697,6754352
4808006,16313436
10321923,11922157
10927982,11445810
2165287,5767020
10503953,904959
13465967,1587673
14989907,9958029
13657196,16769938
12807515,14505370
12548585,9402556
5586021,6361474
10104372,15109503
9273545,11507665
5297482,5396833
6628986,9187524
10531611,15750084
6455351,9595879
2895388,10363188
14071722,7931553
2819397,878452
5690570,2879969
12090951,1118801
7543055,13481565
12344641,9761558
3486191,7716749
261439,1337783
15082281,988008
3308334,12729332
5211046,3159005
3268372,10192866
3623875,12486305
13787469,1067506
5906084,11331401
11392521,5963936
16702625,12772888
15143450,15167534
859896,15650855
972037,9621779
3448163,6485961
7855156,775342
4806944,6937522
5135648,7300171
2189617,9782673
1298370,1556660
12188503,9373350
5950649,9655095
13168662,7266635
6962114,14137095
9671623,1693160
6752675,7307299
7357814,280686
13600983,8160223
4138857,14123291
5826100,4329074
4460380,3061707
3206020,5320813
11241653,732056
10391348,12505462
942180,4458790
4449666,2591965
9564407,8252078
10117102,3945269
4978433,16412254
2038064,2114494
4723720,15152342
7178843,481046
4250895,8943734
12085596,11428984
5892002,16412658
15067839,11304922
14562436,9148236
3050998,13597995
1611195,2153876
14456381,6568365
10352706,3324654
16013434,6013478
15187054,9931528
896818,12469153
13753405,5036429
7628398,14388764
2259521,16054200
6642817,6540706
5653318,14734466
16746175,5771085
15756876,14887574
548548,2253399
3069443,491302
3423824,10877722
10422178,9717147
234462,5873798
5624353,13331704
417836,2219926
9407246,2865122
5192094,10540063
1888640,5808103
15988785,6553210
11729660,7924728
9656165,12718075
11871966,4389970
5627004,106068
16196151,1479535
2358102,598343
7607366,9724969
1296922,4611378
13270188,16453585
4342446,9814019
1929947,2475576
5928220,11209373
5972333,7452775
9121415,8792872
10696350,9840853
6490533,14851589
8226554,14683697
9650294,14705587
2828775,3366678
15919374,14645105
2235099,16263732
13898924,13485771
9563637,16097176
5263541,12097743
1302187,6150839
6702223,11974713
8416700,11955512
1729092,8693000
4257237,3153230
1190785,13499209
14752409,6845345
13781735,324490
4844106,4894876
14633107,13498642
9244762,15922510
5939437,1920439
12143066,4065965
4065952,15764912
12452217,4922228
6148395,10045176
5084850,227978
8744845,2536778
15886861,16562583
1872111,2438888
1576054,9713646
5088774,8800052
1904908,3510593
13456997,11221103
5899267,14787821
13498353,5573857
13735085,5873887
6597648,2555423
7770764,2788885
10984379,14863065
7830269,10654376
14995964,9198552
2288574,4287312
11513340,6640358
13525472,11317418
9293538,614234
5596098,10935776
15367681,10411074
16301273,57414
11787088,12179754
1825357,11179382
1325052,13906325
724374,12648601
15025522,8931925
8435499,5164663
4078919,2052072
3320955,10775778
14691724,14673935
5710849,9089519
5890895,13948381
8509991,3558040
10365751,458660
1640135,6231747
580162,2876834
7757935,12862570
2348423,1811054
15611275,14185223
11505173,753346
1363579,5902732
11668847,2202111
12030117,10580047
11742971,3862209
10319715,15147263
1036585,7003928
3483740,421786
1840165,7641472
14364462,13440883
446051,15256032
5721128,219061
750538,13574182
2039742,15254482
11574469,795401
8744724,14188152
2713170,5286127
5983015,15340313
13209884,9767718
10533657,9994757
2692147,10192967
12415306,902928
12640363,16313990
3076665,2419474
11343416,15680576
2876725,556884
11043285,2997643
9706266,3462992
14734936,9821888
16742223,6092947
6502359,15879315
3760461,8646105
1692626,227722
13788339,7861650
1351669,14295196
2330520,4058591
1751441,761131
5204706,11087536
9746344,10572667
4218473,7657389
13230121,7082939
14992372,9912528
148819,13401150
13659114,16563405
16765214,7448150
4745919,3617
8627537,2096085
14096365,16543791
12429192,12714849
8529172,12748357
10546179,14996716
4312299,843767
16092636,774095
11017738,8888501
6790479,3208741
14128262,5678901
330314,12317998
2841435,14491458
8490737,6900454
12499676,5323637
1417414,2339941
8935636,16565746
1793864,13296905
15378571,14386942
15180672,11236121
14590712,5338817
6090175,7023036
10237817,15016393
12911874,2695106
14160211,11283634
422666,11134918
14135541,4586968
5180784,860343
3610677,6681118
14224625,13425087
6945943,13078478
7566653,14437559
4987854,8851139
6646660,6730279
16415127,5829506
2107255,15322664
12203406,10479682
13208123,13564212
6877641,1006562
8340990,16379583
10139660,9309869
6770710,8122949
3117443,15440214
14686958,11027998
1970271,6423142
5582100,6446809
16408024,3404272
13114728,15553906
13790245,14868251
12167193,5381131
8494357,5773094
15794601,4145783
11537551,8821152
5144232,3959222
13689066,13538621
4551798,16611099
11584207,295056
8625441,1199707
7799013,15580587
2818846,3368321
5496107,10268951
13226164,4386787
15836825,12565478
966316,4466096
2731098,1923274
14374068,3517959
1720271,5737194
13623160,12483353
6847632,11796692
13314067,8478587
6157535,2672959
301089,12669127
297976,4406519
6159664,16503007
1009432,2089203
8038158,9312969
10141367,15848333
5795103,5249406
10083873,15298223
14542583,12857716
8673775,7040754
2323628,15207096
7715229,12173647
2341114,14454819
14659263,100005
12027809,2547653
11059626,14114333
1457597,2891374
9356233,10734696
9908555,13091803
3929227,12023357
14494195,8480869
611746,6549487
3714213,6010951
6146862,1046255
1355767,8392571
8418992,4257773
13442627,13024105
8814118,5359126
6470634,2032324
12060983,11685087
8088515,15907842
6678968,12274500
16715783,13762421
2435434,14618422
6824320,3870156
16702842,6312902
11365089,6840603
1777303,16028822
13714686,3977207
6285333,16645231
9885441,4079957
12282043,1047452
15183331,6400615
9086794,12877757
4862579,6460774
8763761,4323454
1408095,6427590
15394143,9389700
16254203,11831875
4217111,7624375
1461207,14424291
1989798,5655725
16768594,11225240
15877403,2128748
16548232,6892859
6912925,7707311
1259589,15637242
10351198,7045214
11123225,6672234
3131829,3923534
4666678,10611089
5557222,16671551
15185990,9062544
2164515,551199
12097972,11909568
10757030,3486815
10261400,1765796
4158356,13927791
10688529,4100591
12669046,7200108
9009748,4760925
1117158,5081632
309908,15775426
10988271,6927977
9594084,10969912
10844824,16182514
10565428,12081566
4302298,460218
10144839,5520009
2175739,3687074
11349845,1363727
6821072,10050978
10450826,3953969
6307263,4687700
9643800,4426867
2334172,10356490
14175699,6305643
1384244,13442242
15865943,13700931
9197498,15128189
8435461,14241018
9506064,16535800
14186938,4706127
7147310,11758922
13662084,4020387
4728418,5832760
4426904,5990047
14642692,257213
15061361,12868700
69156,10981649
2405438,11740032
13725243,2749291
8099455,12006119
12346081,16110497
10602935,8217973
1120367,8107125
2279749,8209454
8089889,7869026
9777108,11866592
13436942,5295981
9215796,7579325
2673862,14719096
6283865,8162838
8384657,9507950
5662241,13413753
2055087,12600378
14173627,12372485
5779775,14729289
1570165,9035985
7003042,14498323
12384325,14575269
14420853,1557511
929871,8937487
10761194,13900701
9983750,11838590
14628363,13021918
9218300,10533770
14116156,2063594
5420901,611176
16546819,1643774
9858642,1166215
7476151,2983034
10430510,15317365
15752876,6080220
11185777,14415002
12100103,14894725
644060,8105676
4436101,11188938
166432,11131792
9067157,2170911
6745538,13089687
7716976,16077911
14304797,6433638
7914068,3969691
13442750,7116865
3797425,15897322
2321525,14496608
5701428,11843127
5754386,6284880
14694131,7933762
1426459,720381
12590914,15055637
4339165,12146706
5470693,14555103
11760479,8053751
6295464,15670400
6833745,3585452
10431804,10683085
7902339,7444741
8892045,2908333
15144669,7607655
3053967,4906819
15222259,10374226
11180909,4323939
13530160,1660000
11557354,2908658
7163742,1922111
3397822,6920322
7241850,14088565
14311170,3996338
983451,8015960
6213323,7004441
4452169,13986589
12911474,1271249
15528387,3225959
1981736,6748435
5058174,16262813
14509654,16255056
1443533,1725025
5767433,6890618
15505893,16411457
3410546,4179704
14816549,11742097
10588760,10945886
13416737,14712082
5028505,7933539
5527173,1173265
10319703,2023376
8533827,14973570
5381128,5142585
2894660,850347
4962256,5030735
16446687,6792143
16399243,3566474
11662617,16002903
11262734,7025930
13885266,6338991
2860459,9906833
1162467,9690704
3748248,3318647
10940367,8280950
16250251,12288564
9496486,391690
12349669,16163636
6616212,13019157
15229274,3861818
8395597,725547
9297124,7395502
14813240,7428095
4619747,2189695
3860523,10102256
2451271,5192978
4569845,3189580
16269249,7455038
7399188,82933
9053705,1863026
14487947,10822851
7380894,14133326
16782412,15345843
9632749,1205548
12321163,4108676
14283185,5169485
12225901,12016023
2570979,5840855
13621301,6141141
13723496,13737246
3565114,4492714
15192121,9178987
6056774,13128061
16748937,4361910
2614664,6530422
3627252,7100622
9285661,4095785
3848780,5753220
8141348,9800549
6548213,8467504
8396857,15793623
4937213,5328901
3362149,13204064
2893253,14038300
2925962,7464613
5657000,10564058
4589793,11388104
9078270,7488980
8447107,15047914
10834327,11748975
15632487,8153111
8920785,5947066
13873425,12282145
16712778,13703231
1688669,1681084
6055081,13754935
4017761,6982306
8036549,6920843
2066193,1363565
9361966,8886419
3996316,15360682
8414680,8528336
6206756,11164203
12946405,6400648
6258395,12805780
7850880,2569353
3319204,663381
7562842,8588628
352464,8034524
6982473,7368687
12389628,8047648
9829848,13494185
14002272,6159776
11202858,10997257
12835569,1447511
5900879,9854194
15435868,13868577
7428570,16563617
14761014,7177116
3224195,9418910
741121,6569342
7010825,14366257
606039,1609705
13925098,2991807
11541269,7073273
3516941,9641684
8166424,15622986
12405761,9485015
4522680,10501358
12995289,3101365
3458871,7246526
11319988,2194851
4633654,3322515
2367249,1731954
8864819,4264719
9447374,7627879
8941797,324693
11703027,16103638
8071003,4335526
1977226,5823368
15721586,4851077
6900092,4223194
11564030,14676912
10768294,13213263
16175892,13749953
15931589,13678123
8730336,7388157
1594114,6269753
11648619,12009592
4668666,15654199
10899340,12293600
6630471,4015380
652465,10648079
15841517,7136021
8636545,16057531
2700564,8249634
7789070,8318889
12759400,16430301
12085564,14528248
12837558,1252222
5757382,6604824
12988524,9642432
711657,10896024
5026125,13743110
6339071,6236882
9786263,1576232
7186107,14138567
11083497,2491138
4550626,213970
1000242,1059618
7079702,9011715
8642246,14763133
279787,13605601
2351098,1437854
13389534,15120025
15535416,3202560
12127044,586488
16058476,5515137
9000347,1347953
10792482,1850641
14658379,12466483
5924110,871353
709623,7351654
150711,4105559
13692268,7717036
10225789,8471465
10603451,9619801
3550973,11974495
618381,15864529
6271698,16562265
14849423,4100400
2420157,14084971
16458513,5790806
6105203,8258291
12538446,1077615
8283349,236886
15895188,12832675
13337635,15934365
5854021,7426163
11646866,15205632
5261376,8152268
5913579,12496746
8217077,16092814
14724805,9344995
8281252,14495161
756245,11768
9772480,15135500
11514001,4858340
2603253,14156548
7381793,11925263
1238904,7351064
6783476,4753320
5436702,10096533
5447969,15743124
15243613,4157786
6921415,4940002
16522448,5636579
6340314,823258
3581766,7455226
13930905,1876693
1367061,14421417
13323968,1703897
5994976,9816167
1280297,13670159
4768809,3102885
4367845,2966999
13015752,1425718
14039021,15586071
7975532,15116935
10075298,5832526
11281699,5913634
11128352,10467631
10373153,15976072
10551159,10617784
6197740,11286514
15742011,3779407
7932130,6538320
13151612,10057644
2940776,4436186
1700865,3914978
9386676,482213
6983739,11830187
3784012,15573239
1362095,2183197
14096700,15963764
1433773,7285708
12314274,16460439
3300781,11894526
3878880,7447394
9494346,4241820
4100065,3693968
6564187,15534793
8253441,15429728
3656743,15116667
10626403,8852375
10860532,8350732
14484587,8385855
3154633,14373476
737941,4634181
8504247,10129841
6671552,3818928
15590518,6582387
14065379,12646363
12110674,39637
6012380,12532000
15948568,5502940
2824360,12960468
2734872,15826932
2328473,9083555
41693,6272508
15796233,7846937
1271793,16466916
15320834,5117330
13250659,12034945
3778392,9477341
5100277,7058132
13668694,8854802
15803291,14244254
6525332,961940
9944263,5873915
13777176,13460187
10113823,1458061
9296958,10365056
15464795,7651863
3033253,14385963
877628,5616757
15227599,12250529
4840124,404718
10094874,3214642
8682975,4125915
2899975,14483358
14235241,8193327
8940671,31338
1393805,12959636
2454071,6161662
7508447,13361830
9580216,15213695
4306480,14186260
12018413,16224109
3363030,5511493
15080415,6499544
2057563,15956040
11883222,11438875
10109527,7734969
3300231,6644137
11876208,14422788
16106554,10000571
7257160,4567167
7983226,13267207
13620810,5815143
4501470,1702941
8231326,2923674
2873528,14922697
3474812,10440136
13942634,12610309
14120811,7416890
9507562,6624462
5916525,2391907
2532702,14869448
7428117,14208147
456882,4980746
13315376,12050644
12979954,12672478
2687902,6174188
5793930,16073421
8783837,1722944
8776168,12413087
11493378,11840915
14995122,8932870
11292196,12783851
8430141,716349
10639482,12864077
841219,13653232
16006720,4116670
5380400,2248887
2076475,8633829
12339662,3461932
2278224,2898371
6451651,12101933
13428817,11138007
9874643,13075465
9349124,15808443
3372611,12192055
9926070,2019229
636435,12996566
14317700,1634455
14557610,9060935
8034410,1471377
11512858,9514073
241705,3100088
16492496,4530973
11955929,5070299
5822652,16527607
2987131,8731856
7130590,3835192
3985311,954182
10370454,6560175
11313058,4258811
8091258,12985510
12924847,6378366
5374791,5999429
557223,6178175
8525270,16364498
16447478,8967450
14703015,835505
6950824,10464119
11767360,1958966
6633432,10977525
16316908,14759930
12156365,16074582
6976871,9420665
5469178,5581486
10807905,14326055
3356551,9155666
15574789,11406378
5802623,12681872
12158830,8521850
3023190,2164460
2830866,16639850
12403884,1557114
3796373,16699940
12746936,4749810
5322359,14630231
121354,13257389
3740241,7904829
10722870,9071447
11411863,1411377
10438124,9374367
13890123,1606484
6070757,5609878
6123675,10508004
8343628,6960990
16440759,11332773
14589516,12265028
13083117,1013008
3206938,1288383
16132306,6673113
14092308,11871130
8817554,4957134
14863159,13362239
4352131,15404100
1632254,356022
1488533,7252563
3170507,5896278
2216844,4736955
14047897,8430275
3106310,15627978
1067579,13753273
12894950,2389474
7038320,3358041
9066126,9153086
9232630,7439315
4457931,13865230
15224069,3910511
3768566,4212282
9832831,12045535
14860504,645492
1355379,10540784
4096292,11992652
9480531,11147038
13231965,5569923
14301252,12509666
2564268,3334336
15746316,9467567
1124862,5403886
15991124,170139
7096915,7691796
6389447,9622258
2137841,8043047
15036503,3343765
4647578,11646050
16236078,2443784
1180528,13811257
1295767,5844754
206472,12387831
12978723,4440924
7216742,11660778
12633237,11820931
7657559,9593090
9702858,15644174
12096185,3613749
3623139,5604571
6178951,8467657
8905326,7945964
5279554,1295398
12269258,6083079
352102,1777106
12220562,15765385
7113771,7434667
6142765,9405196
12698417,10962899
9134560,6630901
7955819,9875395
15266035,12646109
9544511,6255786
9520538,6695241
6554631,16236188
12256006,7109171
8746217,6753014
13794416,15517791
12591749,1263630
3682807,15137716
1013683,9399316
4646545,7797844
5987913,11915072
10887033,6172002
8081937,14698101
16509934,13796995
6523333,14604918
10356207,12531627
15177130,7096838
4606814,10437287
13330346,6205761
12854904,16573924
4244253,10377047
3401547,14559197
477998,7722487
8964050,7711519
344090,7892193
5987932,13115835
7295158,10700874
2613501,14881505
12677318,14771123
11936059,16456362
3212775,14491340
9608825,12240925
16384440,7509036
10310946,16099621
14355146,4281024
10687958,7330811
11339326,6210949
12109800,857516
6030369,15311857
2720565,5235601
1049116,2134102
11821472,5189642
1873650,14250748
12697921,1039866
1451049,4008252
10746294,11367491
7942473,7037228
5721074,1064424
5855763,8050230
8880976,9697190
5804878,9482316
15972428,2724703
12847053,5344031
1024874,11116422
1960909,14936592
7561728,9752745
16796170,13550474
1791320,1071275
3243063,15912010
9029752,1934813
11503625,15577987
16452843,2020542
6469619,6275050
2283414,15701700
6748204,16166539
1864387,9784583
5493720,13926482
13299135,11229818
15285652,2283503
8493908,13116180
13446402,16118220
2881708,10075133
4995653,14374243
1445028,10964603
15347565,448465
11760826,4476226
5797763,3719901
3584198,8234485
7121985,10066255
14321468,6056013
13258204,6358361
14161617,1185526
11303928,11852274
4670339,9405660
474835,14960225
2191549,13842986
14227827,16563615
4689556,3880957
1153944,12314550
6755591,3936161
1270376,2466715
4530993,15861692
2448902,15379500
1842539,4022698
16703754,2594640
6952176,13494445
6176798,11125398
14051618,8250181
10524451,10586961
13055528,13319189
10940285,9682622
9760258,14501193
1567901,6660589
1261722,6959329
15271612,14489377
10716113,704384
14575767,3373129
16458338,11084586
2123195,13672650
3780784,10390747
11150402,79406
11205223,13589343
16777538,643035
357329,6475018
8249598,16112511
13764666,16656441
16776529,14076556
16172542,8918216
9934489,15620967
1335556,3242126
7641650,4596285
1015411,10992717
6701122,3290325
8268265,12030147
8131645,2436031
8410105,2140650
12686230,2604706
10785395,8714769
4602647,13073593
14508194,14949585
16482262,7540885
15815030,15451296
6654217,4134002
16080428,12988703
6333871,205020
10303757,2178386
13090792,608883
7898596,13305866
15758192,8103893
34572,3552899
15091674,16610780
14120615,14607900
4935199,11527435
15297089,2724511
13875182,2530364
12269011,7894298
934789,12995826
11136159,7944088
10045672,15586165
10697506,5150282
5689933,3014056
3698048,5157810
15291390,1398111
9057748,5866488
7318231,13207164
6903727,2044745
15437913,3920967
4158937,6168081
13191630,16282853
3208657,3423103
16385311,16125001
9346266,6366172
4409115,12857139
6565506,6173062
6914778,696566
1000539,5996946
13425234,16345794
15989580,13671362
13274173,11664222
2715983,5207708
8332066,13073381
9177096,16721327
12784037,4772208
3320103,8818517
7497803,7912076
9941663,2499528
5285369,8394984
5936047,12982525
3433301,5312580
15882337,14865115
15285549,7234446
8696012,984305
6899018,2944904
14617098,7361725
14832163,8774931
5440073,16494521
545520,7395003
11780617,4145335
1323404,443658
6437317,13290846
14647340,12915831
4163347,16511668
16206076,16788939
11094969,1485885
14517423,2864499
130552,6814783
7660789,6472975
14587040,5976546
9592708,11682043
13071040,13047739
5267288,348474
9039700,11613233
9561269,5803626
14217123,5110468
16545443,12013076
3404417,588545
1538989,10125408
6735165,9872161
11907674,1176323
1854275,363162
10140,9641422
2430614,218622
12398239,9599942
14760668,4192193
3080308,988125
845452,2086418
4921711,8290585
3990169,12718043
2848126,11075720
10939283,10697553
785697,8392708
10988160,322496
15446514,12665827
15209887,14050307
6202115,11351368
8970919,4979221
6847787,14836167
7843298,8510150
980713,724456
3519425,14614669
646584,6623126
15662791,14801220
11266702,5865308
10983257,4906445
7913237,1573322
11736785,4499277
288281,16005246
9483468,3972242
15598794,7242467
10201977,2804095
4483661,5665163
6616270,7570575
7028097,11400923
8417665,11459946
11099508,1924944
7615526,15073787
14296011,124855
1550269,16167761
3759515,13561565
15914589,6136076
2846884,8299881
13707912,11101316
12086288,380126
3278287,1893171
15700033,162237
7715195,4185136
12075366,3673786
6673967,16161797
16501562,12396831
16207921,8302103
10401239,6187966
5585901,2936069
8569083,5548768
15222881,15007673
13750641,1184595
16790802,2699950
15578798,1513153
7900429,2090044
5207149,3709076
302026,5284490
5339694,11139385
15831912,3188389
13992375,2845854
9933684,225477
3192559,1614957
13831066,593672
210623,2289740
3727773,2873343
15537855,3938365
4816392,11260618
9869647,15783014
16381962,220175
3899416,5140531
2048495,4669169
5553087,299276
15551642,6001183
909780,5162339
9727339,2303783
7367400,15371025
16470168,13612400
8512483,9730413
5514795,13227942
15653254,8703152
12143146,15320491
4017750,7019098
11014102,213020
1859410,8556413
11107938,2717686
6672922,7047153
15970433,6966207
14005692,3902435
5754239,3071963
13130757,2377047
5452229,1450766
5649130,512545
14442437,16785523
16239470,11431227
16369346,5138994
14994283,3358159
14217844,8328920
1852557,4585872
15798721,3516034
10020085,6912782
16795466,4723424
4508342,7404814
6556040,15698069
10597195,7833658
13236278,14797036
2778759,12034185
1864482,13125424
10378930,6172928
7909998,2564146
10039277,15875107
7613565,12080973
6277702,4326525
8468282,9525658
10882824,15119691
9119924,8058588
10854610,7248858
10579172,12315685
4321855,1797089
6452003,16455601
11426428,5834480
11696482,12720822
9535988,2811295
2665620,5968087
12821187,14373226
7495491,3698780
4201122,25862
554738,9852118
3590181,3186903
8713623,12505180
6244667,5718683
13533123,8042422
3372937,8473724
11856031,1697362
8866875,12277939
15114765,9745361
3540825,4820895
5238064,16466471
2266322,14403180
16231019,7875859
4486842,12709730
15802021,8913259
10170693,7686549
7798298,16659284
15597493,14490008
8134922,15419897
9763573,16547593
8851534,585385
16456483,13973072
4150261,13970034
10195563,15759032
2276707,5309788
15699249,12014332
623387,5523713
16575269,6892761
9162894,5519233
10294614,2970285
13174657,11480547
5401800,4188094
5015816,8090703
8374309,16267533
10705140,611759
2371873,7198747
13513839,9646465
15120261,7277674
5563010,13333490
12967914,209509
6420191,8967941
15898624,12168320
10411981,14085056
16325801,885020
12991437,7241113
10284792,6887514
6678157,12280
5562663,3933720
6320303,8177201
9728522,4007689
5560748,7142113
8301585,8212741
6321644,12982943
4812124,9688962
7293930,11135540
14624245,11635831
16306011,3990207
14012047,1734983
4442137,12161199
4070992,16094855
6644963,6237503
9516626,14787871
5949221,4386647
8738928,1451999
3480197,7685082
1037307,6866165
4753904,6330202
5629689,15280137
16252488,9440087
5716749,15041988
451440,8830279
3336045,14864570
12905557,9906777
9056816,1033025
12651501,14821437
12918195,2554817
14283695,13840110
8871662,11554431
8808442,16483492
692962,10741056
396248,1201362
2826884,4319306
14047429,5429724
4488963,10955909
11891157,13017586
10311690,15057861
10595417,13193485
1626233,6295947
16513047,16635549
8592291,409706
7688106,2471406
12189413,11303895
12501498,8577905
918811,16322963
3884952,551604
15773507,8156945
8823262,4665306
2246216,389236
2721882,4678778
16788147,11702124
4410499,8067545
14474569,16019882
98308,6268231
11446809,197902
991861,12455756
15495059,14960622
12076709,10626017
15690151,3909552
8353579,5697999
9967824,10920338
6833526,11097001
1521527,9169133
5782861,11713635
10713999,11221860
4659105,14030735
11046315,9835905
537754,1783062
15666696,7863932
8351800,756052
10816057,7211297
5228719,2674518
4028735,16416429
1751515,13692947
16213908,10189971
2025587,4035340
7762988,5078091
3422591,14312305
15730400,15631324
10766003,1658586
4282482,2514520
9222242,14556910
3319304,15012798
3717861,9159291
2843453,601393
10816409,5269618
12746302,1224879
11881590,14647813
6555396,3314129
14981712,6069712
398107,15124112
15753244,16113498
16152562,3829171
7761999,6014986
13687851,15472381
12533580,2087305
7647967,8686818
4809596,5747344
12238893,5927966
5672925,9703932
7244374,13060822
13329550,9852723
10629490,1584090
1353380,10189778
13069857,16153958
968562,2828162
13247621,7971143
13435439,3569845
10117450,16600570
439337,10365472
3798049,6162656
4826519,7759176
16713529,4445981
4052693,5106055
1544765,7379730
9065017,12706609
3749601,9522041
8505332,1978881
11747380,4464495
3772958,15273758
6485592,8743000
15982886,10059348
7609171,3212203
15524827,2149769
4084631,13284017
11549148,4584831
8165948,9288326
15494464,980707
5740020,2532548
14108129,163935
13391254,4598599
5502496,1669468
15096151,2977058
1365014,7519280
6282632,15061656
13654036,2515162
8065971,4677539
5331998,8783742
7356165,736714
11917739,2288543
13659564,11288588
5044286,15713598
2813945,203578
1109232,4354747
6573144,367401
14354516,15650166
14683598,15312273
14167306,14744215
7021912,15423427
4120030,6357184
12314392,7456401
2667080,9761758
13254649,15424961
10719826,12394168
2055447,7144590
8993442,9176683
3259261,190860
9576134,16261379
5184719,4264227
4263835,15332606
3226870,15500423
2470570,16455340
937607,7453429
11177657,4574421
7154151,4052481
9521205,1428520
413443,2541295
6547557,9766434
12185148,2844397
13552645,6499393
14932284,5015786
7106107,6580877
9624064,16164436
8368740,6964102
11119988,2931292
2534680,8957370
11789754,7141464
7121912,15973936
12826888,10979147
3308489,3395959
2070943,12180935
15155448,12544423
11324643,8743448
2924748,8289535
10507058,2445922
13331601,3186691
808924,14550668
1381364,15562516
7183368,14566844
12677029,14130139
7452930,5157815
4535106,8700164
2461841,9727241
5893246,8616285
3212234,12398337
12816018,4191592
11785806,7789550
806925,5173154
15784255,8227872
6180049,15217982
9497496,9536881
16,5650218
10859318,14540191
13067298,9346865
9227640,11292212
5673206,13302894
8424920,8561412
7469596,2785209
10173831,3894202
1660724,13247423
7079669,13686618
9256505,10539413
5939262,6402733
9847705,7609610
10744193,14939752
3454282,1101776
10001343,14757883
8977374,12076747
11150507,2216521
8723422,14338021
14344715,7898735
9719743,15251464
12491913,15513156
676105,16327021
12811109,3663482
2567144,11566748
597390,3074229
15901722,14339208
13732442,11280301
13977773,16297703
5640862,10141385
5255849,542465
1937604,9627954
3674138,10675446
12969821,6726414
11850404,736589
1839779,4309425
4298476,8679191
8032839,11509096
4214279,2510201
8077850,10682597
9043763,4989310
8789077,4586090
7287931,6399023
13929495,15526838
7793548,11929751
10675051,2310329
5512973,4434609
197971,15238568
4137328,14547982
12479840,4608142
16379339,5824760
8999516,9618976
12665655,14418068
3779271,4902593
10896577,13171227
2913170,1824768
1579395,517825
15351493,8761933
4786124,14144668
5225174,16064054
3372397,16275387
722413,14291386
14446160,7247561
2595578,14540819
10769836,4358467
12009833,1347005
9754583,8288016
11468019,6858756
5485236,4215794
12629619,10349575
3894789,11004530
7695176,3490204
1496585,9069904
8207162,7493245
15028163,9772217
9452844,42350
2599932,13342770
7133790,4213819
12058432,7529967
117564,1330621
10612687,4233749
133701,11689211
3420780,448089
11241152,8950505
546219,13050637
13266798,13480026
837863,9944214
275661,14110854
9093102,12053607
16347739,6253400
7860153,15724705
10415934,13597264
5368693,12908569
2641492,12311905
13228159,7528712
8033098,6998559
6514113,8351587
12191803,6358161
3922557,2803945
16700469,6953976
5330841,6825678
12339863,11490666
980172,12022661
15035805,13862048
12623011,7602616
13197644,14480955
319256,10358359
16717681,7934832
7229620,6808553
202026,3957180
6936700,13321651
15249088,1118588
6182089,1094381
15443320,9207635
6047758,8773477
5956825,12939354
9214825,11454805
13991393,13564177
7428104,6817099
14810836,6828529
14873465,11011281
10646827,8098388
4396428,16009135
10343802,12036100
14734969,5766838
6771102,693540
11527792,4900098
5388951,15241196
3346396,530022
2617023,6287473
12722358,4188792
10167690,16134659
6039853,11737586
7516499,16209214
8009291,9110194
12450038,431389
15890784,6151185
9870938,14754700
4421879,5957671
16515733,14155864
6114830,5297416
15436840,3548763
8797827,14284988
10241145,16132349
6398652,115667
16265587,2454112
11423940,4438793
4191042,1730610
13392461,15184961
13510655,8196716
13376108,934632
13948444,7313317
6523789,14263246
11011483,8066484
14240752,5009913
9703483,13317338
13446221,3294097
9832859,7890615
1602235,2740518
7819873,9600079
15520265,5506976
6188608,11217041
2440975,4432382
13486493,13814761
12658870,10599977
9086192,16120036
10590414,253241
12603455,14219605
159984,6893410
15243835,8309534
8158563,953980
9369852,3685330
11861034,15312063
8532531,10473650
3815097,14799098
4813453,7204714
7050557,2288031
9355650,5830635
10793906,11426456
7660608,3488274
14246294,13232711
15594686,15934650
1943552,13628377
3000243,14209072
7948054,14127333
14157873,2115833
1566657,5638680
10504790,12448507
431240,11850860
6790119,14976147
8113161,13103540
1376057,12824000
11517376,1554142
6294863,6619433
2708215,11446537
11743700,470873
3139615,8791066
9352924,8716464
3377461,9878976
2198885,7383424
809699,12822631
8236535,10537334
5795621,13964687
15966770,10765907
1278053,14109550
632155,2381945
2130339,2309109
7630359,8698558
4052219,771851
8737379,2290458
5497485,5349503
14841459,5187621
449768,3782710
7265143,3141840
15021504,1265809
15452032,14619307
803368,15476793
1226403,4426743
510551,2293186
2671921,6802514
8441880,3541493
10333134,9655778
12922698,10558782
11979902,7945598
10050912,134212
6956775,11055863
11609991,1144882
6536289,8402539
8123130,1049172
14062197,15423311
9604112,4531769
9946276,13610354
10043520,8392478
9423151,6131534
16771341,4833592
7547222,9225313
2174232,7646626
5639139,9414863
9853114,7802940
285572,298529
11567874,12450710
12272019,8502476
14633834,14203449
16608667,6375823
3967306,5620103
16612990,2310454
11946441,3133336
16128446,7676384
11205016,507760
14944928,9067057
15659794,7644889
7687600,1793666
4512377,1523118
2603293,10262904
6405689,8544475
6727486,2712347
3909149,8550107
4294262,9178438
4484887,16433874
16236012,8047227
11763589,15612114
590540,652750
7149998,13360145
6779522,11088387
7189874,3791521
11978897,5493526
9605139,13230687
7626324,8718482
845615,6160649
10068207,14230905
11192367,3350684
14407810,14146953
12194466,4321780
11244976,12445993
4795998,2594179
1615198,7888063
1998686,4609093
8935469,892775
5899207,11350825
16720477,8675507
2971684,996681
6666773,792157
2190826,13154126
4636008,11981384
11851112,16616110
4906004,2097032
4527864,13176037
13821854,5196865
3170535,3947214
14741683,5454067
12907885,7447538
15713998,13793420
3524008,13180536
10804206,14854599
13009992,12509976
7761127,3557164
13097969,12456420
3290343,8368521
15901265,8967368
15259979,15475739
3956158,9297415
9743302,8014663
1840367,12837543
12213579,4221369
11041842,6353698
6913198,4056184
6075965,4400479
14139595,12163123
11869132,16284242
3300035,2427847
11074022,5070662
15252903,6601700
16516672,1827204
10356541,15487780
14605789,11558572
3028222,3200580
9508482,9501497
8867996,3464568
1285874,16349093
2825309,14061003
3193830,489551
9541220,5389605
9400192,7820135
9424302,5120434
5601286,2870143
4697279,520006
9540366,15446272
1335354,3731620
4426311,13494439
5074363,7569247
2542794,8325688
10290685,13430550
2054333,4069472
2126135,1074410
5906307,12638228
16569634,4002940
11367148,8295623
6221840,6792484
890456,1113473
11439989,907149
8283239,8263584
12668173,10075055
3312819,5546082
5388932,11329986
3611026,10463165
11772551,9928803
5733638,7001612
904123,13452876
12415172,12693166
2226997,10290659
4370723,14401954
16380184,12659995
13724816,12708426
2136283,2546242
2257519,13964854
9052326,5154914
15074661,2046981
12538991,12664460
10499911,2883940
16302797,173447
14203341,4322446
14574688,6567040
8058655,862461
7351990,4585556
14479585,9538318
2721877,13617419
16057871,1846432
5454414,13919030
14548803,1435829
12793973,16340444
9428904,7681162
8869602,14204520
9499444,1892870
10929638,4397662
9735199,9073686
16743744,11543322
12698306,12940884
4204478,4436083
1244967,8557160
4423390,8034593
15331537,6632094
13829871,7218319
14311567,10057652
7765663,1324197
16733503,8348304
5061416,16754808
13945794,3820263
5053944,15410624
7151647,9854178
7740306,5174213
1552035,4145932
10094558,9396299
608121,7552510
12789050,2762119
15952817,6226101
599075,16414702
12661516,8386486
15526639,5638867
941262,821371
14998022,13692130
3888374,6048607
1981934,7651153
15546318,4795776
12532489,11816978
9131759,9792468
20146,2463479
8352346,11800528
9017925,559397
12385500,3485136
3365287,4015047
3207167,7284292
4351154,11303889
3702755,7700959
5553084,5640892
13195160,12278407
9884385,1231707
8186474,13516239
12545782,3345801
9808419,6252390
15179994,8454506
14642072,13112706
1491629,15436768
10266947,15026335
13444322,453313
15634233,13695421
14199283,1444584
4043571,16319767
12258992,5839031
13947374,9961900
15770239,12354646
2120955,11045617
14893216,1775963
3048781,15757267
3061431,2425025
2409325,8737206
10976720,15203504
174690,16364480
12650251,12584201
14025377,3420328
15850719,4920978
11092530,8467464
10784449,16046982
9870103,6086513
3765854,15838895
7824916,4530459
12749128,14626989
13931101,13811260
10854382,972605
5795235,13784136
14646386,13442470
15828234,16531089
2351105,9423748
15355463,1571957
15965897,8614461
9664946,11121402
8063508,10803808
5321778,10959114
15442137,5100232
16128017,13905409
12172527,1687904
6016868,9109448
5244337,862845
7870210,13091353
4920808,2816223
9799039,987769
13144173,3253159
16145161,6067857
5871486,3976376
11683716,12704263
4649043,13080908
12312243,887771
2770335,5663510
12025058,9272518
5926161,11707315
8505776,675544
16163193,1207099
14515029,14314312
16532184,10216296
6166051,1601888
1036102,14399276
5002293,3566823
12352482,14165678
9378440,15912542
8925696,8658373
3324083,6958809
3623625,6689550
3470907,10207888
1646082,923631
10435731,556409
11324545,8972009
5429564,13530494
7640702,3267087
7227854,10630641
15684410,14805069
2755269,13897973
1510589,15477249
9249441,5890701
6420790,6921055
11987204,15919579
16360924,2257969
10202707,1579794
15979312,2351668
14842516,6398770
5065183,3925847
15850506,6350832
4527579,7454435
6796019,13202990
14958439,7426159
13532448,2743411
4745533,9291633
3167257,14114038
1648110,7700330
11674107,16419882
16766070,14534027
6673501,5654902
6802859,14618531
5625470,16161907
15351519,10397204
12156613,11385021
718614,8803916
16233376,6861900
13199377,11954593
9758532,2144279
3768322,12024335
5101235,6201163
14808378,8151416
3310093,15949939
15029376,8714254
8964102,4268490
11803143,2566297
2107012,141682
482426,7607743
16610810,10415937
8267356,7866492
13263245,9893519
5667604,7626819
11765888,10910836
7311040,8736950
14845988,12614887
9342820,14954675
11911221,12890627
1676437,2090130
13801311,7302315
7805324,8914543
10945360,634266
4737677,2307656
6184993,1169533
12506885,685900
9032534,12707330
10498675,14967548
426376,9565048
12186747,12367735
2840405,16291131
14395555,12351656
5091776,7922765
645889,6814600
13354168,12656044
8168206,7558799
8416457,7680664
16356663,12454456
10122245,8455581
12799648,9689646
5815109,10507649
15279430,12462829
15281465,12960710
9874192,6091803
3922988,7499962
15892896,6252492
5495779,2714282
10589683,14712271
9500405,1504678
11631551,7627755
13865975,7211903
15542491,8913139
13615584,9807624
2587036,13795889
12850979,5828646
1903814,5794397
14345340,3506972
11937351,10182901
8411276,12151846
4309261,15868162
4810718,5023344
1367022,14226483
2799951,13623413
7951409,5768687
15442071,11920569
6950680,9684187
16489684,9574995
14224219,14680195
13919363,15402846
2989537,12349146
15403986,15771483
844550,1182162
11034774,13079419
4798349,1393535
16586788,4919787
8844078,13920374
8923564,5347122
14267156,15601239
1928015,1306185
7477139,9546630
284547,15466000
14273123,2194089
2941597,8956708
10275357,10077906
736582,9379073
12044403,1968286
15212662,15101722
16348454,6964942
2961935,7765492
3296183,1131284
2815658,1837485
4235948,10690809
9798846,9179880
7651489,9955219
5077301,4481888
6433246,13750309
16506721,11246825
9154014,5966542
1970496,1602123
10971764,7978334
8936108,15518733
7643989,7294426
2024297,15920125
13492478,10560438
16406861,851068
15730887,16342060
6878569,12256550
3068622,6871286
7466236,936849
12964465,4794148
13153136,15732250
16648080,3038815
12340261,12207366
4349871,15954579
9456109,13370123
15352030,8184293
4320867,1378628
14301421,5774519
9873426,4168249
15694809,7343016
6013161,1847394
12634514,6954128
3205140,10413520
3899922,3265723
4172524,9993832
9861679,11273071
10735266,5213161
6541850,14518357
15648962,7832504
4062603,5038475
15217055,10244050
11854768,6521506
5009258,3342747
1136797,4184337
4863311,4102606
5623505,3754221
6112418,12102824
8129461,9916643
4439731,16666457
3095654,4149385
8681739,8197854
8633692,4235752
10351927,9385564
2471037,4478207
15487649,3060831
5816542,15696413
6837131,13253657
263547,6574970
1666701,7533199
3237549,6877042
10269080,1170997
2157761,3862686
5719120,14597900
4909,11011788
16066703,101507
5806859,15338710
1500724,11154398
16449040,8769962
13491709,10202277
2144155,6680386
7063258,1155103
12909457,8766516
10713136,9678350
2925872,5204866
909097,9155182
15616710,15617779
16286492,16649991
8382823,16011511
6771956,4244002
12436481,4493844
7501621,16022717
615406,16490556
14570237,12206584
16775239,2108112
2871304,12877144
2521687,10259844
11809350,1639831
9116825,5615670
5474867,13272916
737685,9707458
14838720,13931451
12410363,5962272
4085948,6629797
9500069,13905790
12774518,6200874
7362552,3033059
8350231,16118079
16734111,4453160
7846870,1117661
16352353,9943291
16211655,2109922
16052389,13350986
4792190,10924753
5473934,12485144
1722255,12606789
13147732,16332780
5648754,10427830
7107992,4484742
12398464,4102043
7939724,14168703
11261047,13730742
9933373,2081364
6581799,16244186
12369924,9202198
11650657,311232
13087318,2925187
13228517,11131352
12708241,10116793
14660481,11469664
12767705,15390792
1073592,5590497
13538942,916849
6119911,11991464
13217254,10489671
168938,3705607
4975454,14103667
13321902,2562091
11324524,7751059
7834532,15211146
1052832,12825111
12982660,7996155
16621396,5418223
13797584,8720751
10045413,3031492
11404115,16241755
7016014,6055738
15977833,11477988
5868386,8322742
7170215,465824
5957692,521714
8609580,1386472
768838,7657691
11641975,6339570
7084703,9110678
10687608,9526979
14832727,9156235
12626307,428946
8063600,14768522
4298852,9766651
10996647,3875628
6450057,11970304
42067,15238600
14763279,14924510
16469347,4501020
4296476,9077937
11347109,14407327
8483678,11470276
7516345,10447709
305143,13017346
2369375,1838752
4434752,5498841
8612054,3588304
2107298,11105775
6828331,628697
15529561,7790512
12758535,5514120
11493493,6504007
3395527,5081378
2166888,9889286
7916493,9437401
14745790,15846164
15745856,13487676
7767530,11886313
9726269,12299088
11688037,16042003
6651355,12253297
1277756,12918036
15781805,8421360
4705429,12169587
2009297,15563168
1530896,12244944
7807811,793650
4425112,5538723
4587494,14033589
2082793,14607258
32723,7905961
1185123,4132193
8839228,15531838
7563309,14048081
3913613,16584259
4352458,13729044
9575471,5089968
16371392,14108906
5335915,7350144
14430883,4002975
8886116,13559791
3391633,7207982
9567892,10192225
15277052,13683227
11743601,7304345
16776783,1709704
1723654,3785637
6853942,9450805
11634554,9856984
2435268,12940610
7102016,4275098
12360950,9527858
11538285,11254771
12372380,9065711
13273557,3324371
15135543,16411962
3796139,6401226
15977755,1810398
9365262,12097407
15873795,14633905
1595454,6093198
11476763,2494026
15337488,8500760
7189003,3674427
1084538,5154220
14756758,4286021
1888635,10894652
10997852,2209741
13085943,15645245
290856,10652992
13616901,8946972
2948884,16282790
13724598,16630045
4575964,12222491
3833953,6271331
15100455,16252047
3973523,5456675
16354912,14435454
16684667,13158819
6277144,8445158
10787446,5457516
9022636,11523312
8760550,2988454
9523211,15502914
953868,7853568
9542292,6406510
8665533,7911940
14750336,11795536
15356190,798069
1503525,1080283
11941178,16297188
4866835,11940257
12310004,7187751
7741571,14936292
9943241,11222321
14748777,324195
2225444,12489371
16063008,4295142
9860680,12617094
6216594,14722489
13215138,849059
1431770,11303986
10119341,8188239
15359763,7936866
2421402,10990710
12754173,272007
8046756,11977397
11461559,14886024
4617721,1591630
7489504,11091680
8815107,12234297
15221118,12265427
11711407,3958125
2808723,9873712
29463,13297508
4608727,8245481
616207,2820573
7217911,12654142
12886316,1563895
2420984,14336893
1396018,7172553
10652392,5959261
13128310,13362887
9027886,2086649
15399620,4392815
5785442,4047015
76076,3221395
5212665,10071467
1935685,16644099
16686034,2809300
2845440,10034838
9947739,15263689
8673422,5603156
5131070,1001788
2547276,3833815
6206651,8327637
1103137,4850739
10132422,16702244
8674811,7558767
2073377,9677764
11768850,10377610
7563352,7331432
16504946,8481781
15125282,3501325
6523196,6277605
9018133,9602602
444178,14454900
14826869,13986210
11529850,4405701
15013731,4370896
2417834,10533292
9268774,9099981
14501324,1447136
5945456,16706614
8108307,4531085
6454555,523321
8362214,6103410
11663341,9407037
13366326,15443984
8139573,7574833
6615623,6355273
8247453,15262264
9576700,14294352
3634130,9492696
9727695,8875373
1100635,3067512
15564650,9470420
11231139,4574835
15203661,4859858
1785475,403654
2828127,1834336
11359981,253449
14495211,9285207
11880565,4356217
8285685,372142
15241532,10170458
4722744,7553230
6217981,2579408
12864151,16715499
3445881,16090040
16056149,1535048
1788952,3488321
1109505,9506153
3912868,1311722
7186460,11642219
10981159,8260614
7443968,2893016
13361567,3960983
967648,5277426
2136380,15439339
8775223,15974395
5095367,5945530
11579594,3021856
8492777,4521054
1700410,6414787
9892100,2458954
8089454,3506259
15023568,15093765
4472678,14655591
2383417,2613974
3102120,8998047
12906481,3479410
16028562,13262292
11215871,7137512
11024241,15469901
3544059,5530597
1353720,16517865
13674755,14042636
2707050,9978559
5464497,10705868
8368548,4981497
8030432,1499857
2452185,1887944
13919373,11651626
7469605,9356707
2617167,2312599
5816254,1156326
16281656,7881165
808604,8084167
8328246,6176594
13046503,5558346
4831894,9841980
12257739,3003867
16663972,4931521
11554449,11989575
8764011,2615241
15872913,3756495
6798420,11437476
9027752,4085884
11622734,13497901
2551295,4276594
10935399,6496393
6254411,1433381
8230395,9892583
2098683,7746034
2865395,11346152
2952009,15596742
338613,15315365
3990045,11198353
5219990,15514811
14884186,3041974
7489448,7434627
11365844,10468628
330015,5886319
13509676,8937797
14222974,2357770
14514292,12519699
9926922,10917701
6852978,13336168
9574776,8736633
4957071,5280714
4137926,3669978
889028,16743744
7301006,2170476
3237452,11954735
6160102,11592377
4697173,8276942
1289226,12592508
3924642,11737088
1478104,7170307
300986,4203546
15245957,11452210
12152954,7242868
10887632,16607967
437822,15158127
11521924,1454201
2668749,3569373
14181131,1766645
16737487,5308214
6978596,4009475
11238696,15443559
584089,5187221
13325359,2548839
1420853,6412313
3189528,7877824
9937257,1758729
924902,8646460
5262264,2844274
572021,7317116
9969018,480678
10323324,10588366
10775485,10005037
14310480,14312847
10182184,8063185
3325467,5392794
8948256,6219936
9075967,13009903
11738711,5165286
16131664,3410001
10224911,4644809
15241221,14805105
14841063,3510511
8147713,2962966
7129845,2941804
6059086,14277133
9635730,12188710
3735243,11449502
10074188,489270
1200465,1628808
3139530,16209372
503621,11687840
12642170,5987082
8072654,11746379
12856911,4131614
11991688,11225698
2005310,1998184
6864127,4135984
94497,9513687
5010557,8907452
12313064,14252027
2847648,6632677
5284567,11237232
9482716,8421239
8941665,3841867
6618065,8557942
14070456,10130247
6892057,15614425
4524012,14824283
16261106,15497955
3882794,4291554
13892929,8159563
2712055,9418964
10801043,2222952
11771614,13690455
11094201,7603143
15903364,16380261
12117723,185616
2307471,7474672
8464618,16370309
2022616,382120
1191662,9862571
15208773,528604
16704616,8167636
8604295,12092635
13884060,8867629
4581171,10342133
5097068,11609604
3239505,10058103
7577736,14991869
9504200,4315002
1185832,11498093
218935,4994492
5874790,11361935
3000431,16776984
2125530,5421991
13847821,9678385
3855791,5166294
1339162,3780108
1537408,16486284
962879,13292524
12794837,14922106
5696811,13442728
8812496,12785381
2006345,109595
13327016,322669
3874765,12820783
9299824,14921468
1104946,11567570
13571419,14062882
10482703,13319182
15624267,13913162
2597882,3240197
3473155,3041773
13829434,5074426
10915840,7598214
5599369,4254739
2232291,12481495
14936770,6178213
10827948,8410511
11501280,5781843
2502784,6417017
14942434,8877196
10393442,7884748
5161192,1307983
14645089,15024168
13809681,11101610
7121720,6503316
5568506,664001
14917013,754242
7263754,1721277
14586935,15332050
8858767,3629195
9375740,4580468
4169393,3286804
12542864,3571487
12915778,4340262
5995327,2884119
8480890,1334322
8686932,3251105
9982732,15524604
8763568,1608373
13611222,10892613
3874781,9961847
5701679,15437714
2678265,5100214
6805710,12323992
12627415,5762032
7922127,6305493
3647867,12746629
7430771,12856719
10602019,9394365
12804835,9551526
6140679,6446332
15644170,7588376
5589470,14956705
9760204,15173083
1963254,405707
5458374,11535284
4617816,15724378
759890,11413926
3657867,16596841
3787580,7398283
16193311,8604996
4781472,12549886
14762770,11624141
3036325,13228448
12964571,11844327
9078067,6354081
9593900,6218281
2953300,487347
15234882,13024364
16083484,15462406
6964234,7112904
2697860,7541489
14375737,3758829
4742922,8138872
10023401,4933939
5690108,15132830
3525969,5301322
3529418,4685195
8824818,4579129
10469568,12111820
10116761,6385950
13936304,1577780
9105793,2834237
3260675,15926732
13635543,7002494
8536951,12357611
913772,11587186
172996,6465416
492735,5393732
6890060,1649339
15152408,2479448
14993600,9105800
14022502,10266053
10185274,6328338
2221005,10830647
1511343,15919486
7630267,16682896
3663537,1592615
8144410,5614349
4864260,15073548
15577928,12144587
2464013,2737724
4520898,3927323
14193226,3732654
8578906,5237423
14452322,5466021
3910560,13610132
9191458,14851014
16454662,11065690
5383023,14660760
15344820,15806328
9585646,6370710
8195371,21775
6684739,16244099
12926190,1036770
14686875,9294400
2157025,10812734
5838586,10203723
9149760,1435195
13864322,118718
3577377,13429010
1616545,7163745
12823064,10754240
10184819,13335111
13812844,3538830
6977568,2704120
2180419,117301
11357055,13790191
5472302,13091361
12754277,1306841
4266289,10813599
2170386,9174272
6818592,16138390
10580626,9440365
3899224,3440492
3202034,9090176
16449366,3986426
4478504,7322405
7999624,16505216
10892046,1832581
10230391,10522211
11924918,9567077
7502460,6339126
4088962,423188
16436679,16319122
881874,4897251
8371502,3090866
5274389,8514333
11070704,11283301
5645779,5517897
9160281,8298901
6499792,9078190
9119125,12216997
2591593,15887113
1402481,9389136
15799601,10734292
13413554,15050341
4950206,10280199
1145613,9193591
3060770,4436667
5119682,10344038
16696755,5437844
14998003,14674638
12468356,10553103
13605278,5207670
5043073,6261114
8415642,6437688
2782265,13167317
4019088,2355100
8929077,10826328
1457303,3103402
3737604,11363197
14797575,5160867
5083216,5631166
10874732,2268282
16433545,3621534
5950428,2608163
15090833,11406521
1176486,2753943
9150363,4510529
10494523,14436891
3813352,8689351
13972095,12117875
15694493,1894904
15194289,6881412
13127382,15960590
2819983,3463190
16392024,11052331
9546139,1505171
4470210,14212329
5332878,1985559
13169440,2504414
15715095,5059651
8681495,16794523
10746381,3623123
13334767,8411384
4176881,14859629
5869582,10151103
4665227,4118515
10917858,279353
5192838,13090642
16289967,15402305
249115,2561090
2538924,12029166
15409436,6011210
12407211,6615786
3811443,6933332
6496537,2817613
8993055,127456
6921016,426695
16172192,11713737
11809533,10999263
6244218,14824098
5311946,3382743
5985729,10786517
4721183,13087464
72557,6430779
16736002,8096593
9572150,14403113
13201430,9073937
10270707,16103621
13065233,2333941
12427177,14391039
2296795,14565153
1166207,8790338
10861578,2857241
14559189,7045413
6768258,1553672
3350122,796840
2328841,7521584
9067257,12260175
5834949,396865
204165,14051695
7194106,12430758
11314120,5359048
15162503,3554798
7824019,4235615
7638819,14611063
4983755,12599353
14725518,5068234
3971248,15937263
13680726,16142289
9437798,15269337
7259332,4227830
4480358,7960406
821517,4103653
9666772,7732574
3910502,2012626
5963096,16010101
1569507,16006428
6815657,16060651
7724164,5399639
2681047,13750443
5389561,6071068
6357217,11326666
15499342,1389898
5441364,131998
1317877,7254413
11155104,16136535
4585446,2649916
749504,1240816
6319701,3236100
4207200,14998833
16139737,16155293
4901584,4394700
14209108,9940774
12953211,14066659
2055760,81178
787898,7102891
8220300,16063819
16183610,11316538
15999653,3751910
10351382,11365585
2017646,16013861
7050273,11002542
15535902,5717693
9614497,12615078
4172809,3728075
5455819,15864792
6670061,1945461
12823543,13711092
6081489,10485338
5956968,15084472
6744159,11755485
1143447,9047331
523617,7092184
15469156,15420545
16545982,779432
5126092,16350411
7476003,12699039
3516872,12622570
10809042,1961681
7410850,6348805
1034127,12365170
15592739,10778173
10136158,3165627
9069518,4678503
9941005,3388059
6244903,8160760
15267108,4412325
12752338,11659422
11782234,16252163
15371575,630957
1818382,2209992
8119747,5853097
8688401,16002500
12509410,3853716
14780710,8154617
1666326,16628412
2084054,4662575
1623409,2020845
1008457,14349513
14636773,15166782
10940671,439740
10460729,12099317
6698230,9814371
2602350,11627191
12805861,2173300
15093432,2213353
5998106,14208641
7035140,11740273
11065138,8982987
6230286,11974361
3265411,7416871
234038,16081720
3713227,532808
2278808,7757184
7651196,914905
16710793,14060638
4013751,14895036
6463806,2992168
7054023,1362504
4075754,14790197
13139036,12721460
6552058,13594682
8022835,2808020
7373483,11334183
10091637,10230715
16626006,8975053
13772119,6393295
9870060,3594582
4534373,13024683
9581051,12612967
5069524,8060847
7905294,2213259
8719449,8314112
12269438,13621894
1408469,1312574
2431493,4976126
13609885,11738249
347234,7316103
5256417,5324260
11438845,14409517
14196417,16546401
4259674,15842364
169113,4578258
14959380,14826704
9751734,8464231
16549602,8709873
10598566,3026222
7422029,6210664
6890749,16222246
4054422,8848923
13338765,12907261
6901994,5376503
11892223,12038694
15530535,12410554
13669298,13859642
9361365,2136281
5499559,5797479
7181220,3177004
11737888,13529960
14761862,13302683
5275702,6226263
13069685,16288598
11584440,4464349
15612679,7807159
9993548,1261830
11127558,11761247
4145305,3054111
99553,16441284
10579469,4866321
8247943,7870058
14419440,3719394
13297513,11719835
11328556,15675121
9774738,15885463
14022051,5653938
5184969,1229083
13351587,9132937
16366842,13352697
12381820,12535280
14691397,1219724
14059910,11858220
11795808,3904423
5693141,11463794
3044733,3788803
10694879,8867697
13881710,2851057
7638076,673527
3888482,9416495
6948612,2421609
16316186,619910
5419969,7752690
2228018,15109366
6783381,15275343
1435003,12996445
4229049,11151207
7738814,16765976
13685190,10595545
3328086,11404169
8951326,8620221
2531303,14050823
1052888,3208571
15574625,12148588
10491860,15726712
3018338,13044250
7550515,4520585
7323479,11889166
357368,2126042
3407186,1924189
2371415,16725626
3291401,6155662
7957416,13657647
1429147,4359973
7586194,13081370
6149217,13345778
13887730,1740763
16586231,7814058
14283035,11357444
1308430,955668
566633,16179874
8650899,6311995
287118,15072594
7774994,11824622
16349039,11030035
11171629,8949775
8852696,11294689
9975875,15072279
13074986,4822741
9770263,13927631
4615258,16563966
7594972,2301577
7868118,16387802
9780164,9611167
14504948,11409914
15035021,9997819
10743811,13808252
8054777,11976897
1877984,7084786
2314337,16763932
9203514,7457675
1531086,46953
8725189,10074694
11469128,13083382
7838350,5418168
5928982,2131905
12352387,3619893
2851972,8264252
16711634,15627020
15353691,6092756
4915962,12190976
7496821,7814973
10298161,11460209
12101396,14096026
13023935,11018108
9164349,14322172
14669903,9945831
13135265,2162135
14097301,9003331
4997452,9424552
14012738,3826130
11000761,14427932
15996360,5963053
9951261,5091085
5835226,9964994
189895,1476736
7594825,15344137
3010254,2998720
479787,11590603
12826709,4361623
3464143,10113597
11248655,11882672
861081,10669332
15553357,15551670
12132413,16184964
7237769,1577975
6506574,9261653
15484439,635516
11653730,9421281
2259096,987116
3206543,2785695
10035497,10268749
15878674,15512400
3834206,6519273
11301960,11778066
7403944,16274619
1892002,12005289
11887473,15212072
7168539,6190968
8862369,14450836
4854179,9476284
14182667,13052831
4324426,212448
15397754,4290260
7450741,3889661
9350601,9260623
13216775,14875568
11508066,6250174
4439744,1866988
7096057,6404558
16618664,7738377
764646,10567293
3854443,3443160
15672444,3944444
549026,11927941
4550644,1935985
5871818,4977454
2587829,12992313
15259362,2544952
835081,15269833
6970039,16764796
15296902,7358315
15155137,14184444
4749748,1030989
7319687,11704179
7160066,12507139
15854353,8535498
8914642,13798005
4606937,16680278
15260572,13135504
5860770,11801289
4097571,5657847
95148,5310495
16600875,8087130
6740146,15670537
9001980,11688605
1386056,6077335
7236157,10552207
12261627,463839
984185,15101314
5026986,10844601
9442196,7991894
14545583,2439951
187513,6125815
15563940,1787929
5633676,11524382
12012356,4826204
10266972,1746442
7343599,8051769
5131868,9044603
10657084,2526733
8016232,3212766
13979886,1257889
6763946,16136438
7342966,2330939
9482342,415125
2966689,14386081
3404762,2566444
2845826,3772806
5526793,2098880
13646015,9640339
7974380,7314349
7766254,13609717
12318376,3298452
7456516,6394957
8897236,16142790
14970248,15534662
3791498,3635211
7937870,2196128
11241574,3605781
2383810,5825281
13709041,265843
1066362,5269994
9793705,8867293
115949,9874233
6773826,11212872
1480776,4771619
2384001,6968712
12088312,13321544
10371935,4159200
5563347,16724267
11980315,14928088
6814855,10505246
13107968,8413494
10084144,16560254
10191604,11750598
1686879,12430155
2449972,8061381
10210891,2860809
16752147,9002584
2085865,2976370
9949397,2683973
11846229,2427827
14692980,15755109
10888378,78152
4057567,906559
10643734,5188417
15925741,3355887
13893730,24036
10208792,4151797
3306552,5646432
5963533,15362418
8174290,8507352
4583112,202899
11461163,6184670
12875896,14693497
13905631,3619391
11922060,3767086
7715819,6731177
1549313,11908744
4898373,8706093
13503046,10886999
9617409,874859
5615632,767579
7065713,6381192
11792442,12552591
3645925,15882076
72850,15525733
10402659,13382812
15748825,13423087
12808061,649453
6361286,6303287
16372543,14267699
12194214,15460203
5306140,2177364
4466379,1443228
3621153,1494606
6064052,15651570
5022845,8717644
3114496,13921899
193814,13852513
1778743,9537750
8702287,11285825
11685760,1195609
11003891,4929680
15197912,5204238
15893757,9860024
10576309,2060554
5154518,6312868
2410717,3915506
14209632,11881009
481187,14127443
13037224,7152733
9917915,7562120
9467686,7385108
5549261,7732125
9882999,14523494
2610901,5221215
3779258,13567379
11354673,1141194
7121314,6076943
15805025,13193884
11152745,15794017
16227827,3799346
5111843,9570704
222930,4255454
7251842,3118458
2043415,15892324
6808163,4847261
5220919,3300079
5956571,3588473
3428222,8470759
13895483,15361090
2194434,8705956
3917017,13090535
16677985,2877526
12905952,12590761
7750182,15027172
1546029,12505855
11256403,2386387
14971116,9049401
627909,7511785
4311190,6491087
12533244,4416910
8984408,8858389
6706329,2328853
15332495,8960569
6838415,12236760
3288839,7410829
7979762,2493607
15043538,15181774
13318137,11097192
11122655,16654642
14282661,6338660
8284353,8235061
6095441,952269
15689256,13813294
388125,6493107
5489140,3784908
14926320,15116789
1070888,10950327
16198347,1269279
6930153,7097455
2899047,7390187
13535885,993935
7749935,7532856
12247935,4810455
7424022,1699376
3737943,13506684
11579283,12566153
10772344,13889135
2372280,4725786
3682903,14305532
15316887,15892303
16041295,9461818
14495107,15956023
6758818,284003
12876200,1278931
3068569,15233077
4133867,5268996
8094179,10377510
15315983,12413845
11940844,7048292
1168614,71587
15841876,7278372
5650575,8405378
7898590,16615156
14606472,302571
14146495,343694
3572823,7616565
14825500,13101204
1831414,8299679
13025922,13881384
14517063,8779390
11410853,12940381
10582623,12680154
4506045,7934357
1828666,10134041
433640,9935329
12561786,8427510
2153643,6569268
1604037,14651054
2463496,15144676
9132465,5861956
13883398,16319096
16058725,1518596
14234958,12554165
10368688,15632729
261219,10026026
8632544,8432307
13342740,15428858
5323532,6526491
1886371,15359337
13258787,13390073
15478228,4626611
11687272,9669433
1824653,15918238
1791378,12875270
122985,6238449
4571546,748160
8450004,3039617
10862934,7474174
8991893,1759015
451208,15429282
10749113,14683602
698705,14418786
10120346,1786820
1265614,2418735
14766258,12020203
14333192,7474695
4714946,945702
3264829,16448371
1004988,9688873
13149198,6697190
12568570,4959586
11892108,5462725
7446657,6147884
9784974,4914766
12485543,10533162
10609800,6703946
6490076,2905271
12894131,313850
10908575,7153307
9928739,13867021
9180747,2956798
4255529,14299237
8646069,8243848
5612905,5379951
3657066,7335962
12178827,3347866
14506024,309469
11951868,3504286
5762414,9729148
819692,13182422
15615402,6217619
6069452,6987597
14451284,3441114
14340608,8468642
1932692,15356908
3834976,16146807
12234005,5130563
4316568,6227078
15799857,16473906
13656776,14261552
11048142,1718429
2251553,11716719
1646394,14248354
10651110,2189798
5328938,3485722
13722139,4386753
11156037,6349418
13481404,6995341
9906148,613569
12396546,8964232
11776252,224410
5956273,11843351
5599949,8629773
8177034,10410271
3405333,729744
897629,6051294
13912085,5046364
7611435,8710811
4093560,7770740
12093016,9697968
14415526,398596
7274215,16520248
16043001,4304449
15640934,12522324
7847208,1843069
1511958,8492890
11358460,5015524
9785571,2066858
10901951,4906740
14801388,12469645
16137975,4690638
2954961,9757222
4878182,16086101
13206712,16540879
13808066,10706851
6888948,15157227
1097704,2274830
6072611,5583602
572853,2568158
11653388,6554041
414080,12801134
818506,1631382
13303042,14327719
15858041,6772456
2766247,11727180
7968975,9401795
12946755,2405467
3268851,16348293
1598587,11607936
12606231,16137075
5380348,706777
14922196,2952573
4027148,4252657
789221,7292783
15142330,14437079
2075784,5397807
3764934,13224590
7055805,16701902
2700756,16252880
15272730,15102507
16453321,12849813
5337474,4036449
2446668,10439731
10949002,2503279
12852950,1911379
8268499,11228896
1400776,8001439
932658,13888649
10209291,2589056
6276299,16694611
6885172,8205903
11549909,1164118
5645033,15974753
5261700,1563711
14835411,1572119
6898831,552627
2510760,6666614
11052278,8102953
15631990,10944284
16002512,12131226
6199520,7145961
9524085,10642379
14929698,10947887
2701098,4874409
10292526,3210413
6934931,5749733
15651466,9538151
3859941,4051427
2226374,9275562
4722245,15226728
15353042,7778755
10996784,9134725
5462762,13098719
5915679,11763812
3463976,9735811
7546945,5393757
14143629,46259
12599547,5743750
12103587,809979
2793919,7382315
15620613,15902159
14674862,1649424
8019647,10733756
5976671,7223968
11579312,16662313
3974416,16466999
10913184,12831805
1903573,13835488
1133858,13408028
9668803,9035392
2558361,2685812
4221482,12143900
10065113,3545033
9197694,36737
10925506,7756530
13650795,13149568
5304615,2575914
7566953,7989981
9851565,11794099
10217961,3037629
2298234,4747627
13539199,7195676
8757969,1916086
9314122,8437144
2215155,6702792
7147398,550493
768028,1237404
241216,600865
6147985,9836808
13707300,6701823
3697729,666251
7490193,15728088
1003919,8638250
15821428,10741526
1803355,835960
2347441,7696000
6336883,10446031
5866708,5848554
7964467,10070705
3516073,5122582
1093603,698009
3395419,10486556
7920182,9481574
9981888,3633241
8663265,8509117
822923,11088912
1391740,15999151
15513124,6995954
3560940,12534641
12750606,12117463
13055446,4711477
4940548,11042351
2635944,11979915
12051480,4560118
8373874,11777977
13696870,6368506
8390057,7800109
3687589,14538145
10174486,4153215
214262,205504
15812199,12937011
11467932,7485101
16744555,1656169
12192181,16612869
1980664,8123387
9158077,3505252
4908538,5404135
12082824,1743912
12992202,1403684
16717616,14437578
317618,16010492
13144684,5714036
169745,13478870
8220554,14658374
9307053,4188122
14953196,524365
8625944,2672784
4895212,16522143
1790237,16417984
9963870,2105108
5395401,3852232
3887098,15530300
12032453,10593093
11145200,7520419
4487333,986739
436289,8667075
4657124,6057264
12025307,2854838
3788881,4208400
1556218,306502
13297527,4462270
7272401,16789415
15666339,1070524
9755339,8887932
1638399,4482012
14629860,16067173
6879388,6238289
1040248,9651374
13893823,10435660
14222123,15676879
2170261,6336303
15506733,5177550
11859908,1656622
13593030,415282
8261650,6798994
6713834,11693289
7021385,523818
13308760,15700964
7667988,10673483
14252517,2125327
15371455,13309001
5601765,4064042
4972057,5305407
3063227,11140330
14509191,13484636
13125058,8918276
16414179,7243444
11576935,10134786
44104,8501865
9259922,5677188
14316644,1613836
1554360,7977575
11827292,3818887
8308439,9838849
11107605,5979227
9808103,15063765
2645932,14308985
4503783,15494951
15603128,7638315
13808687,2923561
4396280,15716809
5637834,1241550
7110863,3564401
5347930,16741238
12241751,3208396
15899096,4847393
8497768,6834878
15882777,16313912
3543741,3945411
13249363,4686651
4120309,3056827
8756804,5194659
1745304,8701032
12676087,2548767
4915191,10654224
6833080,16705469
27855,10613849
16355921,4269729
5029540,4923849
14319316,8620581
9521538,1218453
9500878,7943838
13882858,11023270
4453707,14847732
12436472,13602940
731365,9420301
9531081,274532
14098264,15566256
4388827,8943637
13688130,8163440
8079873,13276365
14726799,2130734
16354714,8517921
3135125,2319555
9233892,13822110
10226815,11483640
10409665,11947629
10192917,15241587
9381604,8382924
6651702,8895955
9858345,518167
11606017,12169445
7102455,14632027
13972250,14405346
13770650,14000908
11293111,6986703
11553224,9771115
14163817,7511302
11542160,999262
11101425,3091218
2288390,15921434
557097,772
6149538,16512220
8491760,11220833
11756700,14589684
6902103,9361235
9430636,1999459
14321467,6436526
6633436,12541214
2991568,5186093
2605350,2111980
2220967,12694271
11984927,1716509
2091301,6710248
9984285,1851646
6360781,3880502
3263159,13660085
720052,4205452
15331680,14354116
10186206,2535023
12359639,98421
1521794,7051697
14983575,5079943
10675429,3753348
13709374,15434218
1914738,7049349
14886539,13941069
6775708,3194639
8558764,13580272
1830565,8662821
7384334,12167259
8564277,11930676
473619,15117718
2974490,10461375
10015232,10112140
8623296,10717426
14640568,2131391
6835672,14703223
6334328,7755803
9146689,13263341
13286316,7864976
13546456,5829743
16037060,4440370
1162920,14217024
6035192,9636439
118004,10119404
11748330,9030843
11528038,5281076
12065343,3265267
8691599,16163017
8871987,4365940
5003968,1354850
9190737,5343140
16203310,13344890
4620666,13219694
5144015,9469991
7018723,3991298
11451718,5706744
16715096,9029724
3503897,13271042
8775420,9426633
8736323,11822516
16713315,9218244
7639970,15188052
1401350,2374005
12899168,6920172
3761232,902449
9414145,14340680
12700263,16415722
1258045,3967013
11303865,8307815
1043396,15959156
5897406,10704401
8347038,10516173
16729282,8755894
6832514,365585
4330796,11536011
10226908,9506261
9640002,16323691
13386807,4291324
8672705,11116128
5669416,1801277
6864947,8235740
11550715,7176744
16309678,13717792
10697911,3572206
10333748,10385062
4121151,11046384
7973360,13460383
10544152,15135818
10262794,8318962
14906742,8041276
10044535,8196393
3307164,93404
10230915,16575344
6455794,11725528
5171040,3123887
10123319,3647575
7400633,10319841
10051160,3106542
14749067,16771745
6680695,597420
854008,9829729
3546417,11590436
8415883,1200973
12638192,11751340
8511445,5985243
10970871,14265895
11527254,4094219
9922201,7592502
2266772,3753739
1228067,10834169
9775213,3403959
3274041,11505075
14216017,15930778
13569050,255138
12833865,8200561
16007671,1056442
9791186,932136
2127125,5528041
361648,707905
16092354,1801754
14412895,8334770
8763964,7638208
14102647,8712520
530136,6605789
4385867,4486198
10353940,14932326
12663881,16310564
13422378,2269247
13173094,12949390
3706681,15133070
3144913,7624988
15147968,482746
13710753,792585
8435191,14904658
7943925,16687682
14535302,6989908
10048714,11658116
13382140,14171518
3122772,2061835
2764176,12528226
15093491,2408019
430375,4417941
9987651,13106974
15292745,12013177
8471610,7194049
3716055,3526755
6919571,8240136
12096256,913922
3263002,16748685
88197,10554531
8466803,10635092
15679635,297244
4595542,13337935
7501354,973125
2877396,8228231
9171323,12516718
509309,13402014
16004055,4317144
7452578,10059077
13979933,9340212
1293289,9910238
544083,12742305
15052556,14382303
15273130,8126697
1170217,6697829
11017981,202058
8091397,8876709
8203244,16430567
1567665,7302346
16349789,13826518
476025,978758
12502256,3867996
10796625,4147544
8405819,8097020
11834418,5177945
15248082,6951756
14559157,5880173
11115631,9506266
1673009,12398239
9333172,16675613
2770605,2040670
6514431,12051061
9216492,7370195
13961790,6926884
7356300,7078929
5226933,4689895
5904523,3017326
4568910,4005913
10802019,12822627
9381209,274817
3292945,10124508
12935767,4671582
10234660,15739214
13786024,1784678
11989891,12639923
6434446,205344
2994373,7164065
14345237,1093140
6919148,8944971
1283075,15371002
9447062,5909290
14979064,7849795
874427,3731463
1875907,1997295
2678012,3285599
13543459,119256
9856941,1111794
901593,10030580
4308416,11202645
13801202,4703012
11306346,4038486
1948703,8211762
374314,3292010
11526203,4841174
8897263,13912332
8656931,16661818
2550743,16418727
306189,11368050
6023790,6609729
3616118,15612934
16754110,1677063
16524664,8148710
10985447,5948068
3600758,942133
8302595,10572660
9954220,12235363
2564771,5787278
12842474,9358652
15158460,8639320
12537996,12501777
6786105,8266573
11805859,9027754
3269558,3823349
9046046,10779817
3897353,1287704
9031210,11900330
15370912,8714457
1174318,2731337
14430060,10546038
7869389,7817123
10583689,12935918
1672458,5481745
15589859,10863464
5327182,6354264
10028772,13912445
12162883,10049857
9172793,3844217
8861908,132071
8732324,11335581
10662266,6371694
15294111,2723316
15056841,5766436
92691,10696832
7782777,15609763
12288324,12112642
8181482,13750367
5409403,5680511
3110184,14266105
1256333,12401111
9101068,15994972
2299239,16546336
14190457,9758080
1920194,9380641
4642235,15233305
5960804,15125766
5079205,15531204
13491068,785893
11883623,5352759
11344033,3862717
14061627,1221227
5747017,9100175
1457861,14747452
7521581,15571943
12225299,9842238
11831105,838408
5697496,14990979
12864127,2026926
6784412,10272131
7232468,6078721
10426273,5562111
9455591,16554707
8206732,1337313
12892084,1478417
14455070,12538961
13287686,12373353
7941052,10361579
16357404,1400359
4517893,940235
788569,11466916
3291883,13058548
11511474,5283060
9053997,40453
1317160,16027191
15790926,5176915
8203720,16272670
8435497,8561808
13174140,4517325
6813701,11615246
562309,16310946
3060620,8829941
5037834,9671076
3391739,12726368
82911,8747212
2901374,9144738
10441739,12445402
7011637,3000066
1059777,6048088
13742020,8694024
14626841,5917638
13821569,11570115
16394899,13356248
7415022,13343905
16028977,4766410
1642142,9399489
6677434,12120470
11165220,14332078
10411003,14369235
16072453,5287804
4926386,8315699
13879745,9063938
110993,9272506
8300884,13784400
13449908,759172
6396033,2960906
3499804,6739054
5938327,14390876
11232826,2327192
6820261,5706881
7881269,5021431
8023765,13178331
2230896,5804125
12346368,8575864
5148001,16681618
7113059,16065636
8203174,10183448
8799415,6969354
3197035,14111160
8934774,6553486
2135686,14806193
6940581,12577381
3688615,13194858
14131710,15674055
1186952,601716
3147015,2714555
10881579,14829811
797707,8231397
14717696,11060459
3410930,6320453
11979676,5430982
10439056,467861
6304281,12777249
15604428,4643739
2275119,14075404
3478536,4661513
9173182,15371831
10614355,1919547
52890,3962819
1721742,6297392
16736029,3526046
2904443,5955959
1812151,10534345
1221846,9745237
11684889,15404318
13000539,3740998
13482893,2536944
5583576,5917016
8424265,11108484
9415722,4950443
14358320,513676
2045382,6732032
9803139,6117692
10780176,12370174
3426388,11070395
4165514,1234253
7065110,3126052
12488469,3117421
7103120,6090243
8016699,14333616
807450,12603745
11348443,5230278
16628100,12808649
10734615,3768321
7139210,6624309
7326606,1452938
2416134,12227934
1262177,7191230
9349086,6130986
8815667,14546486
3464398,10557091
11554313,7399316
9675768,7137935
5255066,5074917
16752616,11785250
7816349,10499297
15362156,16643822
3005826,15951667
10213175,7538586
16523541,15176458
16343581,12776994
8494811,16589996
6692525,11497279
1754420,7827668
5761138,12878306
4508789,6397380
418504,8750408
4392419,13660359
6526370,6040161
6919872,9538045
11916192,8098238
14107092,15064376
15870291,8712848
13017605,2554416
12323443,4995642
6214764,9084468
2421065,6567760
15101870,8083425
15729716,4713465
16170335,13173156
6090844,570672
14344168,14975115
15174208,10866915
8478884,15752925
66995,2775233
13825667,2244851
6176623,11068874
3902130,115317
10908528,2852722
12185780,6485937
7067167,11423756
11226176,1003160
5545062,3931981
5448611,14350075
15562398,14488396
16287668,4081487
2232025,16633213
12912734,6025518
13206976,16309037
5894713,10250023
5511601,16012145
14248976,1874462
16240945,4735770
13872402,9007604
14486023,13324904
3253206,15073853
3996450,10993517
1037291,10128381
14546370,8199630
8976020,10047579
16270780,5423888
11756107,2423373
1232415,6369195
11645224,4486113
11075752,13443808
6551014,2097518
6995166,5843814
15464030,13852387
9984916,8231999
3906394,10413240
14427188,13247207
12913387,13758038
7933944,10390911
2762293,15953927
2533240,11246
15586016,2809565
15980041,4645169
6336901,12020658
5523298,13391245
3485344,10629165
11255433,60210
353682,2147037
11156321,9703837
14067056,655962
5351379,11627967
14095375,4498582
8740103,12778160
2329635,12143427
7147821,5160789
1638633,8439076
1059802,7352577
4245408,8308218
9220399,884837
11852431,5735781
13349036,11879295
329574,9757786
13386924,716651
9709759,13878775
12082726,9386669
1915211,13075836
4945790,10504597
4153130,7717105
91925,8148963
14896503,6371136
15179690,10813072
12613379,11065335
16537277,3226983
8583695,1744126
5101197,2996504
7561307,5580385
12749736,11021289
9337512,9818019
325295,16181001
14352731,10553453
2962663,11674339
7792295,3078667
2218648,9037517
16424567,3146571
16785831,7628347
9154599,9594985
1353517,9259017
1083169,8276557
8594005,15845397
11687566,3190145
16253171,4021896
9844113,14471517
7085298,237754
10850750,14102502
12200522,16011037
652064,1384624
4767440,3873297
7190883,10477445
13552344,8557917
6527836,9123153
1603992,12443185
13401870,9940065
10437268,896797
13149979,13587182
5749284,13627360
6101781,15642916
9971273,2633976
13343769,67316
7592863,1649700
16351421,13274678
14407796,12063661
9494929,10373413
3033448,3053390
3754726,4131854
14311811,690233
11436999,13005425
12806162,5117358
7857028,13218628
9064154,16119043
15112262,13864097
14355478,3619119
9260451,12328519
14691690,15731818
7618277,2946713
10712816,293266
12388414,4367391
15822759,8773256
12815092,13137136
15311744,3268715
1120278,9918120
3828040,13628463
4728509,9987701
12049161,12505199
5843645,42014
4122667,1268950
1238757,10304591
9202414,899717
216036,8404422
13039388,2563124
10738070,14017757
7379118,14028210
13825294,11515568
7503212,992586
14363847,3305432
11098658,9193450
8124080,833581
9501825,9142801
6783130,4642534
5316019,6520259
8453408,16768579
7344125,8079281
8203306,11069831
8502861,6224137
1359433,1929708
11336696,11705152
4453656,3822834
8507635,5147495
16020137,76093
201982,7520854
7612812,4690133
14495849,12027406
4940756,804601
1567845,16091796
9984060,14814619
1156912,12900404
12387763,10291148
11455965,15657968
12636469,6543269
6113325,10986503
14310641,15319775
15805280,1182367
11853395,6189414
6409804,14759697
15844078,997724
10611842,6112108
5043903,3607195
8653171,14580121
11825485,2059727
7989043,5222941
12040290,14213980
16678325,12564850
15386349,11748
15619612,9738800
8129709,15808614
16440293,404756
12655456,8449339
1824446,11951280
4288988,13967765
7735470,10091897
3714009,9241713
10520135,18431
4402494,10749856
7224676,10821696
11642219,7663468
8572200,11873208
1457001,12266819
351536,5007603
14818009,1378216
8884014,13655886
13276889,15655927
4121274,2727045
13841273,3864287
16686048,10563926
8418178,14538990
1031709,8237997
2322243,2240408
4096998,9248151
11305670,10677026
11993490,9826925
10957166,15863950
16154735,8035940
3686062,15243285
4132234,8501981
14084400,4553823
9367173,6701438
10564240,9897503
3523140,10891582
1589686,14175459
11124032,9159611
6387287,6041213
10716782,12696724
9289509,7022718
4870305,9186677
11772910,6843598
11620544,14509971
7758653,8949221
794841,4138925
1437454,5430612
661911,15322755
13387294,460707
1080064,14792888
10838516,11459102
2691384,311268
15349802,1047230
2523976,12748245
10364593,5679476
10075319,2939111
12663876,4941273
12011262,5907515
9940352,14645831
9122327,14512027
9168979,4529900
16603460,14413096
2081992,10613951
3773706,6337831
12481042,16150495
6924110,13359331
11952274,3345570
1183452,3023210
2356548,13412950
2141351,4685583
624045,16680678
899671,16023521
1819712,8874872
255400,8930028
13885749,5383967
9057008,1507469
7303998,5371031
5982611,1103686
14520893,4255279
571825,4616300
14416841,6934003
1308440,16302163
5289934,2858786
7617306,7044303
13438796,445224
14620755,1208275
13770673,6408036
12862841,7423902
1380936,11224318
16305640,6622031
16562674,10999038
12059247,10939292
13719689,2152821
12767687,15534907
2666172,13057068
1386469,15432849
11744297,13816013
8638897,5764255
1536860,585093
11085515,4862016
5642455,15742196
2906022,15637814
4772390,16444005
5185027,12258642
16753852,1571919
3416078,1305417
1893133,11613959
630481,8584517
706557,14345945
11522954,11746208
1590401,1875095
8359889,14543183
8848108,6234777
931840,11511785
12155978,9541043
2640981,14183083
4123143,15338546
9388006,6131115
10638397,5907541
6860748,15152463
14997747,12636725
14919254,391563
9916039,3141266
14857165,2531113
3481444,8190567
2482150,2648528
14781786,1038268
10179121,510788
16188151,1574718
3474994,16685807
14165191,16676469
6869590,5296063
1016453,6988660
16272057,14710138
16416782,16260028
12881274,7349673
1271860,13370569
1761181,13738657
11772353,6037601
6342744,575790
15662485,9023409
4596115,8744873
10858920,13147642
16262282,3782318
6029954,5637849
12920270,10923283
11685798,2331664
1683268,11366165
4245816,4223549
6839597,6468194
12383857,10632719
4221611,9818790
8110696,2472715
517085,4395830
12599404,8352466
3747534,2861117
9938078,15731860
14002357,6588098
13292572,5798712
4764242,6321551
4610456,7317137
15551479,15276595
795830,7551945
8647451,5826508
3144030,8893477
1975267,13094267
11668821,7132760
9505549,2464607
7479665,13933948
10359453,11599765
3944534,13949209
12263677,7723525
4333082,9943006
2153956,3588136
859763,3543230
242586,10027560
8413206,6391186
7599475,8283942
9976958,2622486
5779303,932492
8530232,1039652
12260322,7053574
8460158,7377580
4300073,3279049
16668447,16141851
7313216,7261565
9900540,11282501
15646837,13574029
13329493,790579
10051461,14142912
14087437,6627327
12857896,5223309
11065162,2912560
2038584,7376886
10894150,8798122
1955082,5705541
7992078,6932008
4268953,3832219
7768628,5313317
14979806,15304301
16006364,2179403
15006556,16275719
5655890,16192059
15350465,1406246
9718252,12432920
7092889,5359452
2811574,1881706
1657860,9621826
1694536,9898015
6273795,14029934
5678024,869453
9000260,16478280
4240325,3281247
4431392,12744273
9401666,10552164
14112038,12045310
6509741,2416272
8618094,4198554
8314258,11446440
14477021,6276756
13387237,4815071
10511281,8549705
1360976,13453908
14865798,9474021
6586161,15559244
15192304,7206655
2531022,4941163
4062962,209723
5724755,8342455
1875538,13744779
11380804,7837754
1526757,10405870
3976174,11508361
16239735,15527999
13554648,1604848
1142654,5508316
421748,3917815
12023892,14240185
147521,14276024
11183020,14437072
3498029,7415287
3368704,30250
13215514,461871
9241508,6178190
6853907,1306114
8968987,1924591
14956098,3262301
6391018,7790676
6902355,4349064
76666,8176803
10819763,8157689
5596976,8307704
13434164,4933479
11225232,9714959
1269950,10086593
8381753,13480809
15778195,8438929
5222128,10130318
11690705,15559313
13063138,8216850
4841942,2051806
7260069,9589166
5013068,4516055
14608867,11509478
15774647,7743784
6111606,2093072
16709408,15691412
12492766,1991826
2748835,15333554
9504244,15415063
2821069,3664289
3233809,4890605
11300642,8202446
6378122,13902456
1123836,1174218
11795577,2141521
6827479,3770974
10201090,4100942
1762101,15690553
3007727,5730010
1214901,11197302
3066165,7044769
16160292,5048567
493065,567110
1201958,9251620
8188430,12896294
4770134,2513097
15626617,8963355
6672263,7954540
9835894,775701
13097884,4730366
2897774,12775152
3366785,8842970
5953571,13933427
11357772,16104033
16089248,2287182
7229056,14433709
10747475,11274218
2870718,5691535
8834280,14447628
3221610,7295030
16668010,14187289
9440825,7218093
12800326,14215376
13677568,9934841
8415787,695161
4560070,14366102
11203396,12659950
4253965,10887874
11281955,16221409
6003439,3059455
3365481,2841252
1188556,2067585
977620,9537329
11180530,12077760
8795649,10123900
12541983,13511429
4445566,13819572
13534719,16238098
433224,850620
4975411,13955878
16320352,2897965
10563768,1635145
2830605,15393225
9950473,1585266
3704348,14502175
4624054,8484181
10955951,3093964
16260083,4481380
870980,8680109
5825628,1054128
11949399,12753872
7794190,5318745
8336456,10608034
8522177,16695576
7854081,2110135
2842889,12603921
8299598,11718561
12993791,13406686
12866212,15968534
246920,4881649
15247359,8731706
16128076,11381092
13958686,13852630
16741321,13494563
14981998,5442168
16122107,4527550
10123245,5255073
13528580,16718793
9790691,5219482
9942994,1567085
66355,6865698
15282365,10109577
2167318,8685137
732959,16510774
16604621,10051092
1656147,2727532
16126133,5722510
16131534,14867773
14248029,13116307
573181,1729133
14761189,2573843
6333941,11608837
13450596,16419177
2038843,1638884
8122548,12092011
12279378,4770720
268071,5483140
9881497,11601043
417124,15397361
6336662,10342070
4361568,16091882
9156464,2418023
9948757,3901400
16264908,364704
439660,4008034
10056135,9470186
12784043,12432738
7519940,346212
1896858,9617870
1339048,1367197
14061971,16542231
666284,4305758
15517543,15735112
5579289,12041289
8034239,4935910
14785475,13765807
6775815,6993010
4307500,8628526
43686,7125894
7048008,8796316
1063191,11264996
7585899,12755460
12322933,2737405
2056720,698567
6331326,4101821
8096314,14982783
13955623,11978838
12322292,15254698
16041547,14339178
7181351,13915674
14860478,316148
12023770,1515257
12302873,11043461
16555446,11598062
14340678,11043931
937350,3589865
7310359,4948059
10074168,12636179
9317828,2351633
4452327,11075072
4985701,5541412
11173592,16426527
13026027,12499247
7976843,3459457
2924391,8735000
11563864,7967406
6591152,16227564
9013618,1174630
8917239,7414702
10343527,7271106
6354006,5385421
11042607,1933985
5200062,11707371
9501631,13704419
8770216,3820712
11494967,11950774
7530273,15928836
6913323,6622934
3140772,8420328
9245689,14244939
11905134,10781755
12011002,16348142
5314635,575032
9495796,7272383
11993483,10581365
14404346,2422101
12526866,9807774
8659561,16462083
13988362,1139063
7314850,9149633
11250682,10474752
9857676,2068261
10229297,7602008
15606344,3634225
10298574,13527575
14346190,15855527
15887279,12583880
5781080,11354408
5920331,5097580
9209336,8269641
1083567,13154583
2661717,16552583
2666424,5257100
6778738,1218649
3564241,13596516
7428281,16422216
1837215,1590767
6107864,2047240
12389642,10602061
2676448,5710031
15696842,2456858
13338400,1906673
2371861,11060078
13174546,12843236
16491868,2595952
9685929,14063911
10325954,6962200
14991154,211068
6893350,12900277
615664,9320070
3108740,5453977
15189735,15356643
6366326,11186812
454420,1151888
3358476,5352097
9145305,10372475
2043216,11358447
8474077,4023737
2999059,8682416
1547529,13673912
14349502,2829163
5641654,14054559
11536703,15918691
4882966,5570446
12542692,5595822
5134292,9657746
16085072,9497726
16735556,1413655
4105313,4545526
12893536,13399511
12661097,14510252
5125171,362098
16153572,14976552
5954862,14666969
13043580,1461634
1593458,2325715
7633365,16277551
2905604,1015117
8327680,135406
2695712,6574636
11377155,4934251
444225,15421521
2969467,10021742
3532565,70393
549789,16572048
12779862,8189676
5493913,9994501
1008334,5414000
9591330,14004779
14801483,14501807
6818952,9057870
14128698,10543703
4443304,1941454
8778643,11084045
14155434,16746688
15136340,15675872
9828296,10942587
13989048,7333968
178136,13675507
8551453,3305111
2023962,9638802
3992234,4284024
16558576,16702401
12957215,16505789
16083494,2610626
13947333,4571561
313666,14165143
12015807,1385437
15174664,7033143
4140093,8756500
1745155,13454048
11606981,7145491
12363786,13367344
9445106,10303884
10579285,13612705
4572726,16788268
8636692,3973629
9106506,10604772
8256239,12575193
5549251,2412232
5266009,195124
14211862,4047051
9019386,7868451
14792756,14251856
2996526,12642531
8271193,8954238
15714869,11887459
8826046,58334
11269538,16527739
7507078,7582439
7522966,3304161
3463429,4861205
7043412,14208330
11316152,5219777
16653364,6060412
4229040,16246754
9686361,14357000
15545661,3000484
6515080,6306408
4964135,4579640
5252536,509674
13104251,2719558
5261876,8948701
7989143,7986363
1974538,12405637
12426366,8488105
3460543,5779135
8226068,10552851
5640804,4690655
6524304,10682706
9222607,6291895
3041169,55253
5411893,5825012
1668965,4328201
12548543,6449215
1645202,15821798
14981860,13618398
3925308,6810568
16302823,11962644
8219155,866707
12749691,9677992
5880232,12812499
4460938,14230384
1443519,4678045
2861102,11309750
8259666,241775
1851846,646574
10296298,6845828
15106461,6187778
14268751,15432012
5929159,8393873
1564307,11290438
6718829,9975241
6795330,3065045
10231409,13054928
15544615,12646161
11763265,15362569
6448659,1994030
8164834,12753146
16470652,7231523
15397283,15603723
8650420,2009791
12381745,946657
478513,9989238
14451083,2100224
12579121,2318936
7515986,15219518
8304870,1596368
11039504,16452352
3536301,6668221
10358890,8496443
4280949,16020119
11797685,1275657
7944822,8893678
4963976,11052880
15237044,11269308
5919145,5366969
1566478,9245678
9652154,2188996
9857414,10358674
1727395,6050838
3424570,5659034
5969381,2597674
11841540,15745196
1906787,12597888
8633201,12098614
5692581,12199151
12882989,13745596
15345501,9579504
1901519,8418523
4546970,12474422
7422204,2030409
13436304,8157260
10184958,3785146
13637085,546181
4451141,11093952
264574,10484130
14058424,12481162
5556253,935511
4028539,12119676
5423273,9504514
12984647,15213795
883148,14802542
3515849,73251
14911210,9869006
12183254,7382554
8999418,9378582
9397732,7847799
2839365,1249959
295925,11891807
14384683,14601909
6368415,444436
915752,15274672
12869312,5344994
10650659,16019193
13684666,7485619
4494288,3911889
13704451,9454889
12781518,16392912
10940480,9771259
459448,3220112
13371095,7216195
11256102,1066964
12666913,5012317
16137426,6953640
70749,14725385
338340,8714893
9190454,14630337
9638017,10269284
4591203,6450166
16655431,10305405
2634004,16733500
4585540,11139126
2377207,4997138
13742067,11495540
12880276,221518
2363906,796942
65932,10567849
13762525,12086831
10998006,620660
13607385,3068862
7986298,544319
3854533,11133587
12530359,4923446
10466170,3908275
1295047,13127192
14712466,774811
15154651,12526637
13451016,4882838
4772759,406631
7805549,9330854
12574981,4943002
2004112,638116
12989088,10137237
11938543,11153901
7170149,9737696
12211233,7375275
9632494,10409301
6516992,13883831
9949804,11766494
1466665,4658729
8061682,7577917
9361538,11767559
12446940,3010649
7928608,6432555
3556935,12810252
882825,16672351
7534233,11921734
8855356,9242537
12360728,10058898
6668039,2809974
6537535,16505142
1659126,3655231
1147525,12423161
11800054,8201160
1101625,15217363
3204500,6289122
1664659,15407866
4784155,960469
703074,7308334
1068472,10600287
568707,5560070
3806740,7766631
6507308,12991987
5609767,15408840
7445880,11245927
7558758,8921851
12706947,10710457
3995031,14463224
3177995,5765992
14599185,8768872
5847034,16157985
7592389,11393766
3616570,5532719
10696676,119464
16391826,14318423
5585122,5270993
14187380,1401040
15180420,7530155
7292844,7057195
15891842,1877961
11107586,9947234
10846725,16695559
16195780,14429467
12868251,11723169
810037,6433571
8192961,1547221
10397264,14275525
1690910,14968899
608515,1683533
1477642,949449
10128263,6974057
7024504,5767740
12949893,12312486
5788061,16124274
10813360,10080521
4199774,8011408
15229587,13901537
3678532,1258474
15453858,8602437
1405579,15467846
8305380,7034141
1980059,5471332
6674305,4260873
10184992,16729226
7333713,16695572
15410261,3866562
8806401,5140068
9978500,10284888
10281467,16011173
6533639,10169433
263767,7398367
9210161,7511549
16644692,15203709
14180932,12571581
10450887,892299
11219473,15783452
9974787,8320913
3591253,14951056
13493805,12191822
14701573,2761187
11841026,778313
9335261,7459144
5334047,12968058
14626455,11879785
4035071,1336793
2517640,7266510
5475076,6425824
12279998,10158054
3518161,12801128
6921897,7556413
10566735,3707365
11667713,12453370
14969261,6046085
11051649,6341295
2794616,5598261
16719795,2506709
1072518,2555396
4310073,11480667
1098800,10813289
3882314,7404455
3007597,722693
8877673,10704436
9750870,4712743
4265688,9885145
8052490,1262953
15774724,7275716
4932340,5239876
595285,4872463
3455541,4505767
11005145,867383
909048,5208587
6351039,7969939
8191100,11289381
15553573,4589699
6932607,9808297
1968376,14204392
7092548,2791609
6182228,6238845
7672061,10861297
2186975,836458
6562800,9241437
2481092,585660
8544336,481826
2104229,14257308
3271590,9563259
14864627,14059709
13476427,14531649
3937712,14189263
2268220,440395
1016837,4953170
750460,10394409
13865145,14013092
15703380,2556680
6296286,6325498
14675501,10346752
16220896,16504141
14091107,10567743
7772483,14240521
11300279,13201453
12298207,2013004
13207867,698466
12038450,6054473
2869679,16160620
15427539,5541694
12181285,11350165
6132350,4539747
14368069,7486129
9324637,116153
1030171,2967206
1172450,3248909
11488301,3022133
6671495,2678704
8466670,4281369
9885592,15508587
14032237,5924495
2544943,13700374
1398458,15236078
259760,6390379
1958408,15591978
11283554,16328975
12581355,12941891
8991922,1817290
5156554,8068397
13593816,6344090
16707472,14553397
9173744,2401060
4039452,15694954
929741,12469109
15773186,11032209
5772007,4803650
3270090,7025350
4770401,13668957
5466968,12228266
6626973,9273988
11947064,2710777
13071153,6511329
13998647,3273597
1404136,6478863
12746357,2356639
3715682,12773985
227325,12967147
14466960,12834064
11649327,7041938
7607669,14702100
11899568,12591361
15634602,15271846
14564662,14678311
14330398,9214806
8244380,16736237
14457470,14202258
16398807,2468279
10333951,4780838
2478039,6828812
6830706,9231591
2577215,230118
15381167,10846570
13931497,8041039
11196026,3658890
2160475,319295
6347724,1676533
4705654,7469311
9885561,970364
2048891,5775560
7280660,4596621
4118286,8691175
10518156,14658194
14748692,11472720
5307278,5779950
10842468,11295563
10315933,6736204
12022843,15349989
6523113,4504332
5385637,5010398
12662905,14124701
14011159,5142450
16018191,7890933
4229824,1928413
1876786,12041239
2397265,8678899
553135,12824818
3628745,3533334
3393153,15718871
11417676,362869
4234023,11495333
15935388,8319381
1264675,4759819
5350317,16093996
63851,11652355
12565110,9696626
10321622,3536746
16063130,10204654
25027,7408722
15754306,3395279
412813,9341165
8886957,9212131
15678592,1454713
12542392,10400016
4108630,15455539
16628953,4073219
5784804,3082018
16388984,8775239
11096768,867405
3295892,2694166
4834869,12651719
8654132,3291012
6571372,961686
3983493,4722808
9437449,6720912
915214,13332125
8010221,13021513
10960691,12552360
1633219,254664
106481,2139024
2913471,4335036
13463894,6202888
4977268,13536737
6007606,10222383
16189219,11757674
4944316,15613649
4054967,6369678
16540587,10822545
14969298,1072222
7549077,1316135
6998139,13930402
13129858,5765677
15559401,7148206
6251933,3434214
2490288,6193070
16415481,11101328
4113431,11301765
3235830,14729716
10529942,10750465
16651139,257579
12080306,1672693
790067,16287969
10726771,3527197
13758721,15898312
12520870,10079101
5638170,10140484
106472,27620
10184167,6396025
15281403,3184712
1071547,10231814
2135527,10352393
7217672,13883704
14774109,13669770
13128799,6765127
6354973,14681049
12702582,10502426
5005462,3391531
2754322,5783997
16245024,14652612
651630,9286114
12080700,6222993
3302671,6973731
1501714,6279104
5885685,10263305
4693613,10602313
2115272,6944910
779595,176919
12944829,15816263
6758511,13764849
14812203,10030269
16111491,14204619
7189446,9886015
8880500,3616750
13976292,3519948
11174077,9816349
7352321,7222134
5351922,13540588
16401988,8211519
745990,4397202
3259610,10999678
1625615,6907781
5133246,13308340
16081,8007229
8540573,15590226
12987145,14582783
16505410,7622308
384648,13935390
12264751,8139188
9780044,1869883
11964626,6401149
14939882,1180628
3805479,26154
10824988,14864632
857569,4072365
7113558,10492904
4486879,13503216
4759600,1649704
12782228,6588559
840277,8425130
13373882,14372640
8974337,3271308
4209248,11212996
3880734,4029958
11132332,6951276
2951216,1263214
7026393,15105167
701753,9108013
5532061,6608725
8501743,10269578
4733331,11984614
5963858,747887
7899037,12716450
12959432,12265979
8290508,10493606
2638835,8533824
12243426,3140398
15701746,6948129
11936318,391224
14580768,6243543
9606326,11505670
10056529,9395635
9781822,7711999
13285526,11093590
15159669,5575861
11380239,13338154
8109100,3397847
6114141,8819118
725063,13448893
12596354,6752364
2496067,11569509
1413145,15149031
15155980,6945662
4572683,14302094
13450007,12672088
8260270,5179885
6610677,9488360
6863025,11170651
312820,9277032
14449712,14348230
6955425,9613793
9898665,2062938
9449161,2783525
11538274,6753092
10308874,11705735
1218942,3570440
16321112,1056078
10079289,10431817
7926939,8670182
408397,3784927
557510,1026780
12915277,5821076
15949307,12905650
15736252,1877062
10866650,14246612
15394836,5728170
7569830,3953369
11832406,16685164
16018963,11742332
2627752,2749606
843809,15321369
2911672,3064996
16497590,415292
10835183,9761459
2938218,8327724
5964506,14500555
5281215,9284586
14843114,8375558
486333,4017342
10461714,9001225
6924829,2664471
14948902,1195832
13748676,13388665
2331987,13752271
4871977,15585462
3483022,15910073
5717785,14758046
4817712,6561261
8754330,6419471
3811277,14881536
4674404,14460064
10190205,5963203
8410220,16420756
15041145,6779527
11522564,1039378
11411999,10534004
6051895,16782558
8376,13492840
3928856,4996802
8592707,4913755
15817213,2652150
14595235,264159
12695324,15233075
13585879,12949406
4361953,7158497
8277985,1259968
15401046,12397267
809989,15351169
492575,5676888
11876484,11161878
13007684,11076893
13106880,8484107
4112870,1601545
1323028,3856168
5046113,1886061
11227185,13661600
361969,13346765
15457266,2081923
12740784,13694457
8138255,10754630
3978591,2191584
14773699,8690284
7479283,3933491
4509838,13990348
14964765,1419065
14188255,10969331
1608950,14424101
1359906,5207926
6560723,16478834
14896066,8428590
2699438,11290723
6769172,16204246
12379512,3337667
11404332,8524796
13212052,6412331
12152473,12657643
16046679,10413221
6627321,4066064
12372023,10385361
13705469,10961487
8546579,8130882
15083195,14986655
14704340,5493568
45335,4351081
973153,12971240
7978554,14050921
3042520,10797037
1273516,15744770
13109605,2157048
6028798,9191607
11181892,12904864
6649326,2285370
13082693,7252853
15959172,13889252
7237170,1120062
15296724,8043360
8522143,1353242
12278807,9412584
4341229,16736690
3789911,13362841
14779279,8303081
5379537,3580851
5099404,13045815
11744180,7715187
5574296,13442129
6068873,15230666
10342012,10852701
7355838,16036630
1238966,2716489
9536286,8467336
9443051,9830350
1183898,3296145
4339125,8929946
65053,8034072
8679553,2234622
3580516,9712674
14468125,16751507
10094518,6259779
12228850,14623343
318193,15785485
2487158,2631698
14348904,4409951
6962293,14964442
121036,15614040
14931189,1675635
3788413,5674182
6016116,4352290
6910911,862196
6906532,15129590
3767645,1480288
9715820,7514927
8353465,9551130
5718636,15972892
2006083,10704502
1411341,8078931
15986573,870003
14736069,12751402
6253163,11870984
4121484,3602522
8362845,200886
16694307,11734719
11344167,13689559
5173754,5775739
12284860,1691072
6574448,6899575
614960,6756737
9508592,13409661
1751932,3520038
14911100,5358903
3764047,15304660
724781,9147859
11689061,6447993
14798613,12592620
14076196,7785581
9767455,5917898
8298592,6810799
4393285,14427290
7482657,16127709
3964652,5403788
15366649,10326515
13639497,5285616
2114104,5150372
11281767,16155374
1863577,8888804
3083302,5023628
492746,3917626
7578918,352582
343480,5021477
5025908,5865545
646299,5644777
9957155,1851416
1035428,11144023
5940223,3146369
13118863,1398156
2433512,11417392
10923957,2459163
3642529,10508185
14607349,12961926
7782408,6499427
8232357,1201512
8979111,13098224
2680282,5759269
7018717,6907902
4832293,9169920
8637100,351426
3172036,2095720
5933398,14051789
8424077,916326
10044729,8302441
7304376,15660323
2535760,8717143
6249539,2181260
3584887,6877
16493491,16343610
16271278,16534858
8199867,8223198
12561684,5723880
5110010,2589567
12071900,7376522
5644404,6655566
5964334,4764136
4775253,1409364
2809892,11895811
3716375,1995624
16419134,12843369
5534413,13658943
11852008,16040489
6928732,4921277
10931432,10212009
9070525,1994095
3974796,5299463
9591792,15825635
11313399,16174295
3061430,3527211
15043063,731237
5976763,6703283
13647762,7822395
10441930,11366692
15007298,12508706
1421735,7584564
9886098,2077278
15233196,9444335
8565369,8085695
1191470,15473884
8086527,6362037
14318581,8487252
13273080,3408813
1535727,5152360
6800486,3766317
3447539,13699007
1354459,7668247
2273294,13086440
569551,15101438
1695140,5308342
1264957,15790315
6758949,8269459
7818396,4414741
2889069,9276958
11354950,2892659
4693908,5910067
5053355,7378210
6619834,10993559
5494137,4086812
15479363,279418
2998689,9970038
8588942,6725070
1386049,2494844
8616701,3449195
9538008,4036223
13661225,6967361
15153363,796146
10234758,15727074
6148515,9685289
8983883,4174133
8616354,5042342
10757950,8741698
6771391,10578271
2761675,555119
14374600,9749739
2487538,16446635
4553532,13131607
1267712,1344359
735500,11142694
14255153,12737661
7206415,8264979
2887585,15423757
2664377,9388239
6547198,1717028
11992626,14847414
4753628,8810620
5013611,849006
6337323,6914744
2090565,448872
6146924,14453325
11716806,10665932
16420488,9723044
2949617,14275824
2659480,9291761
7899791,302446
2171224,843039
12011945,11231907
12146115,9159944
1453945,6786558
3747348,13259722
2242985,12325917
4880548,2462178
1821073,8970647
12357499,8856627
5423887,16632524
13247936,2285598
15711986,16745341
1773708,8286406
9007419,3861804
7534635,16492483
3893448,1525512
2521795,1392035
12201666,13776527
8438148,10826547
3547189,2524042
7215521,16037807
1488277,6212389
14050620,8819323
8750555,5150366
4821060,11006304
2867551,5225149
6871955,2135862
424508,12654288
16035840,12667570
581235,6613023
15966754,11935535
11839868,11239807
4195615,6047561
2915359,5990675
1640962,10338057
14151337,8978932
13593973,13087833
16193633,4273769
6142206,6822508
14294701,10416549
2643980,4157426
2976684,3739549
11983414,7710645
11750265,2628624
9924956,14271865
15356074,10760875
9863366,5116525
6374554,7604297
14757053,7122227
12817914,9820813
4800623,12101093
16344514,1183752
13010209,6239912
3129146,2384104
16489088,8143584
8517626,3497588
8014857,15383320
11820203,14532945
3485347,4811771
14044726,11760954
10678466,15819622
12298018,13089298
10906993,3733139
414875,7828293
4451339,1491895
3945474,15059515
13054996,3603004
11905287,16441409
5338782,5158224
8857922,13814249
14257947,569431
8721471,3624722
10724594,11079691
12151055,6708442
3524439,10471012
2381254,7863278
1605643,8081493
3555769,4235546
2203673,1714422
6591698,16754999
4456919,4882465
16442069,15838581
7399619,1711515
10966850,3208850
7356182,6997896
9661219,9444439
14956276,2883119
1642623,12468958
8493496,7191537
15870510,10262022
536917,5099701
11256873,14959868
15409662,7287478
3102036,4383721
5231064,5013629
10205575,1012632
13738939,15346446
5550035,16336754
7951485,6597729
5142001,1155110
4551243,458823
2886200,13290570
8829108,4778933
6164341,15351719
1172823,7701294
1167108,5101359
2007686,2950939
3020306,13796027
14043272,8535885
14434656,6014223
12982591,524797
681093,11393037
11165698,4317961
1392818,8725788
9895374,2284858
7349826,15424520
9534701,7878890
14896029,10901254
12983369,15432097
12934357,5260500
2010726,11577468
12064590,4800650
139094,3041044
8505753,6681724
6245054,7936051
12395449,1017739
2649420,9124070
8665856,6649033
8061049,8302614
10622573,11412324
9749278,1754446
12798434,14565906
5086974,15090441
9576283,16018775
7919085,5016022
7557881,8991206
12815615,7094194
4147105,8812974
3709131,12088612
7749605,9294606
12298850,3233270
11447944,15726088
6178372,7750870
9242891,10292169
6133598,6247811
7518396,3525365
6343714,6478389
13617595,15350059
3837164,5815945
9638149,13368666
4554518,4552941
5142155,2473650
5847684,9900329
11546090,2881661
4416687,7091116
11870594,7826894
8172794,4305458
6362947,5224745
10055896,14630462
8817500,2632754
8842770,10431222
10894395,207587
1871215,7765145
3130732,8227670
2891975,3594190
1159732,7550932
6334971,12320407
1037300,736606
12473463,12136474
4676747,2707998
9872521,11055338
4386128,9229106
12125526,12411945
15451950,1753427
5511215,13872550
473237,13394147
7268007,9902484
10150966,14168561
10643111,7040617
7184827,3392038
12424683,10901901
8213715,13363154
16246150,10983653
14153885,16507578
8502291,1629848
6382776,13790829
5415421,11445413
12671464,10986291
8248342,10121960
5705909,9611983
4646600,7312456
8831984,13299699
8981376,13417766
13983753,14104921
1310581,6108208
497681,1637901
1466026,6233851
16206997,10881699
12417888,10376872
15132831,14247775
232875,9766595
12252892,7366796
9571305,14417502
2285394,13840861
14459649,5328347
5559116,14113146
8805011,13735990
4252003,12035141
13616911,9335568
506385,12380752
8009723,5985181
14262036,15206168
264293,7256033
9728057,11652769
14613142,1587008
12408414,12709540
8829443,7502080
9417935,1672494
7501188,9036624
8054200,6072111
15412981,2187092
3941295,1453818
4052189,4521790
12965275,2998138
10500885,13893486
8399040,4471677
4778904,11150730
10232648,1355562
4596718,11723989
12279006,2895271
15200600,14015148
8176431,11902909
13923318,7424543
1482679,4914197
8279266,8492609
10957019,8703675
12898924,13851168
9971137,14446023
3408913,11376757
9932306,1263064
3577666,5107494
7500479,9352783
6086565,11900511
6568295,10738404
16339290,11034083
3102224,14561845
12563334,14441454
7157172,8260689
5624495,3469940
10478082,818548
5453043,11930587
8860303,14478647
200099,3100429
3263728,14672648
3812075,2012336
12897197,3373901
11630996,183645
1403676,3388617
15565761,6751824
5180026,16161323
8303173,6929625
9004909,11323622
6366203,16452979
14732045,5854398
3675347,5282378
1946688,14829345
2593809,12588900
11319106,11583282
9991073,6689600
1314481,12449874
4238841,15318349
3392834,6693776
10057159,4447102
1329320,8857411
16385916,207822
1064868,15481539
15557624,3878467
16388134,1780033
2839336,7083808
13476781,16231948
4015599,6475987
6299865,6826067
3130366,6531328
15522513,14904196
6825760,11851815
10626080,4635320
3542979,3842630
367016,3239874
16012851,7038709
10099930,11978844
14850757,15772071
9028832,16766337
13759660,10709628
11746255,10047282
6102853,11750986
2035587,12144545
13623431,1458138
6454193,8305472
14534397,3241165
5127570,2696624
11834032,12505033
16630190,6656694
10602327,13285751
1246224,10640729
112596,11856393
1207534,9676110
3640692,11410850
4813525,14657306
4503372,9816735
8967988,3211009
11329192,10447908
8094877,5766301
8482723,5282294
7811145,9686409
1260462,5553071
3281376,14572276
12665098,13513332
3143539,15519321
14122267,6098781
15579992,11382066
13457918,2688017
871905,8518216
8571926,13242263
11170697,2828085
4867088,14422667
11287833,9130497
9304906,16468034
9298458,13602849
13260772,12649462
9178731,4022190
2866472,15800973
5197160,4510953
9803796,4281157
14979476,8450737
5922381,15051186
11863923,11714197
12139157,11952101
344524,14100542
984253,16041534
12130694,1324895
8199210,13263596
4778300,3620682
9550584,9056713
6333227,7742386
2837922,2504016
5051252,5260268
3453901,9108740
2030928,9632844
13442397,9145739
8742993,14093269
8445107,4391735
3837185,8847530
10466659,5155065
8026045,578682
5144918,4860094
16133307,7907723
6890833,11705637
1405289,6715047
7285835,14564919
16430587,15405905
9249658,1730018
13609603,12733070
11733903,9512901
15457484,4908324
11415584,6069943
1359273,3286579
16555223,2646253
11096450,6287188
8696271,5546187
15295430,10249542
13360292,13140007
10035519,1820220
4834782,8783608
12434652,7916624
5639259,11651999
5357280,749955
7766165,9418344
10842549,11065040
8154477,8151249
4211448,8014352
9092999,11016103
3927835,1062039
2643174,4343909
6608344,12248056
12369025,14394296
1356167,6826929
3645242,13179876
9865415,5730585
6391273,1941943
12326316,9410401
10314215,15856020
1909671,7179116
13003061,3845509
792550,9415850
13311545,16733617
7231816,6477293
6564885,408369
4320379,2304188
8240084,637518
4066862,10670326
1251264,9022380
14033868,14296805
12452315,16092313
15753355,3398404
5864486,14101916
11184318,120220
13463195,8424908
1461131,5428443
1918394,16055386
13844094,12819404
16284420,4347664
3543506,5204802
9849229,9843669
16526981,8208676
2303989,5877275
7424237,11611603
14832997,4502447
3161161,14631006
10870325,6052315
9825631,8373710
5931060,8869901
284168,6299444
968596,6195830
6561335,10315672
10089006,10893024
2337796,13336270
4237844,8115252
11703050,12759677
16113642,8962352
12857164,7119121
4725556,15553225
1092256,2406205
6916368,5447101
13422715,5736786
4537281,12011780
15465967,15625653
10045024,1085516
10681484,5208300
2909743,413264
1867992,16023038
3144332,12415267
10343511,4178797
7461044,15096908
8025044,16692049
4273730,14787210
9182416,2644104
3588012,9621502
10473142,16554383
9281989,6820122
12866450,5512017
8887652,4581146
1445607,14015584
11586738,9693746
6980186,12762408
8030274,10829047
2642882,8221560
2133290,10352359
11664225,13558147
13686530,10952810
12125806,11928585
15169341,13958669
1251125,9229272
10008503,4450370
13516528,3361029
10194327,5557337
8214290,15252796
12897212,325891
483921,3006428
5794302,6066704
16310406,5905878
12256586,16065213
5485666,11225887
12964687,3613587
3088070,618152
139610,12793152
15060534,14461606
16541665,13743980
13677673,7090072
12393612,10464453
4977071,3110736
2111317,3645637
14712310,8200680
12579088,7975819
1275154,9379174
11703516,11176775
15080532,14603640
14336014,10129875
12596554,7907783
983715,6485218
2939945,2320251
870273,2065475
1678732,12220711
9335576,4565271
9383635,8313213
16089279,4716830
9184446,5196084
9828511,15973393
14046997,2651604
3341867,5240189
9654070,1459968
4036250,3279905
919741,2753312
6041900,3200609
14058662,14742956
14078897,9506901
11941804,4068657
2782797,5123688
2382077,4154562
15767488,3927371
5507195,2807823
13346847,16175219
5395674,13304160
9923128,14412902
13587395,5177230
7922128,9462972
3406126,10241882
3757564,12264291
13552945,9885904
14113114,1965084
4235204,14001007
5607777,3803999
7725948,4065786
6134170,1452343
10033289,6282743
6957951,9457572
796977,14568553
9092550,6743006
8905651,10112826
12749035,12541030
9199101,5716458
7461016,4554396
2389996,967536
16253024,9322742
15322589,6133579
16467584,2977902
15384462,11554484
10253855,13421098
5717320,9581992
9663994,4333564
8573778,10995995
9527312,9773016
10373951,5019432
5896803,2889124
6247163,7366044
4499229,615480
6357352,10690254
2496001,11783160
11550761,1480279
808747,5569663
8385453,16455100
1185477,5382298
14336799,2742373
1032001,14690295
3730714,339693
1913835,15982960
11890594,14737170
13520257,12715351
2905654,3604370
2271826,648126
4827157,1364936
7311972,6896304
7209592,146276
9030919,13052554
7248901,5452002
1053055,13688947
3717941,10059870
2649121,8045384
9787535,225853
16087631,1447738
8110366,14247424
3311221,2710194
4301590,12629532
13969227,16538069
13489053,12759370
5347605,13909906
14118952,10888053
11864295,16706489
13953052,1446992
11995497,2826954
16410632,5407429
4959482,1481587
12296783,909948
7777415,5283346
12759044,14745033
10349737,1810121
2393752,2927873
6241268,14452346
12224810,10714764
8280124,10690567
6535245,8578019
13561393,128105
627985,2016623
15865883,10166064
5564809,7836935
16589418,2893861
10496908,4774496
11491306,1502655
8210716,15965513
1606555,12134781
3481962,15680196
12848075,7280847
7518073,10584230
4450432,16736903
1336483,11047516
21832,698729
11628091,13745513
12486252,3884456
12311597,13726126
4892474,2005675
12107480,12079891
1647381,11232011
3301429,2873471
3923908,13047536
8077058,9481791
6902091,14865638
13364586,14598574
2675572,3705046
12455438,3644783
3432872,10514433
15255996,6311274
8253930,13769432
6496786,6616034
3435077,13879540
2795563,1705929
5439345,14675835
6076042,5499840
6321003,3809376
13702822,15173083
9801867,584947
9624306,14344370
409699,6919997
2930617,4874801
2551510,15147703
8425689,15859460
10315325,1790102
7774071,4850304
1150257,16219521
10437035,4256888
12787663,10332213
15399722,14062594
10510544,11645623
81315,7059292
4952993,8819669
14596964,13054513
2139282,15152158
10401462,9629344
10835854,13451448
10921996,624658
8830091,3687090
2508177,7985826
12569780,6121998
14017872,13810761
1414837,8228895
4345896,13600989
7979285,1220697
3627108,13981523
8854683,13848117
13709777,6358511
942052,13116497
6824999,7226192
5688137,13158432
12865716,485255
7063591,2494674
9986916,14750709
11228372,9974660
11506428,13295813
2973733,6218222
7265576,15969968
6349249,10392271
6601988,6098764
3175062,9933696
5785995,13798589
2787523,12833333
562536,368314
14850045,16174610
12837241,5088440
16250425,10718707
15748135,13446609
1015422,14579862
9666968,14004198
6297967,16302757
12874724,5478173
10670432,12758338
13803024,516294
16748541,1624579
11574602,13863752
16669500,851350
9187063,12310517
15142972,2507705
1032798,4441539
16194873,2081859
16056991,6760202
14514703,16236733
12967813,3266506
3887437,6031228
6665137,15404969
15073142,14869682
7854545,7858575
7117454,7951126
7239501,6964501
13174628,3870832
2852681,3561838
3156317,4579526
2159701,7196923
14966199,10755271
13111314,9840093
10659065,12746362
3410086,406442
11609274,16438445
15720263,716966
11399671,5015460
8271663,9386413
3553820,1008188
8538348,8644786
1348746,9869806
9140320,9086729
13904326,7172381
12980559,4585577
8189582,11989512
20380,7129635
9975376,7899889
13027567,14646237
533872,15376606
2577511,6434473
15882905,13640487
15462973,5015807
7145361,1896231
4762034,9878219
3984688,7817411
15090616,7784691
10092008,13934038
8837438,14288070
192060,242202
6569764,14375523
8069300,2187293
11457399,6484265
12276116,7283236
979152,302275
12777783,11603820
5382100,15149094
2060112,1247249
9641590,15641742
16096574,5874034
13773514,12249782
63054,57288
2731738,6980195
5672570,5218215
5017531,8784753
670824,14753477
2348572,11941119
5929217,3830404
11374714,11913521
13707338,6303566
5798032,5209764
8380031,2660441
9789419,1327421
12322742,2781598
8765147,12333853
7141224,1106742
2951487,15402581
11845658,7405897
4398838,7882545
4837099,11533678
5153417,14634931
6929257,6634114
1897,5320741
5882243,11053843
14346449,2424705
2881192,14449070
14031434,943502
3138169,4289756
15571205,2993613
9071559,2143954
3401618,3582199
14705256,15754792
5180938,579711
11354209,15389478
14165794,5650693
16152410,7804534
8882195,15565739
12719087,14505325
722707,11218532
7721307,4614608
4569008,12397262
2450536,6132597
1539458,11988681
16158913,14859325
2358276,6864460
6254915,11530333
4162688,9685570
13999756,14836607
7755376,2103967
368559,15504751
3577852,11892716
13314303,12509745
3266743,14583358
10559511,2122053
3898149,6394963
2865610,12064451
4230502,11564497
2545076,7543550
10599569,8303632
5275944,15430687
3509889,13772925
10783384,2407610
2947609,4942090
5458299,7755756
7331552,15213487
6680095,11948122
1219149,6865847
7114809,15329221
3779697,6418112
495076,14587994
2593186,14206439
524740,10976728
13693538,6654261
12692617,14261331
5773584,9271242
15764831,9602810
12072921,10651110
4836956,6667411
11372926,13273585
4317819,9442421
16513755,8997171
8293322,3391474
802615,9986342
6041980,13955106
15122839,13262092
10891046,12123750
7495763,11668972
9665436,9178119
12470741,15130538
14229872,12319882
15281244,9907150
9401818,9738577
1845911,8425460
11880691,11436588
6815292,14760746
1688832,9147156
5133956,4117297
14665728,8194652
16542872,8852868
14467906,4887760
16284168,15733177
16571161,13189999
8111503,9909255
3972419,5702230
9810953,9087353
3496997,3418003
11785569,7744785
4797104,5765485
13807154,14621594
11157673,8483670
5796858,3799582
13435168,12718894
10661624,1115224
3460317,6673357
10818972,15677246
14506291,3693026
10883436,7267541
9422182,8631549
15736648,11548103
6079172,3988285
2239898,150108
15470030,14495434
6583018,8518039
12069455,12879086
7949863,7515883
10151657,16565325
13294457,7430460
2359433,7259677
12225430,9045804
5407092,4968129
8036404,5821019
920140,8004327
10650903,5121303
4519966,6811151
787186,9751323
8789796,6699255
4643697,4208373
16017380,16314648
7641987,13378992
12634112,9073105
3242453,9119419
16764612,11465181
2698164,16783399
10352683,8576374
5281850,7947253
399329,25030
15436827,12203350
1507170,14551926
3532434,15910317
12179301,2667871
2877840,7228919
6126289,7859488
13079824,120552
11597942,8937996
5877316,5932784
4111913,3209828
6439944,1076967
8180916,4328958
1861324,4040346
2921900,14963886
5519756,11001681
154810,1505793
15431942,5271218
57621,3958250
2267676,15698172
16731982,11680638
3314719,1275260
4244679,9798559
13762272,10071402
5325296,15399696
12917059,2758070
2140647,1269658
2168698,7065140
5780644,3722855
2707056,6564965
9914322,7235883
14942086,3362618
13634920,454572
629722,3619200
8603778,8675682
10557038,14114820
13240770,5283357
3955370,1993077
7662798,6439649
11724919,6219132
8434494,8357896
2021627,4784204
14550021,2199525
3723838,12365735
1787969,4151288
12241258,10569333
14913742,9561200
16690340,8198041
9541148,7511003
10071628,5517209
11175806,6060864
8461573,2181546
8258893,15812161
16273946,2269494
5209042,3088401
10772225,12705651
468349,2384980
9938001,15610931
7341721,4705837
16539775,2552997
934638,16322733
8205312,13592029
1608998,1767979
1990846,4888417
12800642,8260241
10204356,13111824
4382073,1060678
13499433,7461453
10534685,13810756
15100757,11860972
673811,16381348
14897436,8664626
13562176,2612516
8728585,11114989
745661,15109561
15282083,728867
14821291,15444951
8337770,1518135
12031607,7695755
12375453,11905616
7938055,14076913
13815508,16649461
2578105,923409
368242,15085323
931791,10714099
3439290,2059428
2894891,1518096
10438220,15329580
4439246,12828202
8836918,10200590
9083832,8204585
16033711,6127252
14570061,15988643
7739613,12592077
16276369,15371076
11478165,8395890
15632310,4692115
6547500,10220757
8335109,6913242
8132385,16666797
13259628,7903698
16280881,14222590
8624165,8434300
1572490,13014502
8780432,9941134
14241759,10221317
16493794,14387101
14269757,16308672
3068884,10335091
7139799,13847387
2987475,4973414
16266992,2080169
4177092,7704953
15504107,15173200
15471425,12284518
10364176,1399092
7683150,8400327
295965,11383961
13652020,16680976
12504860,3089010
143422,16658259
16126971,14757541
9015937,7278997
7578001,11794046
11175655,2043776
1115961,12225769
5857609,12904887
14777387,1262004
4757257,4067091
11020295,3392774
6113720,2418464
13966671,6916309
12212257,16232082
8166465,2470535
4826892,6672746
12221254,14730792
3168266,7888760
14013444,8671552
8554714,7865758
6480094,7914245
12636576,848619
14050918,16169096
13110255,2242542
852495,13549764
10935261,10825943
10572782,15169081
13989349,1426236
9837816,10142801
14040939,6705778
3018102,13649714
5626893,4904440
6278872,8840308
11927937,11694904
936265,11613173
15713458,15056906
13279733,11913762
3224837,9928055
1982310,13393849
6349289,7892457
9603694,3445398
1492374,8607054
8593931,3796848
3629082,12247988
8334040,13033781
6990607,6847545
15730441,9630043
15335271,15055479
1210153,11071242
10292768,1427115
3366440,15102239
15792994,2075306
5882543,12163461
2147549,4008575
7822523,4479965
10886520,4698627
12218476,671482
14506489,2073459
1975150,7171018
14189632,5984515
1912211,14499173
1681466,4333141
12443193,6604527
10239567,179380
16082694,12292983
12490443,9420987
3471355,10375714
13563980,10402463
13786819,12232193
16258559,472522
3506010,14379296
1062438,8097282
6950510,12902695
2248487,13609096
6736663,8293838
3003301,13787704
5878176,8724785
12763084,3733689
8257275,6542472
7360742,8466736
3566807,458473
9330204,5814783
1330412,7365740
14545400,5802595
4150868,9989888
3010866,10767753
4876764,9699561
10651819,325103
9586323,76968
2250966,9054246
12118650,3390886
8581371,3927002
11247760,4649763
16693885,6050024
10429420,3402414
7087760,1430208
9138772,15102181
7892449,14122354
779508,9588284
3418815,4053844
4855157,2862905
8048129,12467247
9541431,1918100
7726570,3430575
4883857,7726088
7468869,899377
7023534,11777061
4623810,15991391
11234525,14902213
12787452,16151962
4855969,14517500
4069033,6318765
6891486,13044547
8166700,15988083
3251341,16686519
2985263,4618998
15205882,9949757
4619236,2017539
15269725,1085176
1340142,6642832
2898577,14316254
6399738,13790603
16155181,5784703
12075580,4736411
2523786,12798351
694323,15356
7251647,13380556
15851654,3385312
1839922,16292021
5145953,7102963
2207029,3816848
4538878,14593999
8499821,5929592
14995087,9046053
3890172,7372983
5586305,5294060
11369078,4428195
7162178,9445435
8815645,781238
7090160,291154
13035246,13252677
12512640,638216
1554472,13368235
15632580,8248939
6191147,9112486
8850523,12553220
13445763,10961386
13845808,5253127
10892144,8623502
2486267,13125471
1913353,16142337
12431255,3358082
5570164,10951644
1524373,32424
9095359,12062843
675459,16647051
3679053,7692087
16007160,10109696
2395392,951837
8701346,13752995
571281,11801013
8298778,875840
4986011,8678848
561098,11501671
3978722,7650908
12358234,3336039
3943669,1840795
1354482,6126472
583903,14232355
2356519,5205443
3415666,4187776
11078030,5808568
8873362,10697918
1471998,5534077
11960456,5253604
2628571,10170814
3186565,6831577
6427951,355992
12183260,10785507
16727320,15621004
14520813,6342501
7149518,12156726
164913,9384284
16720468,5814740
16378721,15121387
11292796,15917772
11506439,15713813
10359747,9286703
8158839,16054969
12820822,8835381
7200864,3692506
9983070,14126665
16276507,6545522
15120060,6020443
13904463,4228382
10902241,14305860
2744212,1007330
12263899,8581695
2132104,7957228
14005876,16630438
13106909,15525605
594159,13914242
9195706,14333461
13657410,11334317
12944756,9069875
15624246,2787548
6603233,8377008
2555619,9001151
15341680,5107132
4919814,3463655
8201834,16331355
13393410,2184726
7891392,6504747
15348744,6668324
7749136,5052860
5888472,6131431
5222899,4117149
5594741,10758663
1404971,15264310
16686985,4200624
6173146,9353930
758676,368884
2096525,8062205
5194678,4221516
1988859,4141340
1357599,4630368
8932020,8359797
1663835,12998341
10329963,5810040
16014221,12661296
7524210,15963045
1993428,675504
11412984,15352110
6877050,15490290
2877788,14864394
543629,3939290
5600743,13138305
14767201,13244600
6384506,5178698
5629913,14757594
6799872,4958653
15697688,11106627
13707791,4158623
3971443,4467435
6258709,5605854
1903767,9015036
13178304,654410
11508276,1729376
9695828,7010162
11748023,12258147
1008458,37696
11712056,3778428
5206168,13587650
12662036,13475908
9746953,2866256
2139572,15710963
887788,16362722
11949554,10100873
16153834,9682880
7736282,11774184
14791696,11965450
3630014,11222593
4751284,2773158
16609817,7460565
11803347,10842122
9722328,4197201
1685345,13390790
13210726,2503507
8742700,6117706
14455277,9668519
15456711,5687390
491404,5746753
5097673,8803374
8876383,9753895
2350937,13982072
709020,13076564
16339827,11913117
14163011,12432018
13997888,6199433
8928886,232315
10033375,11598783
10524684,6108069
4969633,14723209
5078598,11637326
856470,16572067
8429256,572303
7639502,2705418
14487163,13332186
8406117,4387695
3451565,13973058
4958256,8238129
5108744,3191759
11715457,14368561
15195303,5390023
10351624,6317122
2987500,8598566
7963715,14992001
3528071,12776974
10423439,14493037
13656933,5008451
5090219,11991261
12818092,13791175
15077980,8865499
12103598,193941
6431768,9303304
5761982,8295370
7190052,15707770
4723126,718476
3733534,3617227
14826457,10319462
11728795,12837421
10866983,733802
3733252,2493748
11290771,13851122
11500188,13884267
5841897,5479879
8026534,13867258
2010425,1596847
8479818,12259781
6316930,8725036
15154312,16081329
11876270,11342560
9082347,2112215
10390426,386685
5750241,574280
163749,8906974
11621145,9191341
5049581,2833294
833636,5758459
4392449,3488246
1847645,14500681
10279238,8802140
10817885,6341699
3344209,12743004
10077412,3769802
16473102,753189
2329164,12936689
4861492,15869585
4401236,4530029
5681768,15722484
4410053,7978422
5927940,3241898
11230935,2403036
2932477,5917572
9822789,3634744
14882548,10172791
3659765,15414058
10196918,1967128
422094,10414461
7241738,12301112
6126839,9870611
9320129,11086482
16245438,9482560
1644025,6998147
5609135,866877
7069223,8769855
15000291,3617670
14180578,11687407
2202210,2523462
6609093,11493183
16285262,9263154
16548819,11317551
3447852,4144540
15675481,8657976
16349099,709905
8877010,966669
12902640,4217496
4414371,11513528
15855215,16140171
1211130,2085619
7000188,12089227
12113807,10446683
8106605,7604214
16034212,16006896
10308845,9641648
11281973,7189726
16374645,12885168
390719,798252
1313119,13278335
6953365,3792132
5127314,7589881
1210112,15017835
14879436,525267
11960390,2711049
2303432,4083302
11159273,5761118
2979622,13105754
14657073,14895976
9661848,2022675
16211620,4956971
5629247,2226406
11310335,11105487
8797727,9996148
1033163,14487524
8296761,12663951
13462758,9642732
261261,3509255
11203200,16118411
11942986,7343397
4728275,14993635
7409137,5803283
12275191,15558763
3244741,5251291
15862388,631388
7356515,10724024
8727487,826098
5577873,3476079
8729144,4153463
3108178,1799835
108737,1995867
13417321,2590620
5656608,14293387
11874584,14701440
9912699,13300342
10851213,15075206
11690679,12512795
5330128,1099299
4532931,1173452
11666097,13886177
771350,375231
5149752,13189979
13596349,9252565
456006,14441359
7460655,12729802
1908987,5590355
14643271,6108126
117907,10559774
3435658,1619189
14669417,2138139
5005551,11400187
911886,6325686
15738278,4358410
3512176,1882212
14155734,14555851
543795,10695375
4224686,10433815
15832934,8022067
13987539,12033640
8544346,15636070
4141022,4677759
13507339,1548208
13094815,11263248
806778,3018312
15875067,3898613
10682962,3768115
6467411,132937
15436847,8783517
2541792,13881073
2021678,2458039
9068026,5755059
11567830,13477195
10020070,8168009
15499881,4284807
2097416,12297862
10116206,15226901
14405691,10635761
2627205,2445625
6752404,6354280
9380715,10214117
13409549,10780285
828009,13549447
10278970,3763504
15216102,8576806
8971899,10537493
4417852,14064008
12782890,1229389
10833169,8753435
745948,4024653
15152619,8637087
8557405,7736326
11459984,8981278
12108030,14569402
6583380,1766016
13632831,12329967
7949076,5073863
4165172,5899493
153541,4328800
9702641,5035207
2241155,16130398
12053233,10893650
12226334,15413523
16029773,5350339
7012100,4483644
50390,3269666
9007354,3281245
10626338,12728329
14713995,5919892
11325135,11248921
10947765,3405202
995351,4175131
9874857,9933615
14946394,15355895
2284044,5543552
3564635,5545562
1937433,13594584
15920239,12653656
3845849,9350539
251194,2482920
7906317,13874289
16186735,15973459
7239068,583302
3014039,7703173
8343352,9140310
8386397,4210573
13628263,493045
1121570,4871911
8408053,10654868
1385654,5037802
8165985,5038909
11111569,7799149
4639340,2480778
5841423,9705953
8412948,4032167
3199879,8006201
5090255,6078183
8268274,15554263
7651426,12115767
15900133,2431691
4034961,6793585
11992896,9192511
9305168,5934317
1557412,1917155
3537506,4406451
2022017,8931483
5454242,12309015
6093635,13082479
5021580,3880514
13064909,5708935
4840826,3529340
4468277,7567835
8687025,7365624
3286206,487681
10264498,15411185
3945280,10241359
14406376,14703598
5684680,6453956
16623195,12321887
456468,7733640
2479640,1203667
1984663,13509292
13356223,11065186
4377805,15185237
1580022,15490956
8383818,14692875
6185708,14286596
15864143,596009
2028518,15959039
15988241,1881799
14970619,7386926
6241325,10867769
16346679,11594448
1665685,11154264
2113946,1372249
4230920,132367
10822628,9169937
1428313,13800992
3588291,4680836
2575194,3207947
3677313,11653880
6115773,10302650
1170982,8618312
2820507,14188556
13901110,14063746
5871343,10211568
8216588,2648725
14007588,7226402
1289762,9231186
9506960,15778517
11469352,11207973
1327608,5767853
6228140,12023061
10780557,2232171
15134998,10874565
5306986,10143514
16158012,15745274
10868799,3571179
5011485,6253082
10397162,15494289
12665581,3814124
14650460,8298255
16562554,16510993
5467670,2021760
11724640,3719075
8358997,6454788
4223515,6199826
2983944,12601233
7133658,9487679
4530433,7783549
2320435,9582641
779543,13814424
15058269,10871068
12392520,4436391
10789236,12361739
7089089,2292486
317456,1901131
9057178,201590
5083758,11346753
15240468,14544358
6626950,2624364
14031360,3959373
12060021,358001
6581241,6609490
13963124,5690502
4369640,8480303
3438182,16544152
7201335,425979
10048098,3043989
9410858,12611653
4972523,3643596
14762447,8162357
1006167,14079874
15552324,8260202
12405318,5729996
16724684,1962976
10719773,13531860
10910374,6884827
16596318,13380071
8748723,12587053
463930,3571210
2777921,8677670
8618262,6361402
14395394,6744751
1831118,3493960
7478969,3463709
5775295,12792040
7082468,7392866
5574158,6724908
11979724,11647929
2423008,230219
2839427,10592899
9243583,6870918
8452108,15243079
16417422,13150311
13418337,7502659
2751675,4025568
6350791,4817271
15906050,2398391
5690443,6584821
10858176,8669285
6235459,16155173
2406,12237842
13319050,3930926
1973484,2297612
14044879,6034567
5507171,11529665
11423245,13086022
14655099,2794183
15349609,5029012
1400818,8724111
12812489,6377357
736842,12601326
11921392,3602087
1364712,9350041
10679924,7016599
9385608,8176425
4167851,603451
13760768,6975287
11978240,10730619
7793177,308803
3815096,8982326
359433,10435128
5742630,7480664
4340514,13991001
4906467,3672335
9494339,6749609
7004729,15719816
11892645,6134489
16718501,3298811
8239377,7257902
3735472,2491031
3031026,9215352
9609761,6245712
5960066,7791560
3286294,6800410
15539073,6396487
1376324,13794722
7151683,5463492
16290244,9477320
5961863,8974145
13323301,5245355
5093894,13723633
4368591,9320168
2078833,4401178
13747874,1608379
2631996,741562
11919493,14904444
1457451,5632915
16064163,7444101
10471442,971662
8830573,6645826
16602289,7847930
3902,3630439
7287687,14172530
5600724,10622897
590864,13604811
7269807,4714577
3917579,8051233
4148566,1008925
14907590,7253505
10572115,12999177
11222166,11303271
6573324,1486854
13517552,10861774
111274,9700805
1358278,14319949
4718029,12365658
16191841,4795062
10806341,8251006
3237826,16766609
8957787,5476373
1575162,11905283
14651566,12342739
5873207,11525241
1828406,8150256
12396493,2757554
13716048,694427
1377509,10714455
770679,10915931
15026431,1312645
13201213,5028555
2542474,11578725
4539587,167278
3665226,8558725
7677766,129073
14991749,1126325
5909567,15774082
11373829,13183907
14021942,3875556
48843,5679303
7889859,10957829
14672562,13558458
3644562,15341891
9977309,11831589
3590277,650355
10080562,4923204
16301326,2368765
9714573,10798971
311553,11593451
11974840,13880827
4537582,12591074
10040371,9077208
5697013,2746928
12894319,8316233
4030621,1538898
5008831,2953248
6270755,9780858
15159195,7612149
12730577,5309699
12543103,13530320
1204391,4564002
10298711,13147521
10757024,688162
10611804,8297204
7138827,56075
9966956,2068240
11556308,11219419
3015703,8643811
1632233,518948
10694079,9289474
14761157,13897041
7506588,13198388
4182772,8435442
8998551,6458437
1270193,9087426
14307040,11395066
14512274,13290417
1400425,3673377
4988991,12223597
10492680,13989701
13565503,12542498
5088054,6955589
6696981,14939399
5157276,8286729
15921897,14193620
10928159,4432223
9072531,16717396
9010839,1659350
9894075,14650580
15368173,5749975
3880012,9979386
11797364,9745975
10979771,9544459
15494199,5762775
3473484,2700733
7946141,10106896
13228480,506844
7972417,2895255
9978516,12513912
10624470,6865736
1986146,3782925
14527689,1455535
9753401,7480853
6883717,1199319
14423883,6128072
12655646,8404409
8299750,12733110
13526190,8806440
6156900,2112843
2839534,15583490
12053964,10658190
13756285,6749785
636361,5119597
4942833,15675902
12012433,12524137
11145882,3196577
4673497,8733160
5230607,591465
15968089,3175033
9748684,11192825
12283350,9265985
1320128,1304390
14154627,11336424
7162957,10251567
5144136,14847656
134166,14189347
13469235,7087862
9585579,16418178
5407967,2338688
14089729,7556466
16749335,16543773
11186571,5918911
2427971,10574028
16291297,4084231
1815498,12770577
10169276,1512055
5467283,3108120
5713214,3128132
3346766,13654855
13969388,2893716
1791030,13728429
5812716,15018135
15881144,3578281
4376742,13918443
11198268,5526609
12951392,6844620
325574,8786353
2316310,16497517
1716381,8312716
4657105,9921404
11978941,10427993
8339973,14697759
5831745,7290912
13327862,10464062
7247847,9811510
16385050,10497436
390478,14125603
4336938,14666093
6534900,15661466
12128631,12607456
10912116,6493623
40714,11104767
2110386,8860909
6932843,16788413
1540355,939565
15556811,794482
16333947,2779209
10156628,7973451
1892353,4994046
3979183,11883524
1887255,8459567
2203083,5205291
12641629,14297771
13707378,7689400
2964309,1191
2350013,7710814
7019039,584135
14432264,14730297
1347593,9249298
8785036,3383721
16107132,16189693
8392953,10881506
2012864,9743716
10929674,16538952
15150255,15175604
14710835,7090771
8648084,7849676
13208520,1259699
4608046,5635056
14744828,9575610
14873161,10543592
3363337,7401495
11972036,3029165
14760399,3741046
4054098,15096983
10341826,14097079
209617,13404249
4704553,5123668
6030725,8956476
5433590,1995690
11439207,7683523
13285982,7025901
14163504,6288206
15097925,3530138
2105957,4219718
982283,16665151
5203056,6722363
14815662,12855455
6958253,16323064
4354331,14758175
6629119,299780
14197678,11130324
12595682,2193700
8415243,10231465
1419564,16100857
7614099,11850762
5280071,16650380
9290795,5442596
3611037,7311988
3628651,3575024
16468855,8147593
15385164,7219834
6444139,7249936
630869,4953205
1684737,8839665
12411097,2755939
8575218,774345
4301711,438897
15712231,7007082
15736672,7681451
8388243,8073009
550026,3686205
14521785,12481514
15332111,14962889
1610075,16582996
598804,4595547
8439357,11675995
1177065,3763
13446725,12200155
8212824,3788024
15674795,8704995
9397856,3587451
15509735,6054888
4959717,12361548
15225443,4760880
3646549,1134638
7882658,7812120
16272151,11072416
1234793,14409175
8869831,15223360
4270283,2972699
10011793,3749250
10541942,6036504
9514271,12586799
1214466,10140979
16460478,966230
4137006,9885833
10632909,12265424
14005040,15756318
11176024,5654000
15454683,6229823
3069238,7531855
14958275,10353910
16313597,1400804
5264949,823360
3985247,7643225
2202355,12562442
3480373,4798486
8283090,4572646
14319207,11013586
4792305,4703889
11762086,12891423
771678,9392737
4313005,7227054
16052620,7047076
7106817,7738468
521073,5538548
7730462,5050622
2809047,5008954
10740676,3614290
11997880,6713113
16088002,7003707
3381070,16000707
4849549,12586789
8694014,9223786
7642156,7895522
11362128,8739286
13227087,13444610
12770266,14580305
13683440,12088557
606733,2988683
12466689,13143036
12600600,12707578
11753897,2916656
5603341,11662668
13847066,11043675
6369198,10300669
7242105,13629072
1324017,3308430
10546707,7719980
13941247,5701902
11845906,15089946
7642391,13551774
15930204,9446966
4330629,1853489
10609518,14435071
6994978,4497641
14476977,16417586
7983410,6335730
13512975,4806691
7888710,11242916
16266464,288697
11091661,16333621
2404468,14694030
8429850,14937856
15780541,8325932
2037139,6870824
9720208,401934
399912,8604889
4444968,7480710
2328745,6769404
13781194,567399
645078,14195334
3843629,472429
12537044,1912035
10862620,15651029
13855805,3779701
14616516,16786398
16752124,15606483
363467,4060198
6709932,9001289
2192810,3893033
8757068,8145784
2312842,3128756
15638207,8736174
2226963,10445405
7592816,13980975
8864730,12688364
11467633,3958361
13277781,16080988
12794392,13098542
6652596,1523316
7993113,1958526
13437582,1576006
4345668,12394807
4998629,16378038
11970770,12882934
7224276,11478751
9676747,2699881
8529948,13119763
14375385,15207803
7125264,14104158
7481001,1024180
3207273,958003
9339883,3743246
15680129,4601273
8946873,4878504
12853170,5866095
11572436,12618933
14614591,4114426
3178078,275896
11535712,12747946
16163502,10432009
16003546,7105939
12728855,3014599
14525474,1530454
13376670,13938747
772224,9703071
2364408,10889095
15888716,11155052
7997521,109481
7691320,11597369
14873535,7793255
11796139,7869928
16477122,13241364
5019648,9976198
11819883,13746928
14496593,15937908
15591742,7586508
8899931,2849570
11200417,16220154
4545904,5097148
7713447,9118720
6783758,1849678
5593692,6589296
12599655,7675204
3752874,13819813
15009966,8460613
14533248,7330819
9688298,10215238
3921831,11696443
10293613,13266334
1649733,6722629
3217320,16723930
5219978,1826278
5489767,14785901
1369402,14878817
4269409,1157958
2056828,13682805
13240234,14207150
7579118,14299059
408382,4904780
12174588,13626083
4253050,136589
10412354,16089132
2664581,12834345
2257731,12940394
11282181,11473253
9385476,16718102
14481273,14204497
3318620,11936469
14965471,12412179
4565386,6094006
6527407,14423160
4153254,10553536
11928771,15730191
12177307,2430101
13832831,9464058
12807711,15185648
1457629,994409
1513887,11039882
752358,2119207
12300845,349809
10781077,12746848
2907029,4369854
14068187,5612035
3537619,2986500
7459157,9646719
10798190,4069277
8602546,12866655
11524972,1671968
12905487,5720976
11073480,14880862
1452186,10742927
445101,2676736
13908682,3285671
4812079,4422620
2184195,7146229
1822472,15382045
16632561,14380041
6560548,16371536
13015446,9677428
9535772,4467601
6538865,16476513
4011955,3758077
8107080,11824819
116561,13261090
16514377,2934736
15987855,1117823
7133991,13073821
3893783,13903038
12791054,5728829
8942522,9064452
13490664,2909263
7679106,11049216
8769324,1300795
5695063,2178713
11287412,9009795
14449920,37124
14116913,10737365
11692204,8548996
9564272,8459757
13201800,9704709
9188975,11069364
16568329,4266402
16221129,12382020
3946221,11948296
2584744,5888302
613895,8240455
13763182,7220055
2326514,7693424
8444798,1746314
684532,13796681
6936137,10330048
5956195,2863440
16619020,5897344
8288208,8194123
5094133,10965317
13871043,15133130
5259638,12980494
14071538,1916749
7976860,14334727
12494225,611886
3913425,3926938
6080299,5275805
12805902,3997748
14574973,3203398
12537603,14892878
9549390,7125139
9185355,4556710
16108984,1904808
7544770,14129243
2077541,8580141
15032106,3611781
16364537,11215184
2556637,7748708
5604004,10359476
10401404,2290864
15564951,15713048
9318433,5514061
2953904,10545042
12442370,10551148
5828725,9423223
7345328,9753228
588462,1247318
6358501,14185215
3770549,12824830
4025890,578447
9274458,6945566
7216571,8543092
4693006,6446525
8948507,12261132
10435195,13908050
2775371,6895829
4957312,7274860
12570541,2894785
5604544,9378179
11761875,13427117
16788610,13126899
4190295,1520006
14636201,13053104
6138029,6706403
1539121,3262632
4423562,2408568
16237703,7452043
4172911,11708781
8872195,1621507
12703368,11807816
3576823,2359657
12728163,4027766
4865555,5622236
11345120,6367135
4246571,14095338
4339721,15145782
1749,4133443
16344215,2204995
2023551,2947189
3617880,3637992
5021239,143525
12981878,16259124
10983517,1757066
8493579,13549183
5024057,104349
4607401,10317225
16318855,1221211
355270,6168737
9198413,6575591
2587515,5317995
3803857,745067
7523668,6949565
14303651,2013359
15891797,16273939
2795919,1113802
14997122,9589947
7755961,9281688
408118,9914676
879684,5139074
14460588,10884817
8604454,13193300
9391706,3756718
13216496,6654876
16210506,5193327
12718745,12307428
15147473,9843494
8225825,5100059
5174079,10999255
8726643,2935783
1469342,2463275
13095766,15706618
10266079,2183393
9317160,9521918
7120131,1734563
15133479,13601842
12146568,5593298
4319629,4471493
13022621,12092890
1627652,2796197
8681872,8430212
7732629,16350179
14645862,14639293
13202604,8925762
7531917,4263968
4117562,12659176
7806438,15144951
10851361,2906291
4332335,13605002
13830938,14249407
9863469,6122906
3558136,1327148
1990774,11037458
1168763,10671706
5100871,8542599
12783108,5682
11057183,3835578
450172,9623383
12229744,9616954
9746193,16247901
14230408,15010675
13458830,7218651
9225465,3107265
13178297,10092921
11640052,4874157
1900655,14706421
6085085,3609171
5765677,7128886
5135279,2064858
12838845,14851813
13210951,6691832
2779263,11785700
5724053,4886008
6184708,8684026
4313532,16319056
14002014,342243
13859902,7722269
6576131,11899074
14605559,12075449
4976995,8580018
3718436,1439536
10469440,10245347
522516,4507981
5135674,2948969
5671595,6659253
3626404,6815645
297761,3280957
9268264,3099494
3408653,1266256
5354651,6337419
15884943,14411792
9625159,4384908
13771010,8397150
12886262,16246230
2788007,4993825
5031544,11921956
2280647,10936134
13298732,7959565
12396860,4343377
14239208,5682678
11172859,15807127
4680324,13427854
6683457,9920526
5807429,4580702
13541985,8067197
7102261,14588176
614592,7166419
7666266,7063185
3951249,9905764
600153,10569501
9466297,2683728
11389485,5583084
5846746,5341165
5986798,178049
15475325,4706223
115651,11482850
3119452,986571
15400361,3371153
13929775,5248457
6162298,9775416
840334,1728618
15147812,9150310
1438881,16308944
4156744,8051853
14145105,7872229
12088434,15577221
16466709,11179540
12033273,2297272
697541,16190709
9869307,5385002
413879,11301941
5104452,963457
15575750,16331858
16338379,14013675
8303082,13695565
1441876,6893649
8099832,10564937
390715,2309069
9070778,11705315
8744092,12365565
3604342,7631100
3357838,13307248
1133834,14646558
5126350,8056652
2692007,15814278
11736523,8236084
6468456,7912941
7688277,14618216
851461,2754301
13061160,13099917
16660925,16408791
352830,3653348
12145137,9789447
5451477,2286438
15064214,1866085
10084425,7461639
5592937,14198953
15004427,6324501
11072466,16643110
14860614,1406071
476660,9689710
6266816,7904527
15169118,4601087
15237447,14322366
1866638,12483270
8520517,10218514
570053,7790623
7366080,10369341
10166800,628148
6275429,8148970
15447747,15921307
5465741,827767
370049,10497479
6671593,5937552
5237833,10267880
11707866,9010552
10469992,15388893
10131678,359575
776780,12312978
8891646,2037912
10096793,2365683
1274955,8969741
10910892,13228214
15995568,12551665
6555948,10213416
16037597,161520
16527626,7540288
7483269,9257823
9126898,124748
1044159,3219363
6937086,1090552
14932348,15375569
3227163,8292908
9528788,5253312
15463424,11953119
12940927,7164654
8388372,15261069
1164072,13331516
10121179,12193128
14060475,14460090
15558712,3271466
10465514,10308899
13228516,10051797
12054335,5579324
9852131,11092079
8570976,16549447
13260583,14844370
10848877,7149499
9383743,8485542
3741984,13704993
2244774,9435184
7377183,16357006
15264705,12206883
2897767,13910903
9343577,743468
6635543,2738170
10254112,783597
15854321,10762353
13245182,11531796
6978384,4227839
13819584,11384972
7343661,15797536
1195667,10754847
5785386,7070157
12807001,5313046
3143190,7786865
5762862,7712129
15449097,15936372
4663461,15187210
15733980,11189291
10399182,12834359
6370064,7059487
16702524,8943293
1606222,8398228
6848941,9030781
8707228,4660256
16770242,13337180
8978375,10059113
8135305,1121602
12275483,4615964
1329295,1106161
14914328,15777608
9212116,11007594
7718464,12120218
4755315,10243570
12293844,6342095
9942820,6538999
6410932,7843642
3537282,8117889
12285680,13999874
4005189,9392557
7496884,10771516
1865975,12765543
6156349,13471697
7743577,14052833
14277087,4621181
12456347,1181520
8923262,4252464
5616576,4324834
4041981,6675170
13156118,10513984
12424978,2695358
3550542,4729930
10230324,7616187
16473217,802095
2564179,5516360
8182856,8295877
4952733,2293103
14927386,4281537
10998373,1192192
11146806,5154587
16550363,9885509
12026211,5604099
1896580,11872284
16323237,656827
84952,298674
1951981,9589916
10395099,4612516
12968781,11091231
2007018,13190775
10672260,2999201
3226059,8312208
9269727,10581192
5320433,1496300
4014022,7742780
946954,5532913
165240,2076546
3318531,10957246
2688306,9875639
11003218,5967688
2152654,15041480
13639515,10133379
15869808,2459922
5319646,7866490
16085974,6020158
12827258,14920038
2314764,8947255
13836859,10953458
6817926,10542564
12662540,10196204
12995183,6177693
8782940,16110740
11908460,4862405
13918311,14562709
6681853,48017
11190621,5753250
7265348,9178430
13043482,12923217
8983937,9088125
7756504,1690588
10096187,1789361
6787382,10006530
14920644,4032716
14312287,14918998
1085297,8777808
5805909,15727137
9058188,15697556
4122299,5242015
12350974,11324043
1643295,3172489
1117366,138694
6930009,10494585
13713241,8133347
4202791,10940661
2112914,10668062
8188761,5749181
2466216,9505772
5566974,2650875
12980471,6077786
2833465,4165150
2811484,11827184
793217,7980704
5049992,4863171
13347950,4433161
9402372,5434457
9580176,12500553
8493328,8056442
15610130,14613344
13395736,14921921
5700051,421110
5924959,16118186
9966583,5537755
862872,6504470
15249110,6232120
3661367,6101314
2960333,16745108
15674984,11315628
10768542,15475454
1369181,13000418
7808894,4598894
5181674,15506138
16635768,743788
2337411,7785746
9941606,15261109
585468,13512672
10679142,2261679
13358953,10083909
4623225,3632827
2132235,9593084
15415076,7537982
4154141,9036944
651727,10178054
11200459,4371069
8964553,12566829
2568786,7842650
12754797,13117861
7304858,1686244
1492763,2756092
6203150,14355383
4370625,15065856
8329266,1057893
11406309,4110025
14154933,5584824
10484190,29193
2879402,14165292
68301,2708733
4580951,15191210
8605645,11312865
11823975,172844
3729781,9797520
4343,3573007
5454471,5247523
11076623,4501684
6663583,15531263
7597863,3148953
12996853,2091647
7644944,11153336
12821456,14841367
9391414,15714154
16081182,12941836
1005070,1219292
6964573,2257376
2600582,2297260
623406,11250160
13551480,13346493
14829332,6164044
7276347,15487124
13699929,6180184
6258783,5920565
12491027,13799659
4757249,5609964
3865289,5221012
740903,1248395
14920114,3417097
14109712,5605253
12616497,13750550
5006815,12621205
8552559,11529259
2460157,5983239
14357597,1661424
5921554,3050124
6662730,3227100
6621901,10271528
10975814,14284129
4746,10298627
15314473,3557116
16676242,8729859
12460196,13781763
4917169,5960195
13925883,12791664
5038818,1313045
14393439,8246476
16505194,10196833
3139684,9720460
10726923,7616003
2040933,12061107
10723328,7346916
550393,1849352
10852969,2996235
5966119,14404966
6262292,13575100
4863001,4429881
16713817,14934077
9278631,10245431
10757046,10910669
4106353,8767006
15850579,5165211
8922714,14043881
15836936,16137504
6867429,7060905
8021584,10734433
8944666,6298349
3651729,3681029
1577613,5222514
8070516,14799236
10853713,9321550
8574070,294850
14231459,340860
5030889,11097122
13378815,9319621
9843746,7393084
7142308,3973606
16328626,15732260
6830577,4869233
5287044,14687710
2486615,7536957
8255750,16062539
1941518,7694481
2090431,11167950
1196155,16351600
8548097,3898109
13047817,14069666
14064297,5660022
13128576,16481326
5305087,3342469
8170635,3077840
5332410,12815005
16560050,12085330
6782581,11905188
6146327,15264810
9414671,1968474
12288441,8065300
13276917,2372184
2783444,7870926
16784290,2009103
387896,16220843
1933224,10782238
2832496,1306588
11246100,8822653
5536529,3315954
3233817,6911014
1075706,12555841
15955771,7664391
11412935,6962675
4862111,7792101
3588866,9721036
14338893,4378784
14469046,3880849
10015348,3963302
7947382,14886200
4156966,14007713
9974153,1189234
428279,10084180
3196309,14155344
6667464,334306
13373150,14119441
5790333,2094479
1689641,2686494
6399943,1260923
4400721,5150763
2829089,5652997
6910663,7580669
8579452,6503549
10141997,11998338
6828071,14959584
6511879,13841571
4188221,12944429
188982,12530080
2181918,10794880
12486851,11816557
1890831,4788644
16484133,16648539
11245551,3007165
9175069,4105497
14013822,1260232
4978140,15740975
1912400,8538981
4892768,79730
8348094,13125157
1443707,16124789
11830042,13071270
1916303,16531302
16197046,4378120
15113806,14423401
14653279,9320244
14202798,10247801
3870173,2639076
9893141,15867569
15050419,1055632
11076071,12403840
16011611,13964434
6472202,9307403
4642600,1987460
13521516,4175406
6660688,5772220
16460108,13720664
13961917,5738540
8948023,7556688
11720235,6595082
7392958,3404575
2384304,16428497
5166414,9885131
14024489,6633302
10232194,1267024
1361424,16098186
571981,16640823
12187473,6100392
1591485,2249197
6183349,3924005
11815740,9845235
7828596,13381305
14118838,14110217
9806314,6748065
7970491,8237844
51771,10943873
14166923,5573094
4744568,5296808
15888062,5943424
15996492,6879817
942735,1086296
15763002,4588853
13690539,848763
12850358,14117413
9376830,14452592
15565353,14788634
5984397,3349922
4958523,4158842
15286595,13791192
5321904,8139376
7109920,3196238
7436998,11961244
11788345,8673232
9372884,7172041
15670844,5038834
6994562,13881132
214726,6097805
10379317,10905872
3743851,1468296
2733534,3323334
7394661,8946074
2434386,15064818
9405981,1985488
1450852,5264298
6075696,9632046
12695234,15939543
1777635,7654379
2079775,288737
4060824,13535126
1511739,1910746
7609657,1138710
14423360,6895161
294400,4127610
4457543,10819728
15487407,15027859
8576019,9198636
693899,237717
14197134,11097064
11522860,7049064
13128906,12579832
6559451,12611685
8620334,16394906
10129621,4601872
12824994,8104077
13622873,7838191
15742741,13376227
14013408,9238249
989508,9461019
16297627,6472210
15594381,5307583
12521517,2697674
6985683,15880338
14334916,14352372
16045660,12863238
917715,14117437
2909695,9312199
1620083,3597363
4519360,1054568
12275265,12550135
1913188,3603626
12261466,9677035
2778523,1231794
6063665,15928418
7746363,6850708
8269487,1841010
6758925,2676193
11261758,2742731
3548926,7481235
3659072,4978362
12463659,2511845
2707875,6774649
7267129,12206257
1285115,672004
5858435,8667520
5725821,13800776
8756944,5757684
5103117,7991827
3567235,14591819
12101820,5336035
16104515,15684330
10647994,5930358
9634658,14036022
15919353,7300136
12745393,4744546
12796189,1424940
3614426,14403982
7262511,7621007
5329931,13940096
9781164,4048105
10452611,7459250
7880980,9428876
7372832,7893451
9718802,15434327
3519610,2596172
8441330,8359592
3904508,1628798
7262153,1926759
2831896,3244911
6358415,6954601
2811551,5186734
9338353,4029405
14063423,1594162
1412976,12580312
15518216,903667
5942339,14282656
3075822,15311372
8878594,12227666
11726831,10375444
2943740,8024922
2942294,12584084
4405654,8422941
6633465,4214678
1832183,12985776
6868602,3597438
6516863,10243100
10432658,14461185
1932095,291700
15755150,2416520
14918817,987322
11719447,14446704
13394349,14530401
13258397,15295682
5138875,1663064
2404100,6282283
10626649,15340446
10350475,1075645
11969598,12196153
1035799,7169582
4176160,9946935
10199791,8821685
6903706,4532068
13102326,8136042
7618996,4583510
5493841,7893351
3622963,5480031
16261936,16092942
11834843,9434156
6757628,14905601
669347,4293093
4089204,15550540
14119134,3370581
14989431,9326556
12098285,14741709
16422918,1003140
10179350,6491023
1047304,5415201
14237364,9947324
1131674,14929003
6722814,7242609
13733135,12360207
2331225,9970674
3325208,9454428
13340869,5964834
16304528,12416873
9614518,15704547
7571551,9799279
2411624,1754385
9897118,1208068
1928012,12002865
14474880,5382235
16067190,7367071
9480046,8357790
16767603,14291290
7302364,11848964
6192031,5891531
1563427,11578421
9643714,596354
16006581,3665954
16494557,16554212
259611,4736710
9671568,1620508
12885163,4805777
4719604,16072309
9462298,169630
6163743,14725364
158309,2848689
1510985,14645622
6790048,12464891
2623294,590458
4316272,14242653
5597810,15931268
971601,12989982
3217692,242451
10845511,8180396
9127473,1256496
10517838,6036515
11812074,8906749
4555728,2428106
13110626,8906517
1218839,12299719
2424170,14641547
13860156,12770519
12143162,3081995
6134804,7426569
6855540,12354278
7566908,2263604
11814374,7605785
16320514,15320482
3229153,16760925
3995423,1459560
9470141,14404233
7081471,7109296
4828806,14575103
4276707,3930901
1787517,8367766
2095012,9402138
7730520,5489070
5146516,4321518
11088959,4227079
8230486,3523102
14083646,13689552
13793686,7453133
14567377,9641997
16501249,14953897
13813963,10164991
8258866,5904586
4733252,15375740
9406518,9377475
13098127,3000361
5584468,1244445
11057030,8865040
2917150,1278614
177965,15050491
12253609,9746515
522162,6594961
3868623,14169302
8186227,3649221
5858368,2930607
6620343,10203825
8669947,6134226
1905806,11507513
2334470,7943967
10768513,11245096
4529398,16440613
14389565,852977
644365,13709381
9400295,10528443
580709,3499337
15969752,11963106
11569610,8698686
5894375,10135553
250248,7138963
13943199,15923757
1873025,16343497
16062631,13888966
16275824,4850008
1243445,13162522
3349276,8992329
13697756,188579
14164998,10822129
4507744,14084424
10098500,6060612
1369760,3190170
3444213,9411887
1396357,4760754
10458047,11418047
8213424,4474699
8185567,8780441
9459791,3973116
2254625,4760463
9403440,5061011
6152722,15911738
5920968,5909024
14551930,3746478
13977995,8480586
1617712,4399870
14899231,1819860
5134807,9131055
709583,809817
10042680,12927586
10054221,10227488
262906,10621039
12469484,9949824
7127891,15847972
3922719,5163368
2800587,8951529
11452343,8490097
16181826,11854462
3675734,12175514
10297315,3149604
15068774,128816
9575744,772956
513574,16147259
3928342,4039838
7507561,6875204
8884919,4572732
16155740,4798071
10611774,8287357
8796390,5874698
1358564,1304400
8476849,5227625
9777306,10684611
4828408,8464975
13691839,13116931
10661911,617313
4796080,11921988
10552125,3274990
14287129,257605
9575823,2613582
14788434,14193714
11626516,14847045
9270609,6764248
16598014,14919851
16261067,3503085
4569813,74469
3260502,8626168
15033386,8192766
2596424,3011253
13443407,1460750
3740319,4639170
4659388,7283503
10436190,7338145
13386905,11813340
7710697,9732560
2516287,7505641
15431243,1077209
10851829,12235681
15570764,12677075
16415072,6014678
2484816,4278217
13814712,3482061
15555151,292503
14872219,91759
8925388,9096155
16297931,16242053
13458300,8944137
12813596,10352029
16014819,11689490
2580699,8755823
13649594,16066809
14482352,15834416
16098679,11541681
16768627,7970839
8604422,15743783
13360974,11971624
7001131,15454578
16370958,663134
15778193,1961953
7454825,15299753
16492005,3038013
3283357,16586979
5846159,2883318
11366422,14534142
14449716,1865588
15522999,7601446
12293695,3504884
2118995,11188077
8849868,12780973
11969608,1779668
15558639,49698
15219368,4232205
1125470,7563608
10685508,779278
6332038,13765566
10857738,4008111
2789075,905156
4335918,6367424
16156651,9269964
16135445,4340902
7486231,7717321
5345674,8682987
242576,4744381
15418177,13147886
861446,416578
15465017,13745945
2359933,12801685
6806919,10536789
12981876,11480831
16250056,6331555
10102182,15324715
13703975,5163461
10805964,2334120
939273,3068296
5950996,6833094
9788011,4212348
8965978,14855631
6980044,6524750
2986750,6064001
12743206,12849861
1427961,11686231
15670752,11411903
3779658,7868562
14685676,16375602
1089004,16005482
11645670,11524364
13272128,9321313
15949625,13348950
16229427,15819657
3883555,8419958
10028454,7125708
9785494,2795939
7574495,11436626
1741349,4713036
967653,3232985
11758820,2427978
6230977,8633428
2998362,10021448
3886683,3726328
12185915,2052659
4581230,14336436
15926635,8816067
13858749,11678194
9739104,11695933
3145817,7521447
15976740,14030817
11689250,12920350
13105501,12238164
12063076,4759059
11234538,12094051
4530427,3250717
3120513,10528359
9961840,16231994
8661299,5585462
170212,6987910
9485431,2695350
8279886,2273774
5255172,8701172
10688785,12278414
4809983,6447743
5772333,7748478
13954758,6178162
242651,10918901
15720142,15206012
12798860,12367703
7316154,9430342
3660799,12561521
5381394,11917053
10930385,7953651
13339401,1840823
1781280,1391674
471339,6830918
8003914,12597581
10073089,2784188
5052426,7313565
11364554,7744166
7526443,9198574
14941411,8910417
8273677,16435981
11485106,16509092
16092323,8931718
2328982,8933720
16674090,1759632
13556140,7982113
13099846,324079
14961802,14670982
5587552,4033339
10096817,543661
9834228,13303275
12684563,9259353
14149962,3695838
8590414,6977728
440567,13636060
5889593,3803898
8341183,976967
4817869,229669
2847346,14853666
6355028,3067286
4686323,6005455
2264992,6070752
11604443,2405091
13795713,3129705
14803925,9828445
577157,10356995
13554671,8399813
15075765,6345275
8072904,13709553
16207988,7705724
2678393,10212305
11092773,5483015
7311548,4678735
8620593,2859948
2290987,7360554
13299083,7492917
4074931,8223646
3275095,457612
11358592,10543655
15397433,12932700
1232380,10121507
7398341,12182003
7118954,13996537
1538271,8966136
8003236,917882
9468791,9275758
14452542,6698751
9705873,8384768
3056906,16618668
3389920,12630690
2744508,4267020
11841153,11942291
8402493,11789495
8096349,11561601
12146765,13572285
2082120,14540293
12052224,3963769
5419182,2578990
3394162,12568600
1044739,14720559
16774446,14482618
4689295,955176
7973800,5792892
14638723,6909546
12276449,2736617
4559857,10647549
1387862,1682713
11157163,1430283
3003492,13172200
9921174,9576240
6380829,14063465
12088250,11948551
2396497,14021799
6628461,1750586
3756415,8645630
6225270,14449704
10877694,7335204
9707550,9735094
7322308,2025213
2212543,7193832
6633179,4178817
2439623,1663566
10292024,8959266
3914218,8946491
243643,7611707
15489495,2708531
9530435,11558974
13610188,16332633
15436646,14498028
12613429,15968549
11168396,7472347
678610,12942149
10022185,1262162
3403193,1330053
15684194,983687
4177719,14784063
5350019,11563838
12299296,6742231
545484,7366049
5730804,3870768
1956849,13760162
4049282,8409463
13990177,9189009
7849876,1301136
9088265,8140916
3434824,13957189
14703972,11764298
10726243,9892841
14073073,12762674
1487047,1820585
5188584,14714825
14104099,5246823
13075686,5019419
1014127,5013893
6655614,2101756
8246992,514552
380117,3457385
5354412,10989267
6744841,4210173
4775641,15115095
8464745,12528315
9256515,5256559
15590774,3485459
4795506,3512370
14326809,14120107
3533072,3691025
9718024,15146791
11764286,62287
4599034,16614306
3042749,15574790
12002272,2743437
11390636,13831845
15136483,4879173
13938439,85835
14521043,2434853
7524718,12788455
9531306,4343647
8736337,904498
4970622,12831144
12842763,3792404
9689582,9791147
10304485,10055711
16577731,3147091
1467064,12493408
8926917,15214927
14507635,15358879
16337604,13983758
4180974,5453347
6550505,6828452
398593,92654
2572584,1731534
14507051,4077587
163019,3776759
6802901,16445239
16391724,14515698
9026908,12742178
1616849,12331931
1934816,2044756
6012081,15548133
16188129,696827
11041590,11018897
3632173,10397295
16502519,14151706
6405111,14168211
1947728,12269757
9316120,12238911
5643168,6860380
14480386,9571986
14954419,15837819
11403611,12123320
16596826,4622124
134843,5254068
5542941,983739
16460886,7731128
13393040,15556203
57221,11118029
7052955,8931629
14728642,5880834
16436355,7872344
6760560,15834409
13693664,13737256
11058748,3667379
13403425,1232232
11712181,4718583
11765563,2280886
13078299,441248
14631691,1443364
5970828,16368057
3290855,15899292
14361667,1217394
12743539,6760487
15538525,12068927
1499545,712996
5422147,4128605
11216740,2033276
1344899,11327326
13845961,8055129
13152566,10679986
5977954,1470032
193455,14914374
13046718,16095310
500174,3899596
2245345,5467034
3839949,14665010
8241833,3169281
12646041,5266206
15814881,7792299
12976150,6965270
9429278,10542855
94820,9413350
10091904,16735830
8629677,4641602
12584153,15195789
4372450,1060025
12597190,4827965
4655685,2450681
223921,12399292
9778498,12758728
4948149,16306847
4317508,11289241
12799694,1086614
14327981,6778152
12555407,9496512
6276439,4349604
3230723,8138107
11618311,15722267
8799802,3587978
16617977,7320614
4557615,7496181
11598953,9154396
2916228,12493083
1072429,7784139
13266088,10970001
6491324,7019821
15794315,3892403
6359273,11480749
16331697,15887786
8015567,13015756
16719986,3880567
3132138,2637440
8556476,13649106
1742277,11969231
9880597,6868132
169865,8989896
3897476,3279964
12316789,9208504
16375863,13215729
4534128,13032603
2441953,10077434
13276530,9233031
15834237,1250368
1707191,7141641
1421134,14485485
3674226,16133613
11503695,6020984
7721611,10735550
564949,15403226
12445124,5624550
1906885,7050290
10933020,10385756
14354058,4836415
12210023,9278551
7809586,6176906
5783618,12039591
5006317,8962767
7428537,7450685
3929989,5961729
1789071,14955569
6005235,11516319
4042956,14907946
14154749,9308393
8973291,13703957
4658461,12940374
3653554,4191167
8309137,7187596
7785574,8682152
5046226,4871691
14246287,5403142
11415003,14335763
5555615,12886610
7430018,1994662
13286527,6804860
15487601,6728825
10503382,8410076
3494006,11538781
15279544,329841
16415344,8913120
6527664,90548
5716937,16764262
11939781,7133456
4726174,15922387
11818078,3377381
8517651,13075321
12206586,12740722
3137118,3736571
11413756,9881378
6405387,8255669
11370584,2723374
10931981,1485996
4673190,7594590
12630308,7719155
7177141,8166239
16085617,7146341
10287001,10286919
10036305,11973805
5773336,14458356
7509982,1191853
12262780,2717313
4497188,6700079
8713124,14619692
4199679,14135210
15515508,1407698
12166538,5126624
11394228,7383577
16651348,735050
7076628,8118546
5878017,3000479
11878764,8556209
9194301,15261629
15106498,6541801
4590451,2143310
6635143,188276
1849313,12890449
9712801,10792584
3841965,8082640
7846360,10767128
78494,15611834
12529452,2272353
8399352,16213976
3588002,1501707
10017671,16777729
15995030,10672380
6679279,10623528
10539488,8392499
1813809,1915958
606503,3050137
3353155,16773274
5032480,5991474
12346914,594971
14951190,13002094
444653,13689053
7326168,7056755
451267,9819309
93037,9863501
12451857,241301
5215279,13919918
13056384,7017888
8267082,3863314
621613,2228750
5379349,12048977
2494063,12931685
6702521,4760967
1856515,12693878
7554704,10470058
15074172,13585284
5813869,4415584
1468868,13287618
6421979,15037054
7143854,2381666
10729951,7866966
14349316,1767218
7930392,15835923
14269401,2909384
1943892,2385165
2981389,897628
6094496,6625143
974465,11102819
16714655,12903696
8608672,12667746
342137,123001
5187171,8607856
7635261,16157550
12975326,3908956
2766590,16622689
12529508,203085
13646588,10247067
12089762,16430283
10518955,5318342
8505954,5188035
10358626,16402657
420483,7589714
12188937,15867662
16064652,8826095
16045566,4707868
10478059,13814116
16045846,5167390
2908765,3053496
9776600,16375561
387232,15744665
3968320,8464794
2402468,854911
10603552,14759153
3415510,751549
11269959,2723595
6810150,6392112
10950457,9002169
12356726,7502297
15144910,15163480
12831598,385745
9290471,12022028
5220144,13325285
5995342,7640058
3104835,479862
14209564,12967776
8229356,6380795
7814688,4977255
6078839,14672585
7950615,4683204
13824124,12224331
12394505,5221651
811704,418169
4256807,4930651
823336,14859548
3956837,8013741
15774334,8582890
3287941,5368221
15201,1970808
12758653,13162797
944526,15066456
8633421,14037937
5623936,8266641
292796,11571909
16307543,15742538
4102285,7829314
15480580,7320659
9434770,1520263
9383582,8812266
1071116,6727639
7372259,5590294
6813993,11115406
10568396,15264634
10483816,10115731
8240959,13367390
1251427,2125760
3931347,4263782
1321120,47276
12523189,9444367
2333470,6027571
13099708,3575348
10016719,9644786
485450,6578296
4910115,9369905
2977379,14369240
10198097,4441832
4736496,9517470
15298180,1904940
11075463,10397235
6663108,1353877
7203052,6387189
11892125,12535165
14626953,13698897
1474555,14924679
9950952,9962263
8421837,15486350
9626806,9301006
1788963,16290784
47667,2761661
5882664,7545660
14245362,8825433
4702256,15750124
2758684,12780463
6724886,15310816
4616601,13419101
6221266,9789147
11668072,16143102
16322455,531746
12806963,8694302
1502358,15408450
8981660,14852392
2243859,6350837
1153085,5177740
2887471,2202681
13905182,1137748
16059741,70785
14840302,13333159
12620180,4091851
11953288,6467499
1694069,16258150
16543994,16722835
9930601,3144286
7656524,9635071
14854550,2222738
9777082,12281542
4238140,12385193
6145876,15234396
13309414,2266910
4902787,8932387
898808,13431538
9845234,12422658
3862576,13847094
1074333,9850783
4848605,4745835
2895110,6149989
8588078,8393209
3739031,6403170
3621345,11608664
11839469,1061603
2135490,11288797
7712132,4255525
13553104,1337899
7748061,12486243
2951077,2219293
4163485,11044243
11858949,129230
13845537,10192275
9108556,4108094
10219987,4863673
1789019,4222544
14331309,4653885
2257164,7263762
8143298,14102236
2754709,2485281
15931212,12126488
2360224,15904668
14541844,16629729
4580376,10684042
9350927,14203685
14667962,10218498
1766984,10757904
4640258,4531752
6770463,8161918
6112713,13883999
16460226,16566449
2878901,5015304
8440074,14943499
16472005,10756026
14348610,8188775
16356493,6774430
8773761,6418145
4853481,10953617
4316301,1873413
15212176,7183157
9401494,2034997
1920644,15132977
4218943,7376427
6401632,2113587
1228200,8884283
10307411,11631244
4181649,9911519
14791380,5908593
3290296,4033482
11466990,5370515
12236696,7684663
4068204,8318824
156944,12957870
7229058,5550735
10644759,8659615
15836128,11492260
7003400,742712
8209755,5768150
4861747,9407883
11796231,6654373
4531852,1310959
6029469,14921151
15114034,24211
13049062,11905937
16176715,15793877
15280441,8867648
3243184,3541623
5489163,7682996
13103748,15845170
9672228,9334373
6473205,8492760
2650585,1396199
1359113,15065454
7184424,3801716
14600094,2998538
4054889,748553
6544380,12271134
12188639,6647030
15153228,13451073
10372424,8057987
5117369,8529249
8460562,5529606
5242418,1453617
16145660,1948158
15599915,1014919
7953605,7583509
1966640,12549712
3182496,16259752
13235195,1058892
1783776,11655006
1094034,1683326
13201531,1575450
15298641,12052695
12916560,8056680
4001745,896641
11907744,2697188
7242828,14325004
4517251,2747385
6113503,6063476
3911206,336772
275035,3579667
6948630,247906
1671151,837659
8691661,7948473
8571429,5723687
13880165,6314595
2972358,16683324
11538293,11504561
14395011,5344626
10936830,13800025
7158933,9873817
1654205,9364761
1697807,16780368
6976373,1130215
8025063,10923211
3625727,13117967
14297081,6418931
8778519,4283800
15995742,1696333
3127772,2879734
360831,11828352
8371859,16073930
13357823,4136768
15973580,10272910
14698292,16505745
7533357,2721536
4067366,10430262
14239591,8062344
5650935,14442367
5477646,1652898
1079485,6628183
3310549,4728360
1310341,8114120
14975167,3197712
1718622,9376327
3586506,1515491
6031515,10678877
4310108,1306376
2069051,10596717
8229856,591121
9124581,8634885
11450365,5891345
10253616,15472310
14276036,7598399
10424896,16528741
6837886,4357009
476279,5830061
13156797,6075744
5712138,11889060
7408761,7086524
3514645,15886906
10449326,3077633
3628047,6618465
1931431,4471196
4125387,16306317
2902336,15805714
7577477,12118345
10627029,8594044
11259404,15894090
7322044,8922161
1762745,6100080
562108,12751144
4895909,10999439
3219987,4150219
5424012,6261331
5012385,12845535
16127939,5431040
8100478,6125318
15425567,8334199
11048914,13377455
3992798,598684
12337141,13409567
1303552,4314120
4822551,11504701
7855557,6544635
6798747,15144714
12733824,6453272
3682904,7370654
2516307,10341856
13332976,9923326
16034201,15204652
5894509,4475759
2421943,579992
903061,9839258
1544637,13536095
6571542,9646878
15492139,7159226
1783010,16588658
5078942,8221454
13142743,1052327
7292548,1423068
2966104,4743535
13212918,20767
9591489,1807896
5718867,1163180
2328622,3526843
5271632,2903384
6297397,13025007
2377285,14939416
5424120,12304892
1576005,11749492
3109451,11031287
13766832,846914
6249455,10819543
15031016,10567859
16693077,7558286
8830523,16387680
7382402,14034584
11013089,5289095
11341666,16057549
11218324,6560888
12619615,11013200
9517211,3768504
15506497,7266131
15296916,13655253
11839521,6952570
10960398,7547397
11684231,10451383
13649715,14211820
14251838,11692952
1813544,11923742
8433326,13093543
4614525,7191603
14840090,5792
1976670,4174570
8940406,10834250
2221418,13199852
862405,1217299
9699165,1151007
5916595,15941080
5043598,9834644
11552947,4090061
4057424,6774202
5607154,15885286
10136514,2853167
2631420,5959295
3308782,16437606
7549678,12872791
4820950,15754806
14869956,11945667
12965342,5871577
3483104,2362137
6296763,6085131
13762527,15021067
6264018,16786197
1674210,14620127
2493834,3878765
11140148,9878391
9867510,11949220
12380573,15017611
14888946,12297525
7397657,2998501
3543778,13263301
4411744,8061323
4699574,7248216
3645612,8638200
15409716,1664457
2992500,10511596
5075807,12954710
246807,7372316
9062192,13888498
750335,4648749
14283240,8385172
7474254,7344495
11416787,15169729
9842121,9617734
4754681,11106056
13699239,11285753
6550018,4623948
3248276,15074145
9197044,15347882
1020919,16783844
12991831,15640417
381322,4124505
1524493,9360388
8707598,11916357
9147345,8102899
10497072,2882938
3594229,9588326
7233030,3704961
1515360,2474488
11430928,11604104
3988022,1216103
2092602,7506981
11579661,3699445
2307883,6649048
8777196,12424476
3702922,15261332
7206472,4285845
6354889,15210603
14393959,11489303
13554288,15930868
7601074,2626259
11610321,13595545
4725980,90276
3630140,13182592
14969335,11235637
16595515,14402726
13338719,3413402
14109615,13255671
5212971,13276470
5940684,7927191
9060017,7483142
3727397,1995179
10842410,12505096
11765038,7614580
7741029,964703
8957960,253199
12874560,13959750
6886792,13555845
5106186,14303969
13960642,9380430
1323378,12107013
7340245,609070
3166508,625812
11789678,15053181
1159004,5760149
16409659,13675981
11723991,10488193
7009678,14573255
16633305,11904179
12093410,15114857
7881129,1186583
1321433,7088166
6123014,3746520
1697949,13890235
2856291,3796695
10417201,11080911
10216086,15546302
2771150,10277852
12171219,12886768
5995048,13275258
5532817,11463627
1662058,2590912
5085711,15437642
7394859,388479
8239299,13631161
4562130,16290531
13413443,5924517
6737761,14781090
13997544,7712420
11964740,16280988
5254944,9611585
3483437,7449244
4305986,15112739
7743847,4340761
8056859,7271450
15922300,7097989
5599748,4436768
1919710,7754807
12165456,1855749
13020735,7359418
16001618,16209592
12174155,14461859
4098535,10629133
1138195,8852527
7331898,9547929
8044477,8189846
9518115,15383623
3447878,14359201
8497436,10142849
3266843,12770704
2857847,5667602
2400967,12196315
14280068,885963
7852595,5767728
11562782,14123382
8387274,8741232
15412950,14571142
10701016,11978401
14031570,13530147
5444990,12585566
15932309,11983761
465766,9634352
12843524,13256354
8328061,2925177
10370563,8070309
15845219,813745
15536316,2193423
10767781,10673074
15552940,8494989
3181377,15914616
659412,13749881
9040104,1104724
2223022,15293396
14655140,3133381
4843322,6857285
1149746,4331246
6164017,6813665
397432,1744350
13806242,3798254
4097047,5694113
4301664,10885857
271459,2263133
11725206,703886
10440572,3968522
15646193,130099
13791475,7615843
16061506,703629
12799613,12683117
2295345,15075739
604386,14776824
3028486,4175604
1417233,1822348
11899053,8982551
9763679,6340484
16158424,13588705
442891,2931930
16128787,13012854
6973100,2018020
5344316,15485861
13336098,12980001
10538385,15818025
16292858,778582
15595473,6879366
5544487,16662003
9775484,5728403
1388118,15319655
13904349,9750230
15429423,15861151
441703,15344765
4701029,5051592
7587563,11826804
2466093,13597939
8174921,15901011
16427258,1320976
14981083,9148537
5869266,14533900
6243423,11669340
1128514,12315757
10917850,1723434
5930852,4406991
3279066,9275241
2887453,146172
1421713,12336729
11547817,1736756
10302061,15819741
5440931,1601243
10992017,12636535
4919954,10492321
12527459,15321826
834683,3291092
13388366,2696072
6334419,12928252
7141463,11039638
13554578,15914588
13095095,6032455
8566901,12855619
9816768,11264133
16296268,6228862
6146316,9592105
3947873,1469030
9943962,15761012
15437782,8946729
10774764,4165288
600930,6203741
8447313,13214181
14478443,12456009
11505877,15766544
3322980,12059613
11090428,3088535
6634221,16142776
11395817,10273657
13253543,11237403
8922667,2278094
13654662,14605034
6545855,13466564
4877982,15489427
6111025,3023610
8715378,14596205
5967963,8883162
14884768,1772307
15512931,15460524
12857827,13039786
6979141,16305920
9264527,8127422
9954283,13364890
8352015,11247228
2179937,4898147
922640,15462066
6290445,600382
11596452,12725368
13600977,12509912
12520376,230449
9495967,11441434
2963452,5364232
9351542,10860522
374031,1774077
1974372,6239148
763197,8386078
15647407,5242704
947947,2430989
8015284,6723150
3647390,7019203
7298479,12426331
15242178,15786033
10673071,676480
1208212,6235865
9877498,8953429
2612144,6903059
16006296,14024861
12323431,11162148
12252732,15299087
6556302,4674694
11887897,14190123
283152,840161
13194598,64752
2156543,15790382
1964896,10344880
941209,7253570
12134275,1271847
13969144,9902045
3789939,10895325
12822758,12040553
12512798,3274277
7123983,5448294
6683775,9188413
3811683,15949874
10483661,2865692
8034489,320824
6619220,12197676
812343,3158120
6583492,10062065
3281909,9267849
509376,13776796
9008732,11263074
431428,13484100
3957372,13725026
10456873,4137243
3776636,14270740
10232050,8440706
6542782,14668428
14319992,15078576
1357878,10758561
8144874,3971524
3707261,13628334
4378566,7499490
1602739,10351297
6518281,11204173
7541926,1420138
6333221,3801141
5362363,15877674
11793113,7715076
16567564,783152
9067853,1455592
14102624,9001320
1735644,10136360
458689,302994
4047907,13289774
14573286,6620708
2833322,3650957
15777465,9477800
7887200,3759934
6615852,1038666
16020567,3304944
3061486,6766648
7382240,14198340
676792,8761926
15108734,1333468
2971807,13867262
4512642,8811804
12776142,1123344
3359396,910961
5966184,4198604
12355232,15865189
7234939,5556353
10916756,8418937
3062686,15576036
14743019,711776
4099580,13339612
6132405,14280089
11024741,4047883
13732989,5129985
1141742,11936963
1399289,10200335
9476488,3351604
4292640,4376332
12350272,1357762
7473816,11410190
11576759,12421454
3877392,7420042
13705685,16275242
13862586,6540455
11240493,4023552
9507346,8186373
12559138,6985300
2418596,2656806
16736075,10656956
3473977,10140049
2097351,7774814
13254559,10035831
4081194,16459949
90352,2783639
12761722,9894646
6307423,5139449
6844242,5841930
5045884,553798
13463230,10610908
10778087,2745736
3200876,8842978
10947638,13056323
6458106,2970198
7367101,16064714
8609342,2872087
7864798,14461163
5168229,3369748
12580610,8294221
955583,15313417
4983976,11088612
1348275,2830282
7953093,11453514
10938418,1496530
13799466,8886148
1064148,8782414
12189556,2494188
7733740,11461270
8481177,4219723
2545905,10562212
487329,9359912
13157221,10718267
9697712,7513168
3960059,3140916
963009,7126687
3429559,2430625
9422629,1049049
12188800,14312355
8942410,3671127
15408320,16649580
12017518,2695823
14523081,7831546
1940230,311105
190454,14019320
4670308,13521511
3655829,16025793
14933300,13554952
3592671,2416679
4153712,9182650
11988921,7087892
14379253,14143304
3385786,3569169
5099627,14409315
4790858,6286374
9236342,6186225
16681673,9047233
1748769,6409633
763149,13096543
9124403,9654611
5410023,13981152
532136,3810829
3437700,11585402
16037084,12933052
15736717,13514226
5945679,13718571
63505,3187974
8803094,7765277
14465603,3847665
11680486,6501010
16726133,13471172
6000538,6447192
6483717,3439885
3707222,16247957
12126852,1477376
13323522,16439423
4179400,1354052
8290140,10344437
4057941,13754986
5947831,856897
6702846,13705889
5827816,10635015
7481010,15563704
5463644,15284904
12425262,4498825
3447675,191498
2428083,6402085
14340775,2756071
11862822,16180989
7939682,9531859
16678115,849934
7089282,3079273
12030631,3013850
13161713,2283101
12310931,19627
4735089,655579
11707885,16373179
2327908,11293710
7603453,11228473
7376861,14147458
5619572,3688568
3410299,1730162
12763283,13343158
12395258,1764827
14412920,15937025
4992376,9110960
11404730,7327905
7508647,3020343
14605982,11005767
9821707,9218033
1343343,285036
10905545,11768432
10847519,9669317
11591319,13937610
14925130,2580774
15296465,6400901
3932321,6318818
4093096,5056735
8516166,5903526
5490612,6033456
2652666,6375993
11541805,5843969
14938730,2647884
1331892,1837268
2564592,11082693
81974,9748151
760418,13211538
6686948,14342289
738536,13415798
16201398,11313085
6471110,5490894
7245856,108362
14407506,8776701
10986779,9556016
16094555,3915818
12676539,14485503
11295041,14664389
11912943,268438
3090302,16045057
10038106,3568468
15644854,12901104
6806444,15957687
5784134,13771475
745116,15254066
13997354,8317534
13556973,537954
4413704,3145360
13733974,8008014
9254162,11196635
14746506,5219453
568423,11506626
12069471,12712632
7957563,13836360
15152219,13963302
10098729,14732382
1753047,12574515
10292218,11103366
1752363,15430999
16110339,2630414
12925518,14978471
299355,7973785
10066162,14313438
2146230,2826557
10645369,5885754
7472227,11658410
9929099,7550810
9718102,4687557
3415849,9362177
5202204,7274579
8755010,1915794
12129936,13157861
6315452,3457743
9717224,5635792
10469342,2833428
2701844,8767715
7898884,10239407
10982396,214732
16096807,3136692
5179428,5153234
511040,2231253
14259384,4085920
13847270,9673182
11588859,6829413
8430581,14254322
14498325,11201046
211647,10189748
10474041,5626617
4374488,2978170
9004687,3540979
15436913,7905539
7156114,14087923
12025572,2604379
12405935,9423419
6883707,3217146
10268731,12984102
9640264,9046112
6944904,9948445
8860157,13172696
8836637,6547311
2656932,1539925
6226282,6648810
16735636,11372088
5818066,5049850
8793513,8871060
1740398,1806438
2839965,16420362
11990273,6480522
9664715,16510503
10361625,6470331
15229405,7712942
4583787,3319589
2131809,8087256
6176257,6798292
12421472,1736300
1295387,11687243
9390287,10017497
13595211,12217609
14682261,10803294
3957772,10096935
5613467,15828701
217119,9998652
12197166,6512787
15252819,9761329
7648131,10478078
2671181,3689740
10998787,7317872
13760976,3487277
1838724,8099186
563771,6039537
8052804,10652283
15835107,4562793
7595479,5877239
9773613,11364280
7678167,5377729
9771747,13252953
7442341,1335342
11169450,7439471
5845576,11744058
15656107,12119889
12624800,6396044
16170101,16690445
15316840,3400861
662610,9704444
11289621,3370339
3328477,12991485
11730600,15745096
14313274,14556702
12536823,5010007
16007775,13490905
14357326,16649245
14401566,6940658
7620681,10642528
5820857,13693107
10501060,12902389
3461309,4128650
2750015,7934726
12647324,1884803
13987348,11698683
9572175,523584
6422929,4205195
6625501,13229775
15547685,1542380
2932008,1190009
14009981,7336550
8063863,11707219
1541488,7018441
15858233,11234391
7518448,5126437
7512059,12455450
13007093,14030658
16062615,8080738
10402768,928411
4178915,446511
12491873,8392791
16381658,289751
7372550,5501410
324669,8475219
3205452,11424035
14944125,14037921
14694482,930844
1430402,8928336
12545046,8892167
7125899,13570398
3634197,11235340
13947002,7195267
6848572,6866957
15497427,9162954
6116643,11797121
3221144,13829946
2864776,9914199
7696319,5130132
14758772,6305431
36379,11216977
3181216,10268775
14839454,8897291
11069162,13390351
16586977,11366612
13376986,9750048
553076,13914019
7846841,1690353
12231650,2339100
14816508,3269045
11220587,12032915
5097834,16757180
3264437,15413482
2615681,13602332
10725433,1672666
5083053,4366903
13864339,13382095
7266881,9151203
5996902,5692047
11674651,15085448
13054270,7570289
1650537,8777124
8155152,5466248
3204166,6573033
6752992,3164637
5078899,12631493
16244387,7232879
8504216,12556700
15361274,7333221
14238961,52540
5530033,330778
13508557,1906339
6838441,12735581
12443995,2871310
5048466,15255236
12629686,3208645
6871381,3679490
6939851,4490128
10065425,15564115
13792153,7176153
7921981,5640986
14793270,16632648
12393952,9522284
2792539,1124857
1394581,5472241
10366121,9113267
3605157,9768926
7800582,7397280
7482781,1808474
2279633,15175024
215057,12299318
4186109,15912019
6103709,2844359
14895580,563021
14401206,5178043
9407227,8811403
390467,5252549
13466979,2296199
1472378,6123639
13085777,13790493
12476427,16144623
15727429,7334795
2115120,14495690
5773839,7102017
13794732,4514518
11951761,4849190
14295424,6817687
1258719,15729043
14499920,10872236
1828632,1409073
15402928,5956468
1838542,6703569
7245828,3475095
179275,7942127
7446257,16345759
10039259,12436675
9987788,14274892
2461746,5564179
8147769,6931810
1652686,16520939
11035593,14225863
3553311,12629757
16666761,6394068
1932422,3534682
4601929,5126361
1676668,4852387
16737686,13181366
8140425,3711648
11002672,2733153
9650974,10433796
11782397,3884347
7682594,5573087
914509,12435629
5290578,2599361
2858410,1315890
9718170,11750811
7826794,11816353
3771607,9087238
5529559,11269406
14179338,1051231
10407199,16326394
1776949,13145723
4107016,9421732
1593430,3147285
9675728,588631
13692693,215798
14794357,6821492
16039810,15645283
1464486,13689042
612745,1082486
9687497,12001887
14605072,12492248
6014012,4737751
4663998,5581425
2444014,1058883
11059784,2812075
7365354,7801797
2988598,2046498
3369939,9150065
7996890,2065947
11606542,753011
14170799,7338483
11288820,5922739
799943,8644791
13881132,10816482
3089310,5676060
13175341,3424706
9199885,831162
6360085,6586793
9721786,1252971
3914789,6051720
12977028,3691590
5027035,16539136
1152444,13233019
15520317,9068923
14260906,10994995
1273517,526284
8688506,7116460
8695748,3027460
5780973,1294557
14795113,3660790
5859550,7625816
13559827,7506190
9677696,13617526
14140979,6663219
15263739,10181607
3588170,15969736
10839837,2139348
12386847,992485
2316586,1388442
6321138,12230374
10025295,15740306
14020676,4405044
4987399,7477954
9399217,1017707
10437896,13958824
3131333,6550191
8684005,3809835
7776191,15811823
16642974,4069822
13280231,10918420
15858538,2211503
4042753,10897464
8944906,7971664
1287449,7819613
13996026,1247893
6553069,6813986
13125336,7956145
2304130,14606840
15655825,14346195
3034794,3558129
12713589,4530236
5051565,5928799
1445618,5418169
9318220,11154365
10365585,8008845
542589,4501192
8656196,9947340
414319,698901
7398575,1877151
8216014,2089735
3923625,8380963
7059660,15081385
12268035,9819162
2952039,4871944
15561910,14303416
15760036,10186843
9949667,783196
12722366,2417245
3965601,8025355
6788084,11901828
16380701,7907769
11338881,3342353
6609856,3178158
2543831,9166211
9548266,12558237
6276224,4901900
4153870,8693354
12595773,8552236
774522,15743433
15589462,6288423
2062664,1085571
8767291,12931564
16661422,6422193
1079132,8573192
16542908,10407831
6829929,13696212
6237736,15948863
7523583,16140340
248159,909370
15326026,11838105
8743248,13267273
14337723,6743202
1991937,7976845
4818580,10117171
9975932,7448897
1512631,11448190
3625893,6993512
3536379,15444131
5712811,2187468
16146269,11283232
11442722,11810311
2029128,2046399
4754539,16173321
2502792,16332625
11572753,12693311
1942322,2107403
7868857,3877022
15968113,14236447
4196558,15427707
10817247,6508696
2180313,1987852
1758118,5005030
10549691,16642144
9846626,1731133
6608388,6034233
212421,6069061
12325551,656050
15346821,12801301
5180285,15897364
14230578,12387505
4784706,9671899
12794732,67037
7287063,3179719
6783562,342459
5389834,16515415
2407146,14406309
11698163,3049468
16530865,8393239
7946446,13552308
8958894,16111172
14116197,15452305
978776,9563785
14552336,7584226
14671975,2296588
5649476,6847028
5240916,11576764
16796581,10111169
5364935,10055820
6752288,5089137
8259009,1491384
15288313,10526383
10408201,11968966
11715782,13839744
8961428,14237659
12730337,10697141
4473489,8503194
1758960,13722371
13944157,10132826
7272079,10991682
7981953,496323
3428509,7786304
10404647,9626969
8063571,4758569
13040903,16550320
14253861,10085836
1987477,9113319
5631723,13153943
7821776,12193911
11144494,9524329
2240752,5380199
11716386,14261233
12082077,8754699
2149885,1671486
16180346,6963632
2369141,10995680
6814041,8999457
13637534,4651059
11264660,6013909
707320,944484
15347505,10350293
15136965,13650518
113789,9879714
9362978,10486258
574319,3085680
4502747,8282848
1637817,2285203
10930661,15022795
1734282,8367635
13408608,13736479
14627916,12442969
8156539,15789055
9321951,3426408
7690317,16592450
1750135,966367
10102642,14235308
8156056,3618446
2702504,12041951
15046561,4153035
10739594,3030832
6725816,8366208
10025508,6457956
4395778,640528
6047928,5350963
14816840,7170281
6559407,7541003
5616836,1988864
5014864,269633
6361744,7693362
6641716,15065554
13292856,974269
6461533,13262686
8670076,10887502
5052598,7711737
10394353,16549969
11275509,9634517
9870870,13853350
10971813,4828597
8001241,11182873
7738710,2404476
16636412,862660
14124199,1126004
661812,6435369
982939,10705831
5805345,13229484
4636924,3339539
13589633,2020758
848483,646862
7430658,1433518
8951087,2424946
1052865,9875365
10503285,3089352
750133,9730594
679635,3219132
6392651,4202316
7474725,13168143
7035480,13798740
11180967,8412197
1696068,7690685
2112693,11686483
15429217,14023072
4498605,8489161
2838958,1552165
8677161,10164406
608950,10432342
5122553,3512136
9735742,8745758
6084276,3231103
15617433,439251
5872412,8799517
3889561,13741932
14382030,3431568
4129656,7643516
1954890,1475267
3525281,10084344
7602111,4782088
4148904,6878048
9370417,4148583
5967634,13963786
9202642,1936309
385897,16093816
884441,11008462
10041580,9114153
15605799,16496847
8934805,6406318
7365868,8231651
12624852,269830
14481623,15404055
9237262,3201863
16510194,7407914
14424748,15104557
15331794,4551971
8797710,7977499
11020491,8386376
6385187,7575020
15571641,1983485
11865564,2212467
15076315,9251723
7827133,99040
10553202,10209288
8622385,571255
3361961,5736291
6435591,8491782
11477194,1907
16093498,5423233
6874515,14229843
14540242,114240
12108159,8811045
4959253,4657851
8900928,6391195
15238932,9768716
9600110,12261895
6895217,13053044
12731797,14554749
9731710,15036474
7438790,6927536
3489134,16601559
8246511,16583440
3774842,15462911
9765493,30003
4128967,13957423
397614,3971744
15558891,4942567
15152145,2554124
11662659,11671913
3609716,16623378
14134033,15961902
3056376,15178923
6131289,7038662
12592516,13408642
5916222,14207174
6418776,9313410
9050976,11723244
11813262,8941877
7463055,2686134
11934184,12476553
14144947,16677277
4461242,5112907
16745370,13056454
15834498,4884157
10264455,1349249
4449041,12430187
8065121,14239141
16646784,1733894
1011148,4636211
11647872,3638529
15819816,27249
8789153,16213822
767327,10554970
2651145,8395422
990006,8075081
15036940,1678442
5093530,13941394
10055544,12481613
3662202,4822070
7775161,9736795
16069791,10673081
6993084,509079
2345141,8237669
5823372,14084121
10985749,3764545
13780904,6505635
3278380,13047718
9931988,11749712
1709487,12219354
7325261,5924510
13187540,169610
15865142,3199286
6478124,4818251
13874554,15449754
5149749,14302458
1128043,14292442
7263925,11535515
4249128,1940025
3456675,472922
11164479,13606634
6692598,2197414
10855266,7670938
12047102,5252320
6936614,8313863
7071131,2825527
5579728,8373149
1294200,4309893
4299913,6006417
11544953,13147961
9577697,13300826
13363326,1339907
4129528,9793818
11549299,16223176
7861808,1560109
16457012,8889753
9385319,4436923
9554085,9375661
7801524,9080145
15250511,10918275
3120951,7392059
4324952,1247481
2884480,9842415
13315449,6619778
14636428,5883479
3308415,11649355
8102470,9791416
808388,13661133
6357551,15274697
1510921,2055912
9867967,10043961
11910337,5013928
8295755,15146926
14925759,11862119
16691717,2866616
5676628,1097820
8063630,10985923
6091216,8794959
16187938,10417660
3812161,8516467
1797399,2121910
4046557,13585091
12233360,13512141
11715828,1713385
2966583,2855301
5644373,12001183
7464478,16780083
13674447,14580478
6313036,2015237
4417012,3612927
12184711,6416804
15762142,5030707
3291016,4184289
5429578,8077938
9714442,4942673
10651115,13596395
14232101,8399804
3871457,8149863
12593563,8047974
3213954,4428514
2254118,2355243
12942068,11095438
6738741,4780184
1831336,1994162
1083875,3500248
13612905,4386335
14999187,6206814
11327472,14440921
6182665,16779028
10744071,29897
11497513,12747987
13237145,14235763
14860512,14416638
16439533,15972922
12688758,1123143
10054997,12674271
7328033,218874
14087173,5918235
6301225,9757892
8023926,1256417
14726057,16474600
6564778,3573114
333976,6925810
924254,11449839
12491486,16541579
5416874,2221310
1642434,6564582
10984665,6007602
7817621,12683358
944617,16442101
6489739,6902828
8902024,774463
11208512,6251062
8221367,1172356
7792992,10934386
5574584,14650819
15585247,6357883
10016600,14186971
16102957,13967313
3702131,90114
16400262,7657373
5099213,378420
4965924,43836
7988419,4113351
1574490,13845678
4200926,13679749
12837127,5046031
15046890,15178894
15733385,6449895
9990967,1398640
15129490,13933632
244238,16158038
11140362,1672427
1524643,2122206
12958352,16471359
13581282,14779321
5860688,1750831
6606936,6226777
14750205,8409876
14334575,3758597
9073427,1199372
9472983,8308464
14946497,4901615
7359793,7408053
3739571,2908500
10969157,5981628
12955278,8400552
11111725,7518110
4210079,11334835
10837444,5996654
6577792,13894290
938965,14431063
8359895,4687633
4043856,5596383
10459328,11117850
15851039,3924153
9170616,16130774
4244078,13578803
3122459,4565435
8702559,535209
605962,1064614
14076177,6793525
1592948,8462537
4531866,6407882
4586937,8816780
13465979,10481621
15805210,7732773
13793042,3396155
16531753,12055764
14002675,4943366
15616705,90376
16705050,14954319
9197562,11058825
11819370,15311821
10320739,2806514
2339740,1503226
3811028,4979726
6042685,10919239
10170230,11591432
5950642,3962361
1504529,14871874
4587247,4844962
3557128,14123373
14769082,1534893
6833331,6560424
3979012,5790211
7797035,11327822
10534644,9629155
5928837,4231975
104098,14844185
9349379,10351390
753904,3333297
10399597,2387732
13736567,4693110
11879847,2807558
10983482,7839463
9852971,8729690
8105128,8118472
6166696,5888349
15648278,349161
1564636,11983381
6986979,4787243
11838643,4076088
4717033,859476
10865688,14103974
523283,2576722
7894369,15221106
1468055,14756170
7721920,15168667
7487245,3937550
4662236,16102425
6549536,210520
7401820,11832073
13669840,1211695
9589576,9824190
15327537,9142328
546439,14481536
12971464,6009698
15943834,10895243
11681965,5993039
9620336,3471919
4287362,16722122
3438176,1431507
14631017,4861885
8566899,3605288
9389219,10337885
6590080,1977766
8679210,9624710
6963064,8534180
2524488,9924390
14529088,6781853
3087045,13404871
5179859,4532228
10966643,12115535
1601621,13653536
5094817,14746790
4413616,4619940
5042545,14823677
12657913,1212621
6010414,4791413
12814826,1185861
723368,1191452
8843141,2892816
1254802,4947844
2837848,7983900
8933713,449829
8230343,7410869
5418992,10642022
331901,9407508
1905853,10852499
14316331,2443605
12304733,2872147
2677086,16579117
13733949,4465520
3904500,15901063
15650449,10524085
4201351,11616473
2810075,575881
6780865,9818539
3590719,12498414
2365812,13267807
3772840,4747949
6733090,11911790
9553151,7960445
13370990,1097775
8806254,14217952
10348040,16433060
6096184,8124512
13781795,16568560
12320351,14600554
3131554,8177314
1558542,7546610
2059534,5100291
14744151,12663569
13256691,15700488
2318096,13750053
3918298,542078
653696,7111101
7510304,2027952
11374153,1207693
8594487,7355827
14846950,16523733
4394473,16660236
9630809,1608063
7060174,15767871
11768621,4622468
11048917,9452622
15064453,10868734
8462634,2763184
13532620,8810481
14892860,5485643
242694,13166661
12014704,9703134
14576154,389922
10299265,959362
3854484,13502552
13794293,12974066
2899668,9307058
13455333,15633014
5410896,12779611
8855145,14456235
172107,1288706
818374,3129226
42718,14893131
2936755,11970632
14278979,8896138
11854066,14857934
16471749,8592165
9077791,3767050
2833447,13361363
1696178,12411593
11838604,2138513
3811469,15536106
6210404,13370233
7681957,6566295
1813145,2451092
16664508,8250273
11074173,5159718
16702269,2765828
10695013,15069551
3180290,7856975
12268893,4686811
14598501,7074165
10998880,5385720
16505339,7384830
15477765,14732226
9736074,16104479
10727794,6254056
9881474,15775097
6370430,3175603
6495726,11228612
11229134,9640258
7887107,4601308
1621281,9881898
12050797,10776154
14495763,13986930
16427343,1286826
5439433,8433990
13637974,7750614
9631525,11245019
4296033,3453222
12177031,8731258
11065073,8363629
7737668,4259607
11385239,15869998
12747030,3782431
1693178,427764
929535,12225588
7344414,10481623
11198169,12948932
4095008,13057920
11586269,927684
4072372,9053704
16604504,16524465
16077966,14250276
6907114,6702299
10419625,12859080
9113372,8992680
14598036,15793229
15459172,2792007
1419069,705725
11058447,9606243
14559486,5402627
8920469,11308595
9171421,5207962
4681929,10960605
1089671,4031695
11044852,5624463
7248925,11982838
11941861,2201256
12786420,16716334
11078942,11628094
1173761,15579764
4737414,7544027
4217625,16722738
3491690,7926463
13558032,5351470
9669611,3943415
13692230,12111547
3215406,1681642
15087301,5088158
11542835,10729201
647854,6691645
4548463,11161432
11146411,6035427
12839617,9863214
11242987,716067
8039702,4253538
13932887,6681430
7352590,5637363
8858384,2465767
5368106,9018486
10132234,13435729
8931186,14513882
3012835,7008217
9916252,2123243
3136872,6525380
12614030,1736055
1871942,4159556
1839031,15956171
820248,8728015
5250623,11654609
12058173,13599885
4232494,9873818
10880850,13739079
16177352,14130921
2727711,10738808
4284638,9687746
16105949,11069903
5692011,3850788
5473712,1339174
2472457,609646
11411899,11713923
4651770,11984717
8398193,12427574
15287671,12882322
6779772,7272420
6963430,9258572
12123519,11426153
13504386,15238810
15702930,1458444
11414192,6041614
12096095,5874808
5239080,1362691
1410402,5204455
6171709,1582850
1591802,12712145
4515423,6687588
3887786,571996
7240809,7256288
2010667,8125150
8473241,3900575
4178566,335612
7689897,8156755
6039088,9520961
12965042,10188692
16608302,13229211
4380924,5826934
8005118,3113659
489804,13764778
14656276,3133293
14322870,6961217
428891,620461
7819307,13374960
5564717,9595034
7292066,10267571
7134703,13320227
10549338,4740712
6494717,14761118
9276116,12059737
13685836,3112820
10034366,12059002
8074717,7731684
10491545,12738001
3966747,2156746
13768241,3528914
9944142,11796759
15133832,16360385
6980831,9816827
6729137,10991141
1841448,4805600
14091219,14828541
13499440,8789994
2137894,16723853
4384067,2253664
1991277,12472504
10966693,7737657
2256136,6633833
1321436,7623330
6230566,10098127
4875986,16151073
13416704,16090563
12808719,3549919
990981,5725691
10297018,15121269
2478893,9677388
3607015,10472461
5598830,878841
6129142,9960790
6210877,5884214
13622501,939769
14994762,7093565
12793665,933173
13430611,12299612
15200585,2453167
1644779,2887715
12054269,11529603
7665033,8128272
8957,14291932
112117,3021281
15530894,5267792
9857904,2956358
7435666,11754514
8555741,192851
12678307,2835547
13248317,4855643
11252804,11574628
7382190,1560014
16661260,6345426
8640881,13090814
2516461,14386068
13846038,361168
12687029,4558007
9423126,5730608
10859096,461894
1215114,3806462
8065013,13383742
12813915,16626255
5110355,91468
9175960,3298419
8751602,4205366
3687576,8113312
3895652,1916369
2497978,11244532
7847281,10318489
9988129,16512648
10367834,16487811
8243385,14986873
10863678,3921338
12067070,15283214
16162144,2891018
15948067,14917941
964387,10604758
3441106,16430539
12148876,5445359
7211988,6277518
15237501,9010055
14992380,3933798
12297230,1581364
3560531,6472564
3943599,10917816
15396440,7168797
3640171,5759293
3435449,5460549
3268813,2637674
14955009,4414527
4583833,4844289
12723196,8549223
10567560,8910480
9279757,4737778
9999805,12939661
13848056,14648556
4411996,15549323
4505644,14251610
8990091,12880379
4807844,6306585
6265448,2328840
8375959,14538088
8030371,4509906
2100227,7443826
7020495,14204182
1924986,1080932
6207854,9992848
8419114,12729701
13997543,16397383
1513055,9211473
2082626,11732001
8518213,5723873
7466010,13921514
4578976,11213176
4925384,15269931
65648,12265473
10175722,1769538
2434179,9964174
7406878,9380585
12123903,14086538
4309241,4448508
6653584,13643941
13778192,12460460
11063351,10729421
971096,7813021
8682175,13685802
3007984,4784049
3508661,15842048
12741954,12648084
11562030,14222800
6547248,12659106
7780983,8566128
14349543,7431181
3322687,8843505
1687686,15313958
1030285,7543079
11621048,10267576
10731495,8983077
7260108,12376176
13601757,11322465
7208869,16724296
14631476,5487006
14696919,8787144
1874651,16332148
11686872,16123964
866799,7224902
5516593,15193232
5683636,7988936
738126,12776848
9535545,6676970
2485054,2181983
8864902,2809779
9912497,8062001
11924693,6161408
11195252,10667508
6538774,3613793
12337655,6787938
2688185,8322525
3653093,4747651
16179566,5273676
5265016,12246979
319334,8944918
1418594,9125600
8731786,16026541
1474483,4739814
7238455,2572895
2634798,8000506
46297,14879290
8279189,15987802
4877205,3600753
13226132,14449894
15623272,4957336
13063572,1157535
10120546,3707707
6228041,13159658
8429410,14364497
1647169,10287299
6986996,14897275
14494560,7406825
1352991,900582
2459130,2188082
10067768,8836758
14559132,10752657
55723,784085
10199344,5359279
11098609,1099755
10403361,9686154
6657105,15388952
5652839,9803330
429810,8687310
6538441,1529946
2649756,16412425
8331525,9260987
4315866,16134257
15704155,2182157
14287821,10890567
2079934,224848
6231667,3827061
13893336,11500881
1437355,7345052
6297194,398491
4805241,8719941
15756145,13971981
12064412,292927
1625551,15263511
4893474,14878779
672380,8217001
16019263,9982689
2023108,14562214
7750615,15542669
14949706,2133818
12320298,6839465
11651145,6430232
11166059,5676418
821138,536218
6199595,9741527
7230835,12906391
3216538,14884254
12836314,2312767
3016576,3491680
15819187,7670628
13377982,3638535
7901533,4523873
3568487,3758534
10711192,9341386
8146320,539270
3870460,7483479
6316307,16058468
91640,3815078
16077642,5032232
3783757,199334
11860788,8472469
3962997,11731873
16314485,13577121
16397518,11041682
14834824,13303592
15244460,11934383
9083026,10098880
13399427,5508991
10584267,5144056
9982709,15354859
7688674,7042318
6002738,15688452
4724523,7881455
15675730,12346794
15457606,3223778
3230093,12827749
331881,4936935
7082358,8425523
11849164,8521872
11106284,2596299
10259337,10292505
3233418,16298288
12754502,15866147
14590007,10892608
2861466,8480278
13175410,12669925
2201299,16054978
7542857,15278833
8796563,13384837
15629921,5444499
15345765,15668057
5863932,13714600
6289271,5829436
8886915,15025913
8508402,2020036
2850102,5039552
4493155,3437109
14822137,8358310
10606208,8806023
2096760,1933334
11685478,5808851
8492788,11332657
9751795,3798888
3740168,3821414
14176738,7465375
4355908,7033856
13984696,4674519
9024297,16339146
1787095,4543741
13088961,15410675
3289237,9237555
8125249,11265796
4551181,3012060
1845077,6390394
7158563,16212610
10952345,9765492
3243361,16021172
11272092,5026562
13827138,2217262
2195840,15716517
3129302,13762752
2137361,16733848
3677524,11712742
6218091,16506806
8589315,884868
8049245,15593758
13553289,6946131
13145039,6435078
13299374,5761210
7331054,611030
9728480,9585361
8572529,15821158
6248564,15093686
3516009,11239772
7175919,2489117
2890288,7596581
3928144,12958729
11422333,5984186
2235862,3222732
13833112,7569049
3200449,8476511
9959134,12712422
5594316,3531790
11515321,6415713
9712505,4307726
3187743,8696776
8605626,4570982
1728387,9892245
10538489,2704799
4589652,11214961
873708,7598918
10074695,10310830
8946992,2037012
13400184,755988
13468206,6705233
6702515,3115457
6991045,12999529
517992,15968841
15283935,7519273
14397150,13861803
6881810,1684214
14155419,177989
11302904,812984
5718027,15081624
531360,2663845
16366736,15350589
15411215,3462144
8901567,12597935
10595855,1695047
1022994,15824969
7683636,16090411
4313067,6268614
7846708,878760
4925784,13159965
15623836,12891489
7553671,12533922
6622480,5285733
11074954,5525003
13471955,4024361
8915407,14461684
7659374,15362742
3539687,51706
4326480,2833496
14810111,10836996
14027625,16430156
10427831,13255675
11784788,11541000
4938521,12647045
57999,14104682
4814399,9582166
16543920,2657174
3000718,14283529
11386634,5363994
8149539,16019664
13368426,759381
4626103,5239390
1188691,5134039
13278585,16278407
12138520,1332156
6041982,9073556
7394797,8897901
6115883,7954300
4295403,12437706
1495073,7882289
12285799,3231163
14788584,2687851
4888003,9677399
12823950,5207928
7561881,6748601
2607631,8151841
3686983,13690939
6934037,11047938
341330,4639251
375741,5608823
11213156,11576795
5320645,1077931
8231238,9407871
9019421,11176395
5641958,9717227
5652469,2568509
2481260,3859450
16297334,12743098
9382195,11555427
12888529,7374619
7744128,7860686
4982031,1833695
4143540,10665603
8300761,1267666
11942291,9982210
14007137,9706511
14597234,14266137
2497164,11103696
4604587,10780739
8039839,1044929
15950960,4023763
5427465,12583358
10090301,15278049
3671081,3867946
13091588,9800038
479,16208572
4367674,4656410
16537195,16028348
14546413,2725507
1164554,1782375
4899300,7925532
15634730,11828053
15455452,7257183
10620360,5657446
16584464,1092839
6161331,3057178
11975245,15341425
11349075,3425116
10138103,14013805
16627523,8717823
6348525,11079208
11895580,16339396
1470918,8199044
7861773,8853980
14770652,5075731
6213346,3587032
16656307,7642811
5958906,2484451
2503890,10976484
16568891,6872210
3996712,14287384
16356034,12268886
1041825,977834
2238699,14518151
10589879,11536513
3366845,12117801
11586046,10731757
13705895,11076468
6131850,1350009
196978,12932640
12195523,1587838
16646923,567012
5376772,11863926
7025668,14631712
9351093,4907889
4161097,15945981
6893792,1074157
1923268,15311857
12036009,12647165
9106365,2831214
15932635,912786
6427844,5719590
16579421,12653999
14920778,5714188
12122221,12919215
7932044,15485290
5075945,8871331
11175533,6897486
9777261,12183633
2707748,14975261
10540195,14095493
10213660,14927842
12623945,15776986
5511097,3433811
5978128,6438939
4561120,5907604
3418535,13516643
12896854,5376397
10259829,13432403
8462398,13541220
7720752,8144756
16740114,1467010
15654792,5270701
4229432,11848911
2871405,10867628
4465075,14634265
13642650,8723405
5986867,11567012
14284741,8632142
13133900,8231951
5691371,14193309
9021682,12923397
4887172,5915772
14835099,317629
13039899,11118559
11637064,6034394
14043913,3208718
8067892,5994147
9434533,15208781
3954888,11808200
2711712,2453958
12784439,15570588
15237892,15548743
7863396,7942085
12122214,8368289
3256170,15428
16484622,10612067
477224,12871112
4614513,4167354
15208764,7986989
1453261,1379137
1245342,3683907
2803318,5590320
6541981,7148278
4729499,2193821
458933,7700073
8755353,3931353
13455357,2924005
6899026,4134837
4584767,2130750
9197452,103090
16556584,5211497
5109734,10625647
9562320,4022882
10691096,2325617
12900344,12365564
11628821,16005490
11732456,241618
15322396,1888892
7434828,6411475
15617712,10390892
8352424,15648250
13411039,11425036
7395524,14632353
15990818,10335898
12290843,14943855
11170299,9902450
10907527,1110868
6613580,9224166
9548921,6302938
7018448,10715897
10256435,12164417
11100304,1049448
6159371,5939441
86149,16436103
11998658,1090616
10236522,12359143
15994311,13980
12032876,12596412
13078057,208211
15497627,10733440
6878186,6811366
9093475,3887863
14692831,4861787
1430237,10536306
13001584,14771573
2912096,12622742
6799569,4664554
3932092,12670510
6653920,6171704
14901424,1848109
15784076,15414924
12109492,13176484
15477660,2140544
6999879,16679
1460697,4992209
1736149,7056891
5224659,8021772
2750759,15374495
11972655,5772443
5177514,6976235
12339918,15863186
4484243,10938621
4700536,10748673
16255288,15165112
12450751,14517939
3974987,9501760
13051597,15797790
2481180,2046874
11354525,3181087
14963165,8123465
545039,10908828
15561680,6940504
14485272,13476516
15463176,10155873
16217367,8093482
2818255,14793335
5798041,8085802
1233266,5389799
11328874,4646752
6727908,4729458
14941332,9457783
609317,1193353
5581697,12756187
7471334,7308329
15848438,12676627
8942896,5471238
4733103,2861308
12990803,14655525
16046208,5511158
872697,8179725
8610817,9460331
6309111,10896206
1508620,10219654
4941197,2450920
15090277,8956561
2216973,5735930
301411,947468
11327823,16197563
1597181,5507121
3630388,9483877
13181938,15736309
7330960,2236130
2562557,11833581
15319324,4491256
3887555,1800194
15398553,1145423
3939901,15579681
2733869,2608658
4256666,15040761
6804638,5314759
12026392,13725361
16596298,11567347
4105422,8175528
16018558,11624352
2939021,11570180
1634423,2953236
13116240,14080513
8251078,12313009
11367967,10535705
11117216,9786678
7934577,12301601
2718950,14498698
12116907,13093982
4304287,10312825
11322223,3965237
10854446,7961019
3687434,12184179
15484520,12869422
12109512,11922948
16795705,13345285
4210108,9323
2955979,9719707
15441723,3688751
7982068,6637815
13251657,10168266
11797986,11248297
10590413,11452927
15468413,15698592
3686564,15121438
12175334,9808747
5972653,14358008
11021270,13060808
9672140,12310284
1039859,8536228
16691309,4524146
5832709,4463582
3461942,7388924
7735955,11245811
1201750,5710
12687127,13306998
6114823,7688317
12271775,12069901
10178657,13578132
12875737,2879119
12671269,6293152
452820,9139075
9053388,3596563
6309669,11693179
5005239,10870750
5926342,6414452
1294255,4571724
5144528,1724196
6248338,8385271
14339160,14084414
5476168,7721645
6248484,6450207
8482490,5429510
13054725,13081130
1738067,4556860
7414435,15266056
11892240,986647
4968735,14167559
6649106,10158875
12586018,16138116
11145927,3320814
7057885,15684755
6598410,4522170
11064084,14341002
7726163,11651632
11716919,5374870
4000190,15815363
11754415,15893901
53896,13768737
16535376,14091873
13456093,11413021
4620615,5885272
11784494,12910945
10724538,7298468
12555672,3014317
10766088,8285585
15138251,9380449
15269431,11388858
10225881,15640142
6221648,15839287
8217376,8983424
6195727,8462705
11748772,8305719
5136917,9455723
2861061,11999165
7026665,14338039
13647869,5599452
3707620,9996506
8997468,5726040
9128916,5692599
1114943,11237540
1693969,3473808
1593336,12884703
3549202,2904781
6418500,15601127
14956819,16540137
9006542,14137677
9766736,7425425
11236735,13446552
5686098,13417281
7148449,5841062
13242949,14660149
13357470,6460239
3658957,14783793
2520921,4859694
5114032,14071547
15915944,10969393
12733370,2956084
2128172,6473069
8837490,10243257
3360024,13380860
2778056,11097838
9644108,11108378
13854022,16048806
8948161,5169004
6402250,4605123
6780631,14701130
5734526,14506126
2149372,16036046
15289494,14538449
8639406,1079901
16159249,10739623
1945839,1743062
15140478,14352810
4964376,1586058
13581207,6626823
12278756,15113248
6643145,12318924
2055469,8129628
14254775,9221672
6554691,7262011
5237534,12555052
146806,5933448
5655766,5039718
4640688,7032777
11994001,9459320
3556494,11436897
10552409,3805444
5417583,9405911
8662514,9514525
9341663,8699547
131315,3886305
11176865,8981768
12247002,6757654
3226163,16297119
15712526,9697177
5664151,11883116
7331384,5952063
8893957,16618765
14338330,6376850
14621247,2223812
14881722,4788212
11837892,13965989
3209874,1703286
326426,191530
951949,7075912
3653573,296104
8025134,8751050
1277853,12489703
3009833,15511809
8064679,405928
9718378,9256863
2849710,3609666
1744161,13512265
6178302,12458671
5998782,12902723
8064572,5255242
15507722,14205273
4108988,1550618
929354,13326733
8918371,10759090
10369050,15426790
4365842,3763002
12600926,10186890
10763789,9925640
393640,6670280
10027466,14255507
6244064,1361617
8114888,3236904
5740433,12092896
9710594,12808570
10576424,4809583
12119316,15029651
7512102,13832897
8554729,903532
4257266,5878793
16465608,16086536
15754135,13718947
5637788,6708722
9367351,11113815
6510716,5970269
14044962,2780389
7974573,3791414
8078502,15820387
10025017,2577112
120631,8744452
5681084,5451434
16534754,10399000
14881319,2928583
6167975,3002000
12860865,14524433
2446018,15467161
11151973,1990388
10101456,6968967
864356,14648083
8124777,1561106
14333196,4216475
11211487,6656921
14252553,642185
10029705,9014485
5658158,4565746
14568249,10720623
15525728,886906
12971621,16659955
9544638,12818699
4624287,12529303
5068203,4072675
11668633,16439102
5927200,15039101
14337041,14294058
10299853,2274593
3374124,11958048
13427771,518340
4013548,743897
4655906,10538510
10581373,4374698
15939098,1013651
7860563,7923677
4289228,890081
2276405,10997065
4075073,3585849
10440821,12547854
1193805,2617997
13584754,7511945
9698700,10152446
3713612,2827778
16742141,12892380
7340117,7192907
6930448,12860851
8297759,10011553
1326968,6341579
14674682,6097439
265255,13905116
6814996,7814166
3642044,3742566
445317,16425205
2504526,5774986
15713811,318512
9212841,905468
10950074,14365365
6897271,15164303
1065396,2908614
1901288,11587220
13617386,4789588
15689214,14949308
8526893,15615121
2406612,12211830
3628362,452977
8328320,3647120
14572874,14984703
7248966,13104640
1440760,11719802
4118878,11283449
8981577,3479567
417131,5996555
10534923,4310092
1560080,1362301
3514423,10979044
5885288,12174736
13806530,15847812
4785299,10261755
14030989,1197642
12432131,9858400
14661971,11965044
5485594,1794589
11729465,4648192
12390581,12120420
889729,13445497
14915375,15295839
4612808,1598286
14400190,8875258
6686562,6708105
3983069,1219161
5441588,1250155
8954395,16645367
4666903,9915654
16062675,13672055
13048456,581310
10267708,4221519
4985062,5056627
468418,5880752
16286353,13113556
12448375,3233150
12923216,1583134
6160006,6983520
14583249,10253126
4522620,10005954
14983984,538028
9243222,11964749
2383958,9611233
7494996,283632
16638130,7005012
5101578,6108864
9568555,11536617
15374824,1102992
14534356,5483968
14209769,4456238
5801050,9186903
10388606,3023808
10692668,12040556
5685171,6386061
179289,14197892
15507162,1736935
1146657,9149618
13624915,16013922
1857768,8670152
671934,862545
16638286,9706375
5438875,6300184
6353344,10924385
5690943,14709139
5804588,5333794
10531948,7502599
6939984,16006569
3919791,12098726
14260238,13357787
15649640,15653382
11692554,12245878
10610421,8800749
6671029,10254096
13263104,3451716
12684818,13391674
15541675,8121611
6322694,9642815
7256109,5284266
8112636,14478958
13203745,16718942
3280378,3089086
5265765,14880336
5154723,12439012
6169522,4097094
16184301,13051024
12662139,4768923
10026897,8709885
1163539,4980148
15188558,4724800
11445482,2937669
9228191,3902841
9340062,752807
15041150,10163291
8506678,7776913
787420,3308592
9803178,6765373
5338837,15702593
9847842,3669813
2807106,1797460
11113752,4935516
1750814,16317129
4616955,3020552
3140101,13961904
3928170,3652809
7660592,9216234
4244686,2896090
9028086,5074770
231790,3545978
6458537,6908621
15615823,14522551
15216997,14780674
16435530,981149
9099493,9635865
7411727,9300591
7158264,10913175
16058867,7946817
14466133,6301749
2030305,7727309
12828443,10810643
11151515,13503562
1886651,13375647
4983432,5349263
16327255,12077516
12227659,7059998
2983731,4706118
4804247,9722909
5795605,15022819
15708930,8615587
14252340,4310533
3651754,5117305
1797916,3801480
10048018,2317359
8916423,15817133
10793427,7907858
3740779,5919703
15081397,4601728
773331,7275839
13422945,9100758
8861384,14089082
15441058,10597481
8480911,4807524
5163460,9598534
2939534,15875831
15219001,13446881
15350189,2274509
15830170,7018083
1315703,6862643
11277315,3326458
3298853,13573269
9241822,9795090
4176223,14371661
6876253,12143939
8577551,6501784
535500,11841402
4147522,6385230
8109667,14343579
14816671,1112108
5173679,16004250
15090681,11571318
2238599,4084216
10141994,8995841
2083855,10477678
9936537,11219810
3759027,13465993
16131289,7917080
10933777,963363
5584610,4722450
11058330,8046338
14981638,3759638
9954472,9171892
1973336,7805291
484236,557359
1360884,9909942
1097566,7903960
12191110,7126258
8666548,14413243
13867150,7808015
6201631,4700148
12214173,11100907
11988083,6492555
10825712,1675480
5416976,15644246
8511668,11847627
12377478,13906300
4721227,5615448
16291936,1050964
12547132,2226184
16228415,14520005
9049282,11428496
3730301,10200365
11534854,10834878
2512478,11665016
7515595,930754
2032084,8645078
15496050,6903964
14265027,14700721
15437537,16041812
9647985,14779243
6375577,100307
7407685,1295276
3032088,3837912
11847400,10685293
10268776,12862856
2701751,10536126
8869687,15380429
6109207,9518750
2253356,11697992
11289602,1497278
5456313,7616296
13736544,2820363
10526764,13855855
16240866,358920
8831682,16540830
228440,12342736
7759110,7052037
8246510,14017140
13968915,2388009
9325102,9293022
6941751,1345185
16567051,5972385
2607848,584366
14488095,10411173
15292365,5917367
13416337,2143540
12211501,8063624
14498926,4261953
13722467,1921617
11917695,12358968
8504028,14953322
3071271,8702065
8990385,2587225
10645195,15220551
10879951,6774113
1863773,3220124
2656153,3175547
4286636,11058774
4492284,5341462
6612295,3390933
12814397,15935763
12020366,8118120
14878182,8360883
1965578,6359684
3989583,10529338
13626330,5841071
11489666,6120742
3315402,4136905
11293215,9022101
3929704,5921866
9130939,7120791
10249596,16026489
2757393,13687754
5734786,1001434
12674321,7688797
95878,16684517
2014547,8178834
5699263,2873032
1186996,14450199
2244225,2592676
10532952,3060007
8475452,16452496
2509597,5485856
8913039,8816651
11311665,5693772
15120712,9337796
8770111,12622993
1905368,4957609
15142806,11526627
1420095,829812
6601651,4088706
10267516,11323580
11066520,1023090
14628764,7053106
1293935,16239989
9918995,4822024
1448633,13820483
2569613,16417735
5613304,2082768
13063600,8568114
8139768,1939636
6722069,9631098
5625317,749613
3590272,8722509
15614834,13622845
2171269,10115618
11591613,16575730
10593559,7531936
11896874,12148325
11278273,1012418
1641353,8505407
13774271,12042739
5471132,16215292
236109,5510937
11913860,6095619
14217077,3680897
10749997,12971285
921019,1062728
750339,522373
1624013,7230391
13690794,4178143
1834050,2655421
3442812,5608266
14712560,10959540
15138754,668557
714251,15597102
16567432,12471151
13860054,14917188
7383796,3969856
4617279,10768211
8221295,3770224
3362874,12630795
5559315,9513638
6941612,5655797
14493894,11698590
6342822,189304
8523912,12528239
10150616,3757535
7211567,8598299
7198986,6577750
13752666,9171972
5916312,14465017
9090342,7883375
11511116,11746392
14313510,13062173
15362411,1734809
12911887,5301849
10554308,7005599
4235865,9223571
9918172,14807704
5000355,3034883
12113972,12195103
2985187,1285838
1788873,10109119
6142844,8369242
10575072,2983130
143845,16115930
9723731,4773344
14417380,3700398
8106949,11145683
14667131,4028972
6607393,2043683
10569270,1232032
14417575,5909333
14504546,12694324
13453007,2930519
3576899,15948105
12132323,4267520
6679590,11450322
7011763,7804518
12021951,5855190
7091079,10584351
3109565,120447
1906528,100958
15791214,13193013
5507058,11701732
16298924,13968134
2108153,2255076
743332,1000010
10503499,8341116
13839635,3976159
1361052,8491767
11438459,13119275
8757841,4760635
13191562,1238615
5217276,13895743
15604491,14583562
5833129,4591744
12065880,1131150
769814,3862122
16358345,11563936
11059177,3816265
13414149,15638597
8164142,7485919
7738930,14988692
2489816,4759650
3138928,1874936
16767194,7153767
717149,10485505
1884154,6861625
3677173,15520515
11798377,14850283
7683186,10835907
14231020,1311712
9678993,15120531
4671974,4990947
12056863,6754443
3563402,8092949
14176004,2186084
13636389,7750534
13190461,11625149
950488,9705045
2258890,69575
11217364,10767513
15957466,11857876
15138577,4258837
14883264,4121749
5887806,7227807
15744736,13860912
8690576,12087548
1468205,5532520
9722045,15156292
8117107,2111846
2469032,5238535
10817280,5283674
700045,10201000
2486041,2216338
4597770,15590292
16361419,13042800
13670417,10597747
4803389,14109194
13677815,10629487
11155773,12191940
10364631,716853
2455880,8534018
12317057,6588261
3498461,1817997
6092567,13438959
8366392,11018900
14004191,7825868
2783861,10651690
12595521,3683648
7257573,7766224
9689085,4823951
15169729,6645492
15149131,2287400
9721942,3360594
10945289,925154
3651672,10771403
8063954,12399386
9491895,16711752
3608366,4380075
2761280,14352940
6606408,15056640
432734,9061409
930179,14031603
7182388,885397
15073933,1900888
553333,5161582
15104374,16123879
7448468,6461362
7780039,15013321
4686186,10561642
9059618,10839291
3928071,12223723
966490,12736429
10127387,4639781
10662349,7868347
5378339,15324771
2483062,1007428
8500613,7072445
11657740,9380517
9425727,10811831
13091972,12770979
4738823,15027089
3107160,9832337
9954864,13214251
3685420,10742751
15681803,8531515
15489621,10734224
6710588,13116640
8191411,10882165
13399037,6581121
13024907,8729598
10142909,15094453
16492198,9084791
3296043,7810487
16682754,9343412
1181531,15623464
369464,12835318
1903288,11785945
7300085,5554458
14869277,13989346
14951114,13037610
7523073,2224999
12402859,3922860
12375323,15203748
10093725,14273983
16010009,14234829
1078651,16310570
15232244,8108140
7072788,15863436
15430629,2610421
8543898,5653952
8706803,531266
480198,3668680
12523812,12409189
15160633,4542735
4628078,15076276
10825389,8395125
9406873,12512637
4055069,845817
5876130,2866934
8698300,4201415
13360525,5339796
13564011,5377183
14803783,5285271
13640962,177482
15083965,16518022
5539510,8703788
8234646,8072605
549076,3869953
10473422,11549642
11913525,4582298
8949359,15667888
4732072,60025
9304610,6532292
1011293,16461627
13167884,135114
424291,834412
1740832,12431449
12076587,7021302
11262782,2152590
3990264,476785
14822460,9210951
505628,12855481
1797210,4107260
2074437,8681848
795345,8008319
16515841,2624902
2872130,7577124
811516,16092387
5770532,6956842
2455482,512623
4293697,12964064
10412518,12706862
10636913,504476
13224467,3503232
3756035,8769317
12090112,12289284
9742206,3379098
5402223,6650864
12735141,12682184
9652652,7605398
1840583,2705805
11655654,10983279
4250827,11716949
4639972,11518854
8281793,4257364
725080,6428192
16205359,11395936
5025943,704120
3946829,6558008
12923226,1038535
9298616,7085104
4517703,37991
4166588,15983274
1654732,15482015
3052453,8432801
10633157,10511935
16708715,3783959
7079582,12852385
16560944,128985
6841095,9439987
12842517,8405806
8743711,5646932
11165740,16051661
11525191,5416523
4283414,2341038
9602247,1181848
1328595,15020294
1077982,2689678
222491,7694348
7787758,14128329
12708559,4259414
16357629,16661666
14163195,3783882
3610554,2334900
10855088,9633642
7372069,1858610
3001079,778411
16142845,8370558
3342460,8821020
14688104,8636302
3025103,7644484
5516921,3209054
4027252,3888955
9309122,8160510
5744355,12422171
15135948,5327413
5123523,296626
12823043,1924201
4052017,12034459
12074923,12226130
2424185,8512379
6850107,7809877
16650380,3609654
143114,9839825
5540793,14975082
8418596,15334384
10908174,13603594
9325880,6844892
8830360,7723087
717632,6711512
49837,8728554
9886981,15470181
11780319,10907228
848054,15678343
2253125,1002937
9837237,13962117
396454,14342590
12310969,6832860
16664967,1298242
15332749,6562426
4731911,1048097
7926192,16155823
7322414,3783134
6014721,9172195
6654550,2363971
5998376,3160620
1895253,1435437
12110049,13033504
12496311,15657992
5730988,8244304
1895208,7701297
11624242,7150728
9361422,16013003
2116821,13131572
10315790,11649207
16361835,11910176
13524327,16592992
14129140,6346496
2045173,1923180
9379850,10333145
16373744,2972779
7815632,15008914
9047703,10222282
15751868,12365043
13532239,12974916
12428718,2780645
4875607,1805271
5521801,12408419
5426126,2584460
1743058,9325126
15916904,562877
693824,4786805
12658857,555770
5703960,15673783
15198363,7149518
13030292,1576581
13169199,14461311
11927497,3593248
10052435,11103159
16772414,16231874
6884173,12901362
5737181,1486070
14222965,14316860
7920829,12834898
14726083,7295670
9499136,12075118
12088984,13240468
5400628,7018297
6717996,1060064
3215366,4073527
6542931,6117470
10396137,343570
8311922,3461104
4824102,16482065
9251528,7525955
584393,15366487
16446636,7570593
10252156,12552179
14912051,16408557
13299957,9007372
6370700,5172925
16178120,8686803
6423306,6020962
2317276,6304275
3544354,212410
14011233,7476624
3786449,13582948
5784317,2914743
14626567,15822192
518925,14410336
15887514,15821741
3576772,2236262
1724982,1300259
14992633,4804452
8187642,13973110
3368290,7217439
13729304,14457898
13257368,8915104
6519559,5491461
13015872,6451054
6269741,2174163
14804398,6261491
16117205,2183320
14772445,545029
9116175,6988924
1045728,43864
1558540,200789
8018167,4602364
11627345,1688766
10186279,141576
934819,7375418
13317210,10533969
2428935,7648290
12448769,544634
8452083,2242628
13830253,7611874
301389,4753199
16597287,13223158
10469655,1174323
16635166,9852649
5360487,1483548
9317254,7885253
13594960,10515192
1680521,14637806
16270597,15884844
16508969,16619534
13871299,11044790
11872762,5839410
5916796,4693894
7967043,8908465
8915448,6636796
14660732,10364501
11299454,6345309
7286140,643921
3460991,880637
11772650,9934097
15721814,286779
8327588,10910396
4429794,13361134
13459713,11312047
3249771,13804694
3190563,11804145
12759000,1463853
8174533,12192277
3317796,10023938
10641086,9780851
996464,4221786
14078000,6255055
12869682,13067444
14996596,1370203
7494891,15407989
3271547,13699290
1914213,3918290
12575678,985757
2953289,15200516
4013755,13010444
9958966,4708847
8590979,5456677
6052082,13717126
3480356,6549258
13773044,10494933
1801551,4107950
13449829,8627179
6553798,9762127
9081789,15670305
7149406,12629631
11082787,1020677
13875616,16374524
7604367,1212504
12763473,14252031
13601310,15994534
13283262,15559762
9085647,7404711
8598601,10119257
12936157,14654521
6562287,8678455
5524987,10935090
7045437,7703864
13540875,6665938
15878020,4469261
2940851,14069793
9498911,15538183
11026219,4098311
8962021,14615720
1811775,15679298
10622061,16448458
12334620,15257896
15959897,3251885
16232975,9603603
11763732,292376
16312038,6247490
2563686,1021692
3039004,12746371
8391311,1920050
1017796,7490032
16200006,4648007
16740019,7522681
14541410,12113683
12536711,11220388
16238645,7042404
4828534,5851618
529848,6586267
536390,15790635
5487674,9338225
8099480,8048743
4376418,14671981
3473239,9099803
4546882,2989456
14534452,4865371
15392794,8731409
7228226,7599537
11147001,14019496
1280380,6628226
13659806,3954457
13651354,2261147
16250711,3009331
16277827,15865218
7209743,6432748
14676948,6432612
7095453,14596396
760104,16793138
9703472,11859494
13716454,5622551
1263332,10548436
11807006,10546793
6566834,9429988
10229231,13712347
7598000,12913738
1097514,2940451
9954763,13878078
7448447,3628539
2596862,2170781
1070583,6947824
11861900,14074391
7659944,7972502
15598134,7893566
13211365,8189106
6776200,5620372
15601300,13358574
11785988,2689632
3116798,6384539
4186074,10713486
7702897,8336921
4844123,9428620
12553775,11138184
15247574,10562088
5174792,4556227
11772630,15403652
14848479,12879117
6267802,15988143
2358127,14700248
12351277,6481216
2704086,15892547
15610716,10035484
10323891,8953523
6138244,13584926
6358900,6646351
4491967,5857229
5573528,11962171
1676245,706083
1512745,7319765
1155438,997924
12635076,14912564
12443808,4914709
15894261,5948452
15601439,13034284
11136132,16655801
5923263,2499284
3596957,10664774
10985629,13561770
12101643,4245215
14124692,16051998
80857,1762427
4444412,12565843
15645872,6621107
3213545,10950468
2374748,1883007
10973153,13757102
5259421,16024789
16586609,5096568
15405689,1399464
3476714,242192
645366,10887068
7770134,11284511
7031538,12108285
2099359,674599
7918765,9955354
5933493,7144012
217276,10153813
2567453,10454616
3478597,9692105
13409550,348809
10093949,14346852
12077394,6745500
1557176,14388962
9960547,9450178
9607631,6687516
13707839,9851586
8092544,8919068
11395698,5335846
10191888,3079373
7646527,6479833
14365471,6041133
7517132,8460572
7513361,11974273
10257558,1411513
9129697,4930215
10889122,14479810
4335749,14354058
3071853,5326297
2001695,7134117
572681,15523629
7766529,10076962
4822882,10928748
7465363,375556
1316935,8652405
12443219,5012970
3007958,4898422
6329157,9397184
11069494,9315107
7896850,8010807
5979861,11024317
3046724,14517503
11624982,9265867
5941794,16469109
6090665,6457898
4447450,11326516
6786167,14643605
286049,12452967
11856237,16725096
9280999,16490466
14064485,2781128
57491,16375449
12851536,8126697
15164451,2251963
6029347,7463802
5736062,4538105
7156489,11178250
9935134,3621991
45812,12944242
5642648,8033580
11664407,8823849
15843195,11841224
14153901,15471562
11075757,11174426
1313198,1918489
3320825,16561746
8408135,593089
4875688,11964353
2531199,11722083
9161426,9748719
4418061,2154398
11300684,4607861
3669628,6301174
6995538,4888953
2684597,13313062
12985644,2602334
8111641,11470094
12681724,9924266
14749245,7055501
639074,92154
10312910,4979224
1892843,12915902
16139420,2490953
12741755,6860142
16200282,8161786
4478520,148513
1467958,9659385
5482927,6294542
10831096,40699
13163197,9308497
4047144,5236176
3433008,1997560
10105195,8848701
6304010,1175931
16571418,2093481
11181316,7737120
424180,601533
12043521,3996033
12914039,11793612
15425127,2895904
14614363,9346114
8876842,7194830
11661052,14651182
2989629,16063163
11589329,13208432
15863745,6868444
16711858,15347356
934898,423291
4677094,15090353
4735825,7758858
4374059,3060432
6287317,12337763
13548080,16418384
13181875,11980619
2361734,12389564
13220858,8384696
1423421,848230
15787077,3745449
7043191,8808225
1786166,12591223
12413763,5047306
1334655,8582935
11170152,3525551
15003048,6180455
10466908,1686128
2019823,5207901
16760463,9970365
12372684,11473722
15263329,11530202
6782610,5880427
12926957,16556523
11733617,16031808
7983372,1672758
2577857,717627
4923333,3782262
967903,584318
6049443,5187652
13506299,1237032
13928328,8895867
4104171,3319179
14558434,603903
10032557,7467399
9551666,3290044
9981364,3523114
1056437,4484533
13348500,830140
11404403,14400652
3041380,1823395
7185717,9954372
3344171,10001698
12754952,10970810
12574857,14347244
7743339,9048568
367850,2170171
13721985,154191
8843070,5934466
16514782,6241632
12060293,13345828
3825071,2763501
5738059,12640892
4466583,2380763
4873715,5456996
11409191,16622799
4768656,10659232
11369962,7214355
7657995,16297976
9485230,80593
12110493,3627779
14397843,14050072
8522783,11461440
2893983,12814541
12791824,13379496
7702260,16331427
5514970,5557084
10082567,3352971
205852,10325080
1375771,14710703
11777856,7803616
6846715,790556
8371114,142719
12747365,10927214
270108,11864485
9717581,3620537
16615427,12041176
7902202,9377380
8091582,11763871
12604577,3532325
4985983,2033101
13522002,304885
10606181,8133582
16393398,14798822
15646191,2494944
666879,7846671
6984067,2761143
5526738,8733454
12008373,13104526
11492048,7959404
13159787,2756646
8166138,11763243
5616197,12420391
6004322,2383944
3139416,1922383
1855461,15126551
6286764,402418
2674897,3990815
13506759,2628991
937468,16338178
5776300,11595081
13880386,3648197
15894156,15038198
9850401,16259527
11592097,6022635
8007879,15365386
7258513,9338166
3557745,16310920
5780557,2700075
4150195,970579
9277681,3749237
3225048,7406121
13503706,13572125
14895266,5082649
16769403,4576724
2142075,28359
16500209,8974406
7964011,10310966
10336382,744573
2475261,9836525
9048190,10399117
8359057,1984352
3253482,4370392
16090263,5575942
787763,16148992
15595326,2037817
12627015,10086404
12467300,4878487
4154989,4370349
2075185,14696047
13040509,12515467
7773914,16135696
3091331,3689994
823519,10790460
16408837,2322767
14061398,120263
9433337,12670474
11919678,7252499
13050215,14691927
8056684,15720850
10508400,10031437
8376873,7338509
4687885,1947015
5363520,2563655
12767366,9077860
2657690,4467747
9012122,4093826
304296,12377562
12688629,9518137
9833613,5516849
7561913,844618
2436684,13148235
13012185,4250504
1942675,10541022
10772695,14593604
4784418,6505622
779147,9621545
11010239,799228
14586754,6882839
15209494,12993704
2219961,11644889
9721109,11247334
5583375,3768670
11866953,14810903
10938100,15028655
15847631,11802556
9471469,4756904
7029221,14848457
2467147,443082
819140,14583552
4282079,13620198
5825121,8046787
5287899,14229879
8579269,6152286
1191412,3564120
15672057,11459497
8876307,16117296
5998888,4052866
14909510,2178091
12823536,8469146
7742665,16237011
9060546,7024705
60985,14013817
10722476,3132605
4432949,750350
5544641,15881467
7458528,7914819
11570551,7196024
9671746,3987874
8146587,801358
10373829,16625958
8838521,1833284
1177674,2819757
3913424,13160694
4659047,3283678
2460217,11427319
7066571,14147269
10352129,14512162
1122472,4878575
8515663,10693488
6430867,3946187
6279809,11012470
1203029,3326385
13012501,10425664
10493973,7368555
12387640,6627999
8197168,449924
10590005,9954276
8407250,5501289
6984813,4901207
9729474,7349963
15607358,1918895
13684026,16548125
10990637,9190322
5599581,8237698
7399150,7514735
1001441,3723940
10388384,1855882
6325611,4141856
12766967,4753244
11084917,7940349
8305549,9493274
8774184,15784929
11312522,13041645
3128131,10852212
10189433,11569247
14746181,8459473
3765708,11366385
2074717,718275
7176075,9781149
2914225,6361266
811114,4120164
7792377,9000736
14107144,5915655
4932866,4829750
14244630,7804383
7366823,16459981
58004,5218297
12651692,4550380
15568196,1957427
7617391,13113400
9591453,12738765
15589280,1766486
7438184,1178683
12874098,7944758
13691017,1303564
2583879,15795705
4720440,6395210
5573869,2989874
2261300,4814499
7542217,4558608
8340145,4548228
10548414,14782116
14287678,13217060
14706831,5329189
16019799,15870482
3458696,1499248
2797159,2296441
6118084,878852
8273841,16165340
13682530,6792728
5024568,14648421
16565324,1805638
6650306,2479293
12494565,15238196
12180511,13484337
15863246,8017076
10848544,6105157
7945403,8843048
14219534,14907851
11491501,16685081
7592003,14232179
5377738,16649279
9151546,8084355
7639887,5510973
1088035,3015001
1643963,5504479
7240148,10926454
5420679,4100820
16221400,321724
10144709,15052987
11329999,13020141
9277188,8506315
15336680,14548952
16602519,11603903
3245956,704216
11197176,2433411
4751144,13907815
10674484,13390716
13079975,13487702
1518968,8128026
1996663,442156
6937245,808765
11351267,3694684
8091462,1454929
5758154,6045488
8099004,3450174
14346517,13656546
13180041,7525682
7203710,9048301
8553607,353686
3352440,3720846
11275295,7987748
12303743,13292592
15298075,15265355
14738454,2872622
16343528,6293919
2745579,3320894
7377944,3208904
3903385,15197315
11248013,15713906
7322158,9059150
326374,15258314
12087191,3935481
9285444,5346087
3864947,1433898
14977483,12047039
16458653,6910437
12861332,15008356
9080447,1019337
5907270,7684102
6031298,16380428
715158,10433049
1415702,15144632
13306980,11835662
5443758,4062906
14325280,12823203
2722958,10984444
6894276,13263768
4106683,14703736
10760683,7109211
5880614,9441442
5805564,16495293
15866876,12967699
4826462,10001188
6233221,10867037
4577051,8583313
12800453,10465590
1621903,10758874
3967347,7084800
9372869,7147049
8412132,5054029
13573552,13144214
8795212,2259048
6859527,14352081
3293349,14933811
26073,9695109
9691313,12336092
15271259,2490121
2185639,13222248
8830717,3771923
8350579,4160441
120921,4995942
8549324,7302099
7328643,4017679
12274415,12497656
10504695,6663313
5003235,4663769
14858262,9233172
9283655,5072952
15771339,12981273
5260124,6261856
5027142,13449757
13466723,16587136
9361181,7572073
12957847,4730393
15437337,4397713
11895943,16048544
4911233,2080095
8957780,1551197
13631864,400524
9513721,5957467
7770774,10269412
11706900,7834243
12106176,13245381
10716578,7433456
6579823,16628578
8313378,8689590
4362947,16531131
7182467,3669223
11634875,13908554
4058299,14241718
4688636,12818493
8415691,16572177
6382883,10990571
2985775,6070598
15877393,4123759
5244347,6865371
6872175,12607741
9055181,5609201
607510,1142820
15391541,7385426
12785054,9362214
15948830,13181800
15888228,1893739
16336149,12395194
6984003,6802728
10139961,99814
7426,15510666
5589789,8158167
575064,15361504
1899285,14664130
3688534,13456938
14491899,8690525
4844486,204597
14388513,15307679
7194943,524300
10185651,15267288
13046483,7676618
6735768,8963510
9175901,10520456
10771884,1340242
15709259,9625778
5686571,3028284
13044151,3606304
11624367,8659476
6367938,14274631
6061981,10702369
1491850,13501976
9908237,9483406
723414,13879693
7784951,510767
6268232,11829984
888008,9079586
14025321,9431763
11163223,14336384
10670911,13591138
11860433,9829826
7392955,2979996
14813397,13161611
6396488,348460
12532056,8037696
3085605,3890366
15530067,87545
7876251,1807313
2202283,9021526
5337834,8925708
3973840,7051173
15267472,15222950
1468921,2511726
9948029,8591676
2919880,16137051
2462309,7005996
6317180,10459027
10178353,11982223
1700715,3709048
4759440,5914157
396407,4402937
10769261,13154885
10301353,912051
1403801,2244422
12043110,13438026
11748054,3018851
9993454,1833278
5117191,4796158
2822262,14739434
11182180,16610146
7894463,2617404
15697218,10819606
4333078,11236788
4416503,4828682
3724799,13297751
5100393,16732976
7438291,9652207
10968970,5390088
16230697,2959098
415555,6706914
13140500,15913041
2151997,15041283
4499505,6886197
16088815,568725
3501993,14331518
6031886,3233212
2084018,2609725
5421018,16146630
8263928,16762086
9770985,9013410
9515564,8704288
9959516,13553711
15448341,14838420
12014300,2679516
10169356,6651169
13365256,16295490
1651301,8084950
13817087,3005104
16060472,14342799
14620675,9112101
9009140,4854400
16279608,74527
15281127,7321549
7504025,5880571
7313038,12041079
8240530,11762136
8112338,5721244
13274461,13608951
6737988,11848535
13517773,8972992
15588262,4188960
6883398,8004299
9473668,8424740
184820,4942207
9864493,15570643
33175,14272903
3510255,14412213
5490488,11203982
10291390,6467282
16460732,12259220
14499987,2863220
10607278,1005164
15987836,6032649
2252160,4356609
4728712,15543429
8086852,3516908
7806272,10775951
5676216,6981655
4145863,3837806
6888118,3894642
10057361,11744901
5319364,14265319
13568860,8411006
8903608,15509185
13198335,9252492
16254006,9842363
9464009,189593
16388524,3214945
16001196,7161572
12629642,626190
11130015,368712
3854032,12980399
13277445,8132077
4906406,14010965
14081490,5469236
7949987,3274462
14071609,9970262
1232959,5419641
1296732,16524378
11257751,14726504
3154650,12586804
4698973,14265599
478798,2004042
128682,8182658
9345181,8765681
4559511,158061
8300075,10962015
4293791,8315683
11413602,2694554
12917420,2038621
1568584,2265215
14953658,14746279
1198324,5536650
221989,12624137
105978,12775914
11110958,3226225
10308866,9090378
9656057,16019728
12091329,9948721
907554,11391081
1871876,12039319
13199807,9682024
14329038,5930130
3786704,4985748
15354540,16752168
1575379,10681691
12889436,7800063
1215638,11655827
3795079,9436288
8102054,16042757
10536996,898763
10525929,7352850
6861244,8200867
15184161,15130247
13318392,10157268
9473314,8640475
10126032,4800272
6619212,14046337
13572881,4336140
3664286,8919514
14352214,12646838
13930666,3208591
13472265,14540018
15018343,9038882
8775434,16093491
8853623,10374217
13966933,9972587
7350207,6578992
5326681,1938563
5937708,8990038
13636374,10423302
9228468,3462847
4342774,16514343
16627950,4036753
7398791,11310230
3605501,6420689
12900751,7329243
15104823,15224699
8449363,11184793
4387201,6238972
16264148,2533111
3896637,12598282
3718112,5876709
6618261,7787570
14556057,10980656
9187179,2500814
12051271,10257181
3848274,7446764
6580157,16546001
14236587,10373166
15519753,9814123
2609556,2227759
4046941,191562
14876111,8492885
12364100,3647265
12005499,10853299
9522357,13480995
8908403,16762725
13801074,7912382
7941157,11180659
11690676,15447201
1878889,11028782
516168,8464469
10323375,3561288
7026426,13774865
5120954,12371077
16052242,4568094
1937096,2156386
16341969,14891285
8577159,12199452
426735,14540331
8795902,5841299
3523706,13536423
15731640,352225
6775766,7918982
5883896,12750751
12201923,8963262
1179184,12789115
9871405,10461862
12204297,5735056
5636654,7686532
2163016,14609425
8608170,8928376
8277748,4592159
12283855,11029697
5097909,6173489
1647068,5336431
4795988,5849319
7390115,14099630
13601220,9038964
14999313,898389
14801326,3194693
3116131,13053002
2876232,2013401
4870171,5396075
8401101,1093466
13635795,2674718
136124,3372618
559621,4164291
4028673,6483763
16279568,1870713
10572185,11865596
1409608,6764894
4044508,15749888
3356712,6797090
16660068,14991307
11122948,1368810
1487846,13289674
3201505,7505114
15446839,13789098
7318935,9292797
15869416,9052096
3583120,902319
7629255,14394581
11068545,62034
15371234,16402728
8438735,6970124
9753802,396761
829616,2406733
287920,16165535
14609188,9092358
2083467,6819790
6622560,6343082
4062080,2488005
11942992,9564653
5123391,9003611
13688228,10591512
8039359,8095272
9059557,6551206
8375094,9093253
12055224,8862587
3684147,13428482
3090654,16368744
16787613,11920429
16212709,13122778
8942579,11312345
6512275,3192894
11053292,3849626
8107718,1526935
3890936,15935263
9386927,2844471
16576206,742464
15115799,2424334
6331886,1903945
9843775,1860572
6782948,127644
15584824,6885182
8283960,4341994
15442523,302789
5862091,7615479
14196619,12267199
8169499,10449765
14497964,5046143
530983,2169908
14127682,5370959
10378152,10385071
13330827,10295136
16632090,11666159
13002385,13676416
8408698,3341865
14524067,7382880
8011667,4908276
5425312,4883624
7194850,11016022
2634100,10214483
8706823,15769366
3391239,6279983
10881729,275926
1335628,12030776
1284844,3113390
15364403,11466804
9956124,10866789
4137500,2456566
10668938,9691027
1470374,1149988
2709046,15043914
2352397,8404893
251678,16578725
13909404,3123601
5200260,5896012
7617627,3686261
6289319,9480480
5925220,7308187
13334333,12410008
7006181,13620300
5143132,14327414
7155791,3684327
15262161,15813034
3341616,16090280
2788695,2976138
2998185,13917468
13441474,15130733
5593054,15268724
14811960,8759340
7789477,1073661
11362386,15365408
4769940,11534289
15925416,7584464
2201202,142599
12953027,14677261
2937535,2494027
13625172,6434034
11712026,3742111
9351092,14255059
2399031,8391993
11731957,12165727
12123448,16552595
3852243,8334597
3945019,9632185
2486923,2176963
12436855,15239633
1001435,13525692
15179247,6535647
4427990,18918
5380715,9916807
6547343,13567898
2408475,15415103
5903548,3406816
11795531,12847775
7598510,13945063
2595536,3694631
16522699,5725572
5580271,7108996
964638,14427476
10568287,12986701
1186449,5565058
11601319,8476971
987332,2131722
14130419,3716425
10072879,1576114
5619729,1152056
15075826,12268908
942736,6930924
4958,627457
11585496,417213
7992321,15380551
16472746,6632858
3581742,14390504
131581,4281492
13589483,15987372
8422490,8831418
6205650,15805643
249570,7680327
6590003,10316578
6883982,1929770
13295654,12175122
5407480,13209585
15403815,6293599
725516,13606587
8457376,14956986
4757572,3488979
3927703,13675379
6209050,10033967
15309120,7733777
7617543,9223025
2471705,12447627
550152,5407241
13527496,8374589
4228450,15389391
9530995,11754702
12700863,10443268
13735528,7599472
3246955,4513566
7370439,952891
10094446,3452969
14308062,9627950
950691,15274670
10565792,7505856
1662501,5506495
14696729,3945812
3164478,14629693
2079345,16331269
12449690,3209777
12731749,767316
12715334,4297558
9292325,15123999
11040395,11182671
15488911,3613442
16000952,4566540
5703198,7761580
2129511,11350499
7651479,2916384
787768,10010900
10344611,7583730
30025,8337539
9400451,6987494
1838393,9326238
14153278,15218716
7809931,8053778
1989988,9745235
4724714,1155206
5628511,2041877
16438229,2555293
2617345,1861421
328284,10824979
10181802,2314450
16297986,14283386
319828,7803435
12552928,795983
11398104,3852321
7279883,8035240
6753093,6413081
2307670,13810549
9110505,16447426
8745260,8407882
7751101,16424665
4625626,8604210
15820178,633854
11232482,13196898
4357546,9375428
4454829,9470236
6322942,6871965
13751153,1287570
14915377,16769238
4108879,16163875
16064501,7229151
11663126,7486934
9372095,8800334
9675591,1157047
15853942,8350690
15407187,6302882
5581514,6062413
9411690,6476133
750750,1916891
3232668,4900321
4071516,845534
7267349,6082594
6418336,9403471
15937307,10270424
13200237,10130196
5292930,15374546
10710439,9108459
6892645,4529523
5922330,7224354
12886906,13396554
11598326,3928824
7942784,14190885
2448258,339688
11265741,812168
58243,8891994
13427123,7448691
3158348,12983843
5204068,14816579
9204099,7997515
9205181,15539935
1176658,1618382
16604740,8857978
7302435,213350
15478635,3076091
959146,7137081
12546859,13973105
13607360,12374683
14488329,15799687
7996529,9825185
8039442,11041186
3662688,14395802
1602939,16407581
12427887,9039348
15043937,15894147
716385,15044016
4291236,16744570
16605418,5971805
13335853,3538634
4624666,2748860
11456466,7931356
848295,9970290
5637907,8579866
6836202,11473271
16052281,3829627
14759532,10063883
3325186,10998482
9227481,6320530
15110004,4939583
5880134,4343983
15795285,12699518
7146658,7510926
6269734,15595518
3481263,973477
1382931,10086780
8437223,899605
11618070,3823605
6778525,2929642
8710360,8185751
4618880,12511282
5216580,4039313
15521727,15291469
7497867,5078182
7401451,4121115
10674007,6558731
6934533,2608344
12828784,1614677
4839651,2710533
15078878,8820902
13384850,16644346
7861637,8705882
12351780,13699809
4503737,8461260
3562350,12938196
58091,15027972
15167890,11191689
10179247,8696714
7329780,16324584
13769161,7818789
3121800,13343802
4468467,8413171
8208811,308312
14468038,13476009
11209828,14280522
11839741,5866511
15683366,1148772
16462471,3828521
16200028,6116667
1884990,13773712
12285089,9686889
10110041,14508329
13196946,10866814
15990222,2105754
1513871,4621083
6896906,3997197
9105408,43241
326033,3125649
12991967,13509685
15149433,6341905
7683395,2082003
3623784,15601284
2785412,2849786
12621754,7025122
15927651,1009875
8964074,10080064
10337613,11223851
15057684,2097727
10239785,2590063
9843711,3595095
8526467,7502220
13527990,12853429
9238392,5327110
7713644,5648579
8816275,11538984
10614157,11443976
4199127,10539818
15429410,16138854
10823572,6702599
8188351,7898119
9792399,2513866
9739816,1352967
3309308,13410813
13097598,12563420
9001034,5031246
6662565,10972848
1102563,6262052
6818034,11774019
3007005,5107056
1826571,14934723
8217400,4027109
9313030,4802461
4523629,14948632
6768817,770013
10672566,6940407
12605230,11970423
4714354,5002586
1556495,2830338
16490940,10329427
10018402,14724612
11243311,12846139
15488818,5389743
1762997,12203294
10832462,2527901
8101274,1127978
6800973,6792043
13482789,827963
1831289,4646121
5075953,1999397
3396918,1453904
6463369,6635483
5583180,6648394
14452652,13347125
15090142,14324723
10436907,10304134
2159325,516913
15593889,4997677
13586390,3035001
5820400,16008894
6315585,13232945
4855944,13131747
11760292,1647404
680054,11992355
1520267,7015702
2738518,2274308
15434304,4174583
13352991,10612829
4951626,3461669
9463009,7554994
9193798,8334647
2408135,6716657
8093009,5702589
4978825,7186377
6001803,5675003
10470319,11277766
16736778,16531009
10250867,8862769
6977857,16411670
13428174,14415347
14934280,1460634
16690201,7379930
16326222,3841093
5902251,12047731
6892646,16336371
6882233,1240796
5160149,7082246
6862765,2793788
2160237,8466416
232823,7317943
15963125,14137180
15598990,14399860
779546,15568619
11828080,8181941
13646721,3166068
13423698,6306308
6981677,13112057
5585723,4999869
10469831,1961202
110028,1686935
1696031,986297
8508509,13717783
15488128,1187862
2841798,14485256
14446322,1097076
13674563,13065952
5405725,4652119
5910745,9508292
14151666,1544849
7894165,7845576
8306008,16252337
3669204,9789536
3502715,12807300
14286151,3762948
6940434,4814909
6158018,5757082
16171698,13970879
11149057,15815167
3951761,4454511
13129592,2927429
2012804,15679524
2736186,7337001
57756,4739363
14242086,3305162
3469802,5938783
15955539,5449226
2857808,5585905
5007618,6617714
7642540,8309474
12328554,14615094
11433916,462561
1212689,9543274
10006085,874232
6278980,4339727
3347263,14600203
13430926,15505219
7049246,12010829
5404643,7398459
6568854,1104503
14499806,1826264
10580058,1065095
12531227,12471650
9349895,837733
4887325,11687932
15460105,4254083
5567924,9134256
1087253,10894965
9216853,4258042
3791399,14850573
9152979,6283583
7485514,4131527
12290562,2144769
8536841,929111
5814816,12569354
7970172,1229851
15564858,3354757
3731860,6546361
595563,10806813
7706882,9599649
2068495,566023
9341484,14927857
7815296,2166720
9497049,11738764
2096250,464733
10752425,12564685
1397364,4938147
2737201,3693809
9668448,2474697
16443156,1787446
8114786,11639906
1556409,13955855
3311233,6890739
11540492,4974408
2434781,8923560
8575022,16529790
1518993,7199381
10368992,12511734
9763194,2269876
15684489,10291732
4431701,13515295
11670563,239962
16738688,11705927
4877819,14565506
7256855,1471930
9823620,9900313
1397723,16592853
4271544,10413496
11742170,10011298
8255388,11171987
16426560,8146525
5329922,9088519
13436529,11623256
2318063,7143468
9874649,7017841
165691,6169147
16035897,15675341
175842,2750801
1537668,10457496
11484671,956149
5921527,13118713
6706325,16006784
12438264,354247
2375721,1624806
10249239,5797337
4704027,302582
13481579,16578537
6542983,3997285
11357248,7892499
4213533,7768951
13995994,83611
7169210,10925596
7030963,325028
2763522,7070806
14953236,792021
11283114,4267741
1735844,9346187
3473473,14457835
14477234,14998172
15330270,4329185
14733643,11605214
8077864,3456074
11042884,5967207
3759745,873690
3741328,996297
10308950,7125721
12895569,236966
14599503,1479263
10922794,7726946
13233167,3037231
8058614,4736949
5503077,2523288
2243,5199934
2759462,15874442
12666485,16378066
1396731,1458379
8452014,16351973
11649659,11128675
12652734,2507509
8740477,11023460
9891893,16394928
624615,6276052
9043787,4427546
12505641,14103932
7246766,1539869
7753034,14423865
7031222,11921026
10235713,14399441
8850752,15118459
7182688,11656584
3249113,11630158
5397272,10223631
5689477,6709188
3411221,13634762
2514563,15862404
7327474,12880368
6115357,2754195
3051348,4674322
1223007,7354572
1305379,9599901
1023344,12651606
14524392,6093871
12349263,9693100
16428218,9536069
7454708,8642116
15041847,4215532
9579472,2222471
9815203,15789050
1356659,10437901
11092549,2407465
10816256,1876663
5317373,3595737
3671824,5069810
3702058,13994646
12285203,8684562
4924634,13832328
14433089,10669240
732296,16734985
10788391,7664308
7657277,15130721
3591613,6859710
6059433,12051858
402174,659466
2135240,12168188
13415441,5159259
4965501,1057238
13886606,4241286
15393322,7842945
9194648,11577547
8740167,10900791
5270666,1642440
13209346,4253148
2374635,5147929
10197457,4883912
4898055,15233463
14119530,2765869
14688707,12102303
1362882,5864975
5307749,13084628
11842485,10324786
11256408,12110350
14507600,4778850
16046037,9520919
13128701,13261917
5324972,1683860
3435777,15072583
13527575,4046250
8464132,4628504
4048327,5617902
13293634,9651792
9352518,13530682
15256285,8838949
14651896,14492683
16430563,268203
10968405,16415389
15350509,7855313
2133902,16439982
1387415,1676564
2847920,5177989
2533511,7284767
2150261,885305
10223313,14601197
573097,7894310
256612,6204430
14142462,8073228
6311241,3954739
12399551,10320982
431851,5298099
13045385,16785784
3959178,6719471
9708505,2500700
9719685,8157126
7721102,1433230
4802344,750566
11167726,8692556
723779,7692253
1205076,14945647
9829300,7300326
15614089,14566315
6147271,16693703
14101763,14453315
14157577,16230920
16513199,535083
1546307,6086117
13528754,5594138
9810134,12222727
8540035,10433117
13535241,16655863
11970557,2704451
3241847,7289840
10339315,3766319
3543491,15266080
5783509,1772971
706935,6672990
7706479,15880338
3423533,6825571
10465385,1670177
14159300,11741072
9757029,6006924
3943562,3258071
2309655,12669206
13417261,7299606
13406462,7591656
14235486,14353519
4771134,11607602
15739135,9284370
4036700,15598732
12695229,313731
11983155,4414242
8659547,8826362
271897,94243
13043098,1899004
8403080,12629501
2782560,292018
1619319,5245552
3062162,10888056
12230871,13248093
10671257,3900613
7092178,14493945
4987391,3882413
6629409,7448607
924773,1527501
4595997,11908992
9457948,1539781
10235355,3415903
12867663,4209776
9993760,5728915
7721978,12605595
11524350,16157297
12934297,3188835
9366662,9377172
4686630,5965888
3353318,1484327
2839734,10747100
9191556,13570734
2469964,10442463
14847792,12834306
3199763,13519274
10830757,16663927
16579027,7584646
8106908,288045
7515047,11590103
15523058,12058927
2193794,9334023
446810,13941065
14944030,7729862
13985830,3822959
15303310,16001077
766596,4317292
14353271,1678390
5760094,13530738
13131485,5732901
15902858,16780057
6075058,160158
14281791,6359844
5079563,110263
8409905,10828044
2471461,16049658
6434977,11397229
9058774,12347195
1691918,6637979
10755153,7910627
14762634,10862331
7266953,4810428
6562583,8208357
16666316,7859925
6741390,3699827
10226431,6138570
1957692,16649483
11693716,7594846
11833216,10292708
11032308,7540075
16329898,1361539
15262964,16421598
1278919,15353049
10974868,7654027
16473791,5902309
5067594,9501409
10765617,2313483
4040016,16326117
499659,9743346
11388995,8085730
6447062,5222105
7294770,3206207
15929157,7708286
10646659,13397922
9613489,9478659
15217630,11697870
6000916,13884199
13580015,9996322
14584527,5750569
14898645,13778195
9119352,13501723
4783266,12663979
7332048,15032316
10998531,8016221
3906353,15150285
3028565,207716
11393953,3754314
2481169,5245517
14601155,9779610
13910789,5993862
11181870,6362043
12351052,5856738
15209587,1347501
4074476,13864255
708505,7462146
9326572,14014722
3094481,15361371
8908456,8049455
1644203,13549148
9401153,11401269
3679504,10965222
11684092,3730481
3988810,5780191
3198920,757195
7956378,6507480
8167168,8490878
14871195,12756408
3958776,10415100
2872551,4321364
4003203,15528741
727823,47282
12270920,1707226
1687330,5088384
10651959,9988244
11949081,10188464
11067314,13734058
5223841,9038255
6075064,5015143
15011100,4871377
127758,14459703
9739714,14457684
16207360,1443718
3804358,3293549
7943905,12606593
14473797,12578520
11204628,14598986
1255522,8776512
2139350,8384012
9290070,13429214
9477414,9015164
9320494,12023033
3404427,11381518
5692650,5514832
4265704,6747348
9837408,7015257
9004447,11690221
3263341,1395033
6579557,11131549
7519129,916681
14211839,16019939
7858757,2375373
6470025,5623266
2637860,5528709
15496185,15148989
6991574,7286578
1255621,7281423
6427781,4810576
6117211,12833906
13340403,617710
10866946,13665015
9334056,4068705
15427125,5004084
8979492,7403955
10556364,539536
3482294,12268291
5667378,6129364
16083833,7851697
3951174,12158848
14169982,1003786
1026572,7709271
9922762,16794286
10162173,9164950
5383927,1700713
2078639,1792053
12126713,10154375
13478703,1141332
16383260,5644206
2591613,13552338
4994718,3240998
14365162,12354043
12653330,1583205
4908242,650642
9160701,1691029
2130552,2532452
6533705,13716245
9386924,12236552
7945310,7060251
8361115,4595809
10489686,11082292
3570798,11522775
1021101,6571341
8479351,4427404
13473317,1134560
12995589,14902269
15705180,14511854
11738710,2177261
15040485,7530019
11797134,6454611
8336615,7368027
8460877,415082
10837959,8118247
15778198,10445113
14609409,13052883
7133836,7111985
5357826,541118
593943,1784475
9323012,708629
16422200,16691428
15628586,730402
12962454,14563205
2532559,2411251
2474426,6896238
4668436,6447329
8741294,2336185
8340699,8487057
2631244,12164115
5199404,9652808
7411566,4257621
10272129,10357801
4897772,14545970
10115636,12459735
8546212,3446423
5210168,9597067
8481997,8708178
5267424,9180406
15536949,3719758
16341860,8082763
6628876,8332130
14255445,10194219
2175356,3224635
4880854,9315499
12729055,13183028
14123183,5857897
11920193,3381014
16697984,10872860
11119040,775009
15085660,8014594
5692859,1629477
71165,9105643
3353806,3781414
16004031,7570690
3757075,2685284
15884969,14119180
11616787,13278957
3026832,6673158
6256336,13889250
10956136,8601111
2498245,9594256
11450093,6507224
4405400,6028091
14409318,4763704
15409341,3669053
13278305,11576945
16756146,3316863
2461663,16364357
10100130,425771
3290094,13601283
1970274,1255900
9583225,3415421
5991606,11736938
10077384,3334760
9979913,14876170
7004499,2803596
5951986,12658407
8263221,12518009
11543582,14174747
1293456,1787093
9047833,10645739
6381724,11849221
4867415,731895
1373497,9724611
14606130,16051558
6127524,4899078
8669950,12339946
3350879,1678479
2495835,14245829
16785220,604069
4849237,15259426
6005018,147429
5394157,4819360
5267504,11886242
14632244,790649
14301487,973103
10644391,1083559
16222066,11696913
15677618,731578
5662913,13944999
13464421,11430864
15737719,3084730
12523364,3806384
16677537,2737332
7930712,12330537
972072,8148502
5583073,4324748
11799881,9883576
10811079,1421912
7147756,15833152
2128829,7971738
16476040,7347102
11542375,7461288
15298281,5924812
7344730,9158172
15146648,15667204
522091,9042829
4638501,8818405
15196043,14792213
2501723,3779293
7954194,16721255
12621282,719361
3472895,10657937
8695232,11506055
1227252,3238666
9374226,3978275
15331839,4953968
8105208,10405526
10467754,7904928
9482451,16361499
13960575,10771842
13698151,7921037
14837632,3975382
15478064,12680766
10419389,7072940
15162422,16426800
953759,4329664
11155813,3018102
15838799,4238635
11678185,8565850
15906446,5645022
3923641,11804788
11710992,14809144
11560357,864191
3962313,10886785
13439785,3352412
5281066,8410891
13263380,8020134
7175779,4582338
9013703,4425712
8323739,8944534
8015566,11327354
8320770,8766091
2106960,15391065
5617359,4773294
13186950,1497852
12760268,11751912
15890167,13432497
5322037,3104041
11993212,1803805
216106,13756763
4538330,11109394
15163188,11091842
13900894,13976800
8983196,15971424
10479146,13551731
8626328,4116745
2608107,15916283
15094415,2328098
1534268,10987866
4817013,5848393
7722881,16677886
1240375,6236938
13604734,2307234
5082465,8347336
6164564,7881778
14138373,5750979
16763163,16756379
3488508,2198788
3756139,7937126
11282468,8589831
4252126,7292269
6354313,9619113
16739843,8599832
7952796,3447490
10002799,2084362
15225236,1248369
143841,3678092
2239074,13463052
10952142,9399422
11427980,12506607
8287140,1418809
587163,6628861
2105342,6244886
12965809,9520668
8439418,2813247
744483,12558087
12308978,16307992
4514892,2549323
8955271,7199734
6337467,11039148
2196172,11998759
1890877,14102314
11090732,12729497
8546179,2071136
13701754,13591194
1798252,15086238
2339847,3558586
11072915,10060475
3567865,10526051
10426535,2168763
3325163,3462742
7288507,12194277
5002807,8785573
3187335,15333959
6917532,5913734
13408354,9269033
11924349,16498846
8105435,6736731
3934052,7725763
15702118,1521109
13580963,9357212
3998649,4527727
8046709,8653631
4970530,13710716
7048301,15290206
16495300,4646364
11829309,1201464
12859418,9476172
16695076,28966
8660901,2562995
8112896,4135865
6430336,11988776
6277286,15630149
2458032,15250981
3401267,1621228
12879992,12890399
8872531,10171555
1507674,785196
1263913,16734948
5597289,12313939
11332476,16545237
13130005,5502171
7239921,1098336
1441483,11069672
7238921,12149327
3485463,3588894
13766719,5726441
6497662,13783275
4044885,15958262
4358986,743707
1694145,2216570
2898651,13993085
9907555,4155178
4370540,11497457
4295466,12152382
8170069,6145549
15369076,14654606
1422452,2695178
3479359,3521541
5743911,5012352
8172331,4439518
2691037,731569
12152479,1884796
13293326,10014621
14824417,1633581
10856679,2134316
6391458,15853686
4161368,2608801
5754219,1831276
8173345,7180610
12143883,4598503
5312845,10387163
2987107,5772405
15382309,6514466
112597,12353682
7114436,12991317
8250900,16174797
3063801,8223623
14552310,12064377
7010019,16764621
10311499,8568771
7356351,7534025
10059956,13568420
7385262,2966704
10076145,7144555
8022577,15025398
12299194,3573223
16509698,14858061
6928593,5288459
2101574,5825149
5833182,6510266
7642691,6881394
243793,15545104
6462230,13303097
9064224,11903557
9602179,3334772
4637053,415426
10779201,5480210
8928882,7686360
4765480,13990398
2541622,8004454
16276612,14231553
10216601,11357650
14520787,8322997
6549841,917495
15784862,447362
619641,3876908
7039853,12160826
13090396,12707083
11464284,8956745
6285698,13459373
16704592,1607036
14152289,16251781
8029965,2891097
4879853,3736359
15762475,16704452
1993400,350231
12706723,13325836
7531119,10281049
12441879,8454259
138092,15690324
2540546,15903694
6877008,1212480
921903,13470604
11683829,5150
12442406,13245768
6196663,634980
13098417,5365126
11606310,11687282
5075021,61793
2670008,11872275
13338555,7335604
11809664,11126637
755568,12758487
13365275,10431060
10810674,8244424
515565,3629696
3529164,7150241
9575177,1496371
4675274,14493327
7286746,14680500
1278784,11782984
7952731,12496665
13389002,8216931
6374182,5896353
3777769,15955845
15444378,7133691
6105418,9387760
15362435,4108295
6770684,5277738
2201328,1322562
7759619,16712916
2154865,410705
6209142,12381514
12443482,10546819
16084865,6997988
14021722,8186399
14308776,7233075
7645797,7598273
11761535,1968831
4729357,11225979
4306069,10627597
9322062,1713769
3977097,5216208
470612,3078098
761796,1988514
206728,11844484
2308241,10535928
4683406,13458776
6423236,2713311
13747352,9931818
15966671,8387760
14490396,12505528
15072991,89191
15252599,10904702
13621894,9455386
15149844,11437375
8922513,10360461
2159289,10932232
13104113,9227278
16003038,12198057
4641137,3809480
8441572,16771100
9327028,6872267
11079238,15688068
13290298,4187219
11391006,6470202
4240181,9409503
8302099,11988908
13723806,12815446
14695685,7068583
10965680,1979584
5281024,4557246
4367242,16088190
4973984,153143
14150773,13699983
4699695,10846059
4010154,11970844
14452755,13579230
12391555,8313337
12103850,12713008
13062807,15088464
4353202,8496159
10348778,3179544
7794638,14463199
8253463,4743280
3617734,8557976
10209344,4334903
4784419,10373976
4676167,10067407
3712443,3368591
4142840,7271937
276164,11846112
7089999,5977078
5114248,81263
5626029,16024904
6600058,11039034
12107505,11595172
8569362,5360456
6278200,3060551
2870948,4599261
3018392,12811250
6650950,15416224
13982682,8478404
6118527,7975540
1376568,10266525
12370740,15279218
100602,3216446
2724558,16148108
2483808,5111780
16627725,11651227
8068620,2277386
10686382,7552872
15576087,5718970
4934205,5463828
15497855,6493454
15378819,10360387
13368179,13983266
643080,7419938
389869,4737547
7679543,6564723
488459,15585997
1509159,7178849
10825936,2984351
8396329,13704590
13788055,11288906
3485323,14265278
2000549,7861372
11667548,6541244
8358201,9487849
15960232,12145304
14593727,16110640
5248046,4407435
4541304,13757562
11399017,9769781
14380620,12534769
7834363,5159430
11319189,7271974
11606786,876816
3985560,14281590
7023621,5592523
14085625,7921835
11589184,3663511
8269769,7215950
3787520,553706
2007997,7598668
323274,2480010
16275961,12878097
11106591,6463974
16148628,14818851
1060254,12345535
4218951,570850
2387629,3427495
1050955,9085415
3823011,16439149
13955251,5444342
14105959,6244659
4723539,11319454
5242065,2041614
11868724,2701776
7225007,12619791
2766855,6123750
14784706,9324117
6053334,6765669
14788359,8613439
13494903,6894637
12393416,6415587
3236414,14149613
2526947,1911991
10653051,15758555
14704039,5957521
638832,14414880
6137333,7339317
7005613,105446
8576071,6725963
2093057,8186034
11232423,2167072
15476448,6846731
15284131,6217572
6048698,7675226
1714765,1109010
13182665,1000656
4079994,8449212
13844596,167587
11525460,12258075
8244192,2299879
10452807,16066704
16110814,368476
4442974,3361035
15349861,9167847
1850409,8413880
15959058,671982
1576559,16305288
15870616,7206159
4209785,2983367
15199209,2567205
8033182,2736775
3460883,3956594
7594980,8770622
3314780,5384998
2646247,10431734
8133839,2084432
6375894,2974031
2124088,10285869
11402423,16529179
13011233,14428413
8289064,1835257
11590235,8052662
12887562,5540614
15634520,11388126
11125265,69644
12980422,8769068
705666,4092000
4667647,3126524
12161752,6516908
6148621,10744050
3966789,16320588
14885807,9639305
3694254,14284193
13808345,4527589
586541,2972509
12507764,11455745
15630545,16167829
15170050,10925422
14416256,3478474
2167129,14303537
5173339,8058897
13889321,16611538
13742458,2491529
11718661,196808
5616370,15031045
4061960,3821324
4655806,2661315
889880,10520170
16116400,13457841
2325701,12914459
735610,7839826
3451601,11915899
1051007,9587821
11700371,6540513
8518790,16010521
934168,2154445
6275087,15251212
16357195,1883766
10241842,11086468
13584591,2285429
5609423,418951
13267824,10455544
15790597,8901622
9261449,3329943
10381185,12325336
15824882,5124595
3343925,13767629
13407809,2052126
12878472,10868110
7782872,12802371
3372017,214875
8554085,7110783
12520701,10443691
1301485,16011441
1915929,4567087
3539001,5406430
4066480,5078407
11170356,9570466
9894034,12129454
8131467,137994
15471925,11951706
5983457,1584534
12512957,13321176
12683883,3808168
3106694,16582897
920219,8348000
9606498,5438683
11246416,3295826
8906695,5056296
15746330,658947
8059611,8152992
13255355,7488659
2117049,4806147
4783746,13038925
34870,5737341
12096376,15943655
1623674,10077565
11019464,11378395
5767203,4888634
8562787,2568946
16636812,14458300
8746971,3983004
6976064,14206258
8122759,6971010
12848589,12437473
607852,5396883
6164021,12159569
10839317,2377630
11412341,11221191
6750804,6111501
2397292,3040890
9467480,16702863
12334771,7556315
2284239,9790217
8693866,12547081
16130485,4390037
8484481,10710127
6384040,14579342
8280306,15624429
1555329,10809049
2425646,10982320
7893792,3611923
10855087,14220221
1053748,4740410
5063262,1170758
14457435,7655513
108463,2209317
14068898,4615369
7575639,8097686
859068,708278
5336775,12973648
8716914,11916890
9215995,13154609
16094582,3562402
8445626,13977695
12036163,15179500
8736122,9275796
15368415,10281425
10779948,14407849
15840435,9361833
14718641,13425372
10711107,2772010
16598459,443517
16548487,1824148
10134607,851269
1773072,1946956
7325889,1727890
6508044,545714
1023753,3163279
2093796,14400680
10341614,12356682
8032658,9640446
7733115,9044788
5797732,8208264
996304,7404642
7164049,5508201
11479431,14670765
1735670,9389512
10818178,15209833
2787036,12798730
2056741,14104943
13259029,3570411
15368440,5624096
7398598,4291882
3253808,11104320
14693794,15748794
15902425,8238194
14478465,11821027
13978426,3618671
13688100,14173078
5301380,10706068
9882649,15449570
2931075,6416565
11051154,6006647
6981634,2886512
14829050,10420747
8609576,293220
11882367,2862545
14201233,13262972
492373,9628536
8999990,16046756
3119204,8496803
7980079,13620771
283833,4739136
15976931,7696799
6089148,11046691
15216582,15789612
6614176,583393
15067026,4179494
8973090,6098835
10019478,3304415
3797541,5290512
7743526,13946810
13067110,6693490
11126684,7756032
3823378,15364718
571593,11886062
7044331,8212501
8781046,14827036
875403,11677360
8704606,13674024
13095441,14796456
14512972,7035917
4157275,821348
6200156,2810552
6361301,9316061
6696540,12920523
7813262,141630
11277168,2131536
6996022,11232323
3870772,9639305
5125299,7071162
15985421,2574528
12074211,15975825
7205856,2261101
12757944,9331971
5567998,2229842
13691646,16601265
6272019,13331071
16514946,14201510
11033361,12799180
8583575,1395733
16665160,3921965
713542,5258118
13181486,15232228
7264431,11000732
14158573,15212099
12616234,3692049
7503770,13150151
7439375,14521685
7848626,12114074
16762897,11741029
1741907,12201918
12814957,6205471
11000703,2195608
4362134,938399
689045,8994482
158876,4610218
10815958,780034
9475713,7463014
12367164,6710078
4465150,9928717
9756309,16472267
9852231,7898789
10628093,11396932
1181049,5474426
2575453,7179860
12614180,8316720
7222466,7637494
16008950,10351094
12754999,286829
16155529,9238718
3690832,578921
4304741,13210589
62803,4573118
9872004,11097368
10822500,3639065
5545338,6227827
15399229,965684
3201100,3165435
14563762,15769992
12867096,11222682
4484101,3745800
9184587,16195825
7353417,1050164
552513,11138955
12256934,9178344
15398801,39511
7092306,14322758
12335973,1553231
1629662,11959331
16616885,13062750
3363421,8845752
6526275,5101634
11285000,14374703
3278116,2307711
15837165,10406196
10635686,5889814
1353976,15176066
8875037,8495914
12484031,15432254
13009547,3842935
384339,582285
3312736,14786322
13092885,16481711
2415113,13955714
6762769,9180481
14809167,2716698
8549531,10300734
16349824,10177977
3441833,16551095
520747,8625836
3619409,2036779
2294737,8025822
16053580,2948242
9092735,9129165
12210246,12616770
6656733,2575408
14649069,13247968
15482665,9694047
16053651,8413370
6272937,14949887
6659960,3481362
5200904,1676141
16366922,6509598
7045222,14926022
13967163,3204239
15971565,5800956
15452444,14163593
5254874,777799
1530711,9289437
8972885,12743542
2351403,8904722
2206558,15190194
2775090,11271683
4933587,4527381
12184100,77792
7619678,13879326
2175535,852749
7464783,11843360
12783383,11468898
16361192,6483223
8450097,1617938
12526059,8631155
8604340,561652
9297691,5632172
8218107,16688687
5990172,9880925
792489,7150858
368248,16326873
14679702,9595412
2142211,6341901
7970859,5926103
4210364,10088889
14414496,5480001
15584152,5145205
13840710,1693905
2270744,942680
1915233,2608402
2287168,7328107
7736946,515447
14807334,2132626
4097795,4207336
308236,6002255
10560752,11917423
1143348,12669863
8823612,2978867
12750133,255681
6784549,13655706
7380909,3125120
12229008,14847988
11999263,2062514
4924290,4614826
4139469,3832236
12202415,9503109
3497148,12786756
8203856,9481070
4246783,16566838
8529722,15281180
9849054,12776448
3498769,1384700
13155037,10761240
16168004,11401228
6645950,6098160
11023394,13299245
6525952,3135271
8135375,13148470
8737260,1102077
7608445,9068666
15782538,10933362
6279456,10809766
15537666,9520485
15949293,11154358
15050359,2028513
7704162,9101345
7497735,5867956
482471,7595951
4091636,13694473
7706810,1354508
3384376,15019852
7784633,307553
2864297,3399699
3670496,1775499
12555096,9974761
6187003,6212081
10479472,12055999
11472978,13078408
7415473,11794856
3794357,6161563
2603082,15212315
7960992,15441569
6711144,13681519
4454170,9888698
723224,6181308
6862899,15213025
3139094,8663581
7159144,2067121
3780954,16468831
15503305,4041743
7007626,2248762
1791659,8359429
5898357,14853730
6439057,16774950
8203419,9895872
16074425,9630637
6732215,8548481
11403778,358843
6666642,15494236
10000021,11075338
12575465,7076244
4723287,13490683
3378082,8535007
4299129,6782170
16180819,10480229
15817395,8726071
11738677,4253352
8219837,16574962
10586266,6868285
15703540,4145720
8322254,7453315
7132702,13381148
9144673,9986079
15722498,2723615
11079849,13371519
3840462,15195137
13076857,2261791
4818194,6425588
9544861,16323779
16090122,5698422
1791488,13538160
2283153,598593
9858133,10038549
12903650,5240750
12136596,7793370
4339837,7396599
6023426,6950386
13956323,3384742
9110201,7867985
9717391,11481014
5381004,4874640
6414980,5533903
12145690,6703405
12260806,11513484
4343445,14123113
9311802,7502187
7280597,5410875
13461232,2940913
4509309,774843
14271442,1682407
1043595,4451606
7269925,10922827
10751248,2102349
9095745,6644355
13060119,11677813
7594579,14646761
13719040,10524978
8438652,13730397
9988810,2218655
2267171,3099025
5426924,6941180
2458105,16415356
14727678,1835549
16006579,5215477
13373393,13703869
9971739,2177702
3525584,15975298
11082694,6090325
12561154,337724
4666333,15922931
11488422,15078161
10937612,9415251
6784260,4375425
10899886,13815688
5729807,11521846
2842509,7946187
15434431,1534514
15994969,5258532
9496232,5345361
5444379,15651105
5240161,9426921
3409297,8005484
14001618,13961199
14142779,7708770
13091735,14772930
4299020,6046890
15262335,4629625
8374151,155466
554792,642550
9105274,652475
5513906,8441766
5612543,11684005
15409657,3079016
14176002,2952355
12838888,9834981
13746148,9808431
10818684,11585482
9248837,8959729
12043412,7957125
8106706,11312114
11504919,6237277
7089006,6866201
12801509,1527193
2808527,2222720
8875790,9408640
12707290,3788334
2113948,8217031
11774707,16775840
8886822,16605270
10687185,697885
829305,14679213
3384139,11389525
612933,4406904
9193730,10839960
9232843,16422228
370356,9897852
16012967,6242299
10275640,11922061
1220648,6734918
3961697,10714109
4421682,9168714
1509611,11831305
16679714,13928887
5338181,38505
10645780,12578152
11281841,12594446
2588433,15056314
12420310,204980
16593151,8998473
8629519,1868078
12266371,13031980
9957227,10016672
13822077,3925444
15954831,16641240
15980846,5855813
14328328,14355376
12804985,1950804
12130645,14062700
6256370,6067108
3731378,2578789
3587296,1899766
2964841,266552
3901353,2304792
13403168,13891330
12509231,3875276
2125820,6473127
14397998,15391008
15599044,7351858
13135193,13308648
11993966,4454143
16071162,2476299
11366718,11541516
13374009,16716512
6338020,2542650
15309159,8528973
3562352,10467334
15157217,2210020
11746660,8774754
3718834,4267320
1556024,16176739
6395418,14519950
1215893,6827475
3633191,7173536
5811907,6581387
16146243,6500002
2307435,422009
1176827,8373329
12563448,16697512
13141340,14747846
10859537,4437283
11767158,12879633
3522344,3545891
7193890,399912
7673196,9285420
14102709,5213864
7506110,9689882
10050917,2969431
6821320,10532538
10532037,5235428
16487923,3119298
15106905,12300686
12656121,1761465
3389994,9885428
9893744,7523040
16216673,11268445
15090447,7012544
5662375,15794875
2915936,1301858
8603300,6714591
5045500,7489527
6211565,5826423
9057302,6492243
4179344,3466917
1850816,1697057
11213744,9427963
9927545,10965940
16687931,11940248
15667244,13605327
12824085,8180374
10812382,6223006
11929559,8036224
13026935,15177370
11544930,4697428
12286927,13061258
2283867,9217704
16550018,3788584
500895,4955528
2955659,7790024
10617482,1782437
868142,8733685
11280102,11260787
1614170,3659774
6594161,5439691
9793750,13168536
6993169,11159139
9595001,6111032
7817704,15176602
9500988,11299365
3364301,4000005
5856784,9531263
4053497,1039190
7348145,8323609
3927880,15787758
4050804,15837173
4920857,7246129
3622213,12763477
9986079,3213694
3476396,12284308
10014406,5575924
7368603,8916074
7735052,1553471
15665352,2456528
8098878,4515789
16435109,2751845
7941313,92743
3478824,10708683
769475,1958687
2031253,12746812
16793070,3157283
13066032,10875813
4312326,1204343
16600433,878731
16055852,10910930
14688058,8159064
14815163,1546119
13480975,12220079
13648649,13114596
4488257,2530915
3170066,10068912
8792936,16623159
16091973,7132489
10423809,7506149
11498766,12348941
12855042,15654583
12967474,1929669
5427760,9984961
13723205,6620935
14684660,7706657
14181863,13826385
10999760,2197052
10443378,2273178
9969739,12799598
4277880,7285132
15158488,2039172
16466543,8952103
1205032,14053815
12687687,16420787
16373773,11659266
3792941,10688336
9289612,7051303
15705881,15069893
2801614,15351522
9848213,4191359
847335,3807324
2324434,9045721
6259829,6074912
12025530,16572072
2820500,14757791
4626268,2643575
170103,9229336
11224337,4519416
4706770,3613429
16674909,14985944
9586564,11141948
14780216,14702931
1294081,3001427
9341869,13940917
4623462,13393173
4465583,2150502
9571247,13478974
8307138,2127850
13326277,12793856
10785481,7175030
6013192,6627989
2228051,15838743
4805980,8271186
2683776,14545028
14413930,654818
13339110,11613099
10455690,16453448
9841031,8133112
2432574,3083607
8369135,11665408
4743009,13317422
15251121,1170543
14771271,1989937
10157704,15233918
1444173,12611300
13724913,10808438
207801,10413475
9005037,3717761
16557877,16099041
11798926,15413293
13651862,8677096
7407549,3726738
4310700,10680296
13028979,16634095
11535402,11453181
1384018,1754253
6257098,14802607
14603175,1585913
12846457,398101
16362821,7750519
12724108,6393259
6336603,7535503
13667867,9733230
6393198,7018482
6955004,8422892
14876885,8728353
2692103,11678713
15930286,7022622
8890644,3425041
14768125,3575152
13821557,10066742
1209199,2418439
9226481,510337
13421669,4434094
525437,1072180
4213973,5351091
8752623,2689637
12582566,7134144
16667073,142640
4471716,5564022
6876797,4684386
16543629,7936726
12347924,8905693
4627825,2809881
11203336,8958086
8775633,6467336
7050939,8613076
1716257,5608841
9188712,835085
16066631,13440902
13582893,14822368
4022881,6019189
2782144,12525241
5097134,11551629
5224055,3741644
9329379,13346657
826119,13199544
4528197,5902481
955313,16670156
8761059,7243957
9592733,6050271
8971974,985769
4541903,12343947
10561616,10520705
10254782,10581154
3840564,6794559
13187631,774445
11987217,2891606
12439271,5526443
3056289,9144247
297974,2805236
3351582,13029186
3807654,5555352
9432303,7011637
6558256,1884878
11183516,14991487
8354408,7359026
13669505,719180
5945256,2751562
5188277,7912155
8223457,1949245
511607,4812864
7409422,15376834
5321540,16790004
10617863,15384800
13335722,13652213
16342320,12379089
5733064,4791160
1431249,14417316
6159687,667645
12241840,11074020
15796305,16438274
301901,6699773
5612256,4676773
14815040,14107127
439135,1374772
6471609,5703494
12166664,8834558
1815281,2433493
2317905,1383872
7174309,13550875
15347612,5416975
12578543,1401622
1494793,4692040
2150821,588263
7835507,9066594
13003844,13188905
6882677,12466837
6531630,13699037
5529754,2939769
12471363,15298897
9147374,6607930
2213474,15286954
3227966,11029999
14201981,9582298
11105448,4151609
6476534,6456436
2947868,3458152
2661974,10354064
8988131,16792449
5370139,13963708
10009271,13479959
9695385,4153534
10553437,7557904
2335679,15493291
9275582,7830875
3047537,13684792
77212,7497190
14270022,8433443
11916112,6555555
8732012,11499092
6446327,11544029
2615377,3781685
11971515,3675190
5648964,15787337
11473757,14123647
7212659,15306804
1333848,3233655
12102721,939540
11270319,8944867
1395531,3222874
11351337,8723727
12449645,9533913
15345540,8851419
7645185,12677707
8632901,9017679
15295265,9173866
13280809,927046
11063270,9913579
15092055,12485905
8612256,8789821
8182102,13918820
6980622,1172559
2853891,11720969
4156638,8139481
3378484,2701876
16234551,2321089
12091841,1775814
16018048,6798575
2172695,5016030
8870464,6082118
14952119,746798
13351064,3913847
294048,13039381
763213,12285448
6274602,1365525
7909151,4276584
1859845,4770831
15182905,4146525
7172424,5152794
5511391,12775596
12873394,6397359
16686566,457659
8165798,1831416
5274364,14048639
7108014,2131419
11701946,6652349
3934404,7983586
9352057,6882997
9374706,9726087
1217345,2530805
4528150,8007915
16045570,4011362
12500046,6331114
8789297,9283074
8664600,12852721
2424479,15606979
14088015,11824784
6173388,1066372
13936793,9921385
7382283,9903539
9052056,13955381
351606,8358447
13817198,4606429
15203242,15726733
6513103,6369892
11478441,31519
4337373,3378651
16509451,10932538
12552693,11526347
12393578,8077679
9239889,1573962
10185648,10383770
7246914,9041077
15321506,5118823
7342117,2735863
12914731,5716324
14221326,521370
8796284,13558776
13349366,9274403
9577135,7335439
13909567,14206657
1252244,62779
3766630,3862382
10391208,1745494
16132658,15343378
13529826,7528309
12174455,16605917
1006083,2397397
7972754,5176621
14240928,1811099
14115603,10597266
7955749,14557731
9316127,3805960
13253149,11586212
3654154,8958825
6048302,2180777
5917351,10116743
3909835,10548509
10947371,10013367
12511211,12991625
11316623,12752788
495828,3924652
10400234,6649593
13863863,13083964
12316742,10640500
14025644,11088126
2148531,10550096
14843379,7318584
16638747,14734331
14577063,6613827
2926535,3259497
5715506,15986225
9684639,620234
3501943,3350323
1914621,1002535
14398543,9425208
6244462,7477422
732789,6504923
10346172,13918305
4070373,13164342
3481934,12080193
15099732,3350885
8582645,3977039
2096381,5778184
6294549,13550872
6059245,7598660
1638752,6591595
7231999,13652687
14258886,11939033
14791347,224375
15756991,11615463
10810641,9537563
6969567,11812944
13923962,11827150
2272619,2746847
12395989,16593002
5824062,10457203
1406021,5802581
8787925,3536529
5718659,8868018
14259512,1484453
10045669,8979958
16142102,8328978
13463365,3271081
12396789,9836581
12613723,13843827
13053071,4926184
9617410,9675040
7973436,10902872
12597080,9963281
1291776,6771450
12291394,16167616
2313198,1389802
8717666,2771131
6108308,9443417
5568215,14881088
7988403,7034887
9945649,13197620
7501962,12428618
13554223,9642253
13466420,5498478
5888394,8261032
8193270,1270563
4133199,8490212
14863700,12860556
851899,3154972
9510442,15910799
6829227,11256374
9611909,3497446
13293423,4831959
2197106,23352
8329277,7245599
4915396,9065064
15750469,15005295
9066284,12571275
2452021,11117109
14894545,4406042
15120503,2768051
7925443,12060308
812150,16460687
5240611,573847
8200642,4317173
15189663,850973
9693710,5762979
7273007,10062340
1057798,4356604
12461399,5937828
2357144,4314582
3855090,9964713
14029166,14461848
1093762,929013
6051750,5743689
2785204,15076761
4603118,10977057
6415797,8007308
8556410,4787273
14451894,5015686
2652013,16021017
15529483,12222562
8733440,15080879
16049886,5154255
13930045,787228
10514510,4666355
16623332,6034543
13217312,15673477
13291362,279118
14345056,3315655
9372701,5688977
14120977,15438380
4673215,475629
1598443,6940219
4221724,8427841
5849103,703778
11036679,1419972
257625,16667051
6750454,9093120
14072039,13821476
3818506,8254377
2845903,12886187
13501075,16373684
2399241,10840393
1096816,396559
9816563,11464432
5101910,7332328
7349008,6325324
10540502,13286075
9941835,7101554
1162391,14433808
16173096,15340620
14827354,8554058
12319930,9251945
1830397,14803922
13579025,5703762
2492085,413438
641030,16542240
5621564,1745161
12749103,8215097
6005436,13218933
11222089,3582622
7850918,16463309
4892766,1358825
50859,8447639
11399656,13038589
3091611,11302897
12471281,1499001
3920768,5819316
16442011,11625996
5506066,3022178
3878419,10779048
15924551,5355068
9409352,13987528
3865741,12411387
9856796,15778632
15948368,5614631
14933890,16312486
10830508,16234613
12624954,12287954
9830328,12910935
14126940,15558283
14333947,6888224
2954363,12106125
5169268,9691230
1768966,2214015
9643676,3632468
3793775,6983577
12969431,7650857
7593698,7638006
873061,44898
9615986,13781055
8892568,12455892
1631715,16308678
8303373,12456071
7239477,4295465
16477450,9168972
14968680,7991808
1204659,10140166
4299697,2133715
8452322,16658356
15919723,14612941
7153630,11609573
10702222,8432085
12201369,957531
14711121,679555
12286273,11902946
1190017,10484732
11156491,10581367
13887852,14432216
11445492,16027748
8002410,9374239
3137620,15219329
3836713,4195520
12565830,15255842
3142990,2565671
4615922,4453821
10877942,1802586
2507529,6320713
5356429,1723276
11107189,2587364
11820737,8597965
10974473,6829930
2978722,3521942
10273763,61845
14904454,3969721
10812616,9606900
4480250,16256580
12236320,13277333
12447020,459702
1447434,11955295
15751477,15116160
6480318,14785557
14493738,13157116
7590750,5847199
14273379,9397231
8170268,6186916
4657725,7122735
12278420,2097403
10725005,6617474
2543223,5034888
10301722,3130054
7420241,13954957
13840415,10439353
4837415,9999111
3795375,13592888
5091334,5030988
13101439,14363360
16434630,15143280
8946544,12685894
5058465,1919269
13275230,7201110
5399982,3262128
6477277,11189069
16576058,13914313
13321453,6751859
9275882,7358975
5223528,8192486
14516734,10656668
15603616,10896515
3577998,14655673
10601880,12165955
14687995,15503608
11378593,1843373
3942852,10846345
8750392,8421588
10644866,15397490
2641343,4149988
1622187,16005778
1716334,3899014
203464,4563114
11307494,14703875
10555086,6821755
5701815,16203770
13853744,7598232
11271078,11165506
2902278,14490769
287131,483225
12130491,659618
7330620,1777383
2994136,8546589
948891,8063586
12469674,14650869
2879617,4131752
830228,5249548
16207754,14246687
12273518,11297352
5750984,3215557
28659,2175229
556145,13197984
8647661,16606694
8341040,11518235
11562945,9735431
5075093,16073132
5913919,7962030
2141730,9970425
1603342,10958165
13137975,8640724
12971055,2224972
16241657,9819060
7936977,10098311
14210683,10850341
4547631,5573606
5564170,4512205
15572248,16636229
14780728,11062052
11589331,7872925
3259038,4413004
13159675,12549775
13573805,10616138
2841505,11114935
15268481,8206802
16180850,11650786
15761077,12891783
1423029,4933419
3693198,9562753
6966256,13084204
16320845,15451601
3214672,1980412
10139116,14208343
13774744,8614962
12054733,15977851
6415412,12324409
3609045,12631231
10839346,15005924
8640777,7100941
15684783,3147178
13376072,16100574
3651707,2058371
14753037,10554131
4660437,6881995
2526187,12746183
1922446,1011192
13251315,12831904
1915899,9004831
15948586,10590673
14505009,7485560
3192165,10776875
14178888,15310052
9470648,2822102
9001957,13626411
7907889,8986214
1827268,289554
16740497,6012346
4272450,4608438
12620103,6989943
12924967,13858732
4546674,16490887
12456811,9574421
11883122,1429309
1426203,3296842
4059977,8553042
13650682,2170453
8000260,289495
12722833,5381200
10421940,14088918
6645772,2476982
16620820,11865367
1229109,4652607
6332266,1267921
1644118,6389656
13068966,15302158
15388583,15168888
2579986,6855118
14626177,15362357
4558713,10479109
10860861,937077
15008202,6191010
72840,14737519
1370756,227339
6213010,15128870
10794184,7017781
16322847,4819005
8255125,5976074
16212348,15526070
10635959,7797626
15466535,9565879
15765308,1309720
1799016,12921767
356165,15571960
5798786,9704763
10617337,16595904
3506085,9273779
14162583,4376999
15830798,13565279
12679866,4844019
2227583,14650668
12185020,3775260
5193578,9919138
14995548,7696773
8285335,4945914
13912300,1316988
16349126,15808802
9018426,5354768
6738905,12429504
8216113,14515722
1732295,12422146
7250078,1039571
15325353,1595012
9524983,14675548
14274012,14022740
11839812,11349885
7810197,5036345
976021,13168378
65867,5575522
11056073,5800284
6231756,93148
4012801,2761096
13599459,1364810
12653471,10761804
692565,9013577
3366718,6820081
13276596,6849621
12768357,15769882
5769714,5128258
4171175,1448358
3372558,13159537
1100305,9209321
5383056,11760643
9529406,15757135
7171388,7523497
11267781,16632469
2370782,13599953
7208579,3570729
14520363,2056705
8184229,14774761
4978751,9582704
2358137,13360305
8295485,7175241
11827163,5330717
2333672,15721166
12324199,7625858
15646417,14657618
15128502,205043
6795946,8093405
5246943,9752013
11237713,7284656
1059532,2400957
13812732,865643
4809304,16352910
8665862,6194818
16462248,15397555
6090695,3469909
6756641,6650839
10444320,3124894
12075089,8555209
12983817,8137542
15115788,14023179
13663839,1898796
6330968,89088
4034957,10830729
6153206,13724664
3035885,7818735
7706162,16078341
423090,2460275
5077936,14881641
13515338,15146682
4628529,12490650
11509898,2495520
13443282,3321516
6501197,16174967
14547413,10127301
5389172,13473059
4849697,15721214
3145597,157049
279486,12191751
14295769,12012076
12960190,810516
1528674,3605108
14905409,3867770
9660370,554508
321698,2712608
695082,2526527
16390280,2020363
3723637,12549479
7937888,10914872
9556300,14420698
8510545,8203565
3220282,6680299
13050662,7211801
16492662,11632647
3979217,8672879
5652176,4258924
5732845,5385323
6451943,10701752
3235625,7665798
10182387,12719546
14215935,8782590
3552690,3924689
11298882,16419688
15866215,7455728
6751133,2010566
14336755,8353989
5967330,6973977
177817,16204951
9791303,12952149
8188578,15700793
2414250,4180804
15284638,13138352
10989977,7551003
8287932,2562395
1004254,15966138
8801015,6651685
12282671,5679002
9242909,7051318
1166862,16709209
3253202,11993403
8163065,4649030
8712490,6341127
3824809,5676737
14161578,10185775
7436764,10970800
13250639,14660783
273343,8400173
11785713,16012832
8624999,7988827
8375050,5937686
5429466,1033767
9560922,10958317
7503265,12775418
4125906,8864549
4159222,12402678
8372126,7409091
6078674,14421829
16645545,2265057
9673513,10224157
1003235,2191314
5424022,636558
11303476,15473511
1059392,12577902
16387840,15493146
11375814,15678127
4558969,8403292
9746626,6082300
12952279,7459756
2228132,7664369
9526736,4087855
12401385,113354
9912914,16127276
2461847,15918365
5021835,11644966
2477462,2444660
2826718,14536360
6413748,319628
8613256,7421259
1957363,11604620
4491086,10820812
870624,7252444
15482130,13542569
16299349,4747052
8030441,4733260
14099689,2690683
4525994,1460166
7417502,617495
15814582,13372706
11230325,853086
95582,16397393
2241346,13618279
11288405,12904365
3553428,7743036
4551921,10121921
13482308,6022036
6162844,4195332
847841,12367989
16345423,13028794
4049546,11380118
14983473,10221193
14920320,63559
1499726,6781839
16347194,8703387
3259472,14236933
2923446,13223364
15481952,12338037
14502136,8574622
675542,129939
11164393,1828847
8305005,5941858
14232486,6896667
12941081,8889631
14562188,9377860
4871437,11205380
4208536,6771814
7870706,801023
416727,12998632
6945638,202312
4413555,2401076
9779932,16515912
6026665,14800483
9771016,4453169
15251969,5062411
2026112,7613710
10463980,14777663
7623815,16381582
1717522,13493846
5094615,4669854
13480447,15951500
534397,13355366
8476971,16707733
2460609,3403534
4739877,15873034
4860403,3132473
278924,12972687
8779533,5722795
1840369,833028
7189252,9138400
10334100,14442915
12405467,13011730
4500428,1308457
2739946,6799822
14217263,3160284
11583998,1377628
10378678,13108030
180157,14026485
9101027,6989450
15996581,285034
14271356,8418342
10360064,11959913
5631861,14779819
714703,4906240
5343795,2397016
16336898,13811631
14467079,15991114
12106102,15502420
5978163,6725545
7666657,15294692
5954265,12668085
14021709,13236992
16547175,1356556
16606498,12200333
15651765,2225526
2796402,10372155
11727859,16209691
8034000,16137271
6293398,2377716
16450981,6945198
12741271,11140282
2223213,8087480
2508149,4009984
6367961,11350027
5903106,13002512
15048358,14051479
7820745,5383763
6665331,4114798
15791006,11068619
13097012,14991796
5746383,8394331
8295997,10990056
6431879,6339304
8632355,2931500
3893727,3255581
4469917,1890090
5432387,16248313
1483197,7669686
4871287,8069306
6916383,4179443
2908161,14735917
12510042,9280653
15893039,13258365
5070148,12145918
4229813,545847
5800204,286688
3041453,4318906
15004673,14826068
854660,12435329
13001311,13607379
13772510,10062245
6556962,9249139
4178018,6637682
7752251,2071661
2556184,5260117
6874358,1436452
7723093,4281940
3450362,9207980
8418217,16696705
15423917,7089677
2501282,10942380
10629418,4521314
2212011,9357875
3082116,2443192
370335,6921891
14952859,16682317
11736671,8589983
3279658,16124010
9618633,11799534
10232076,6685981
4947726,10774548
837896,7001672
13113284,11902633
10826232,16351677
4289025,407972
6958891,12818415
3811428,74348
3851967,10382003
10592858,372925
7221902,16558788
14227668,11773048
5025464,15005904
1691399,2450214
14714695,2853826
2357588,7720072
2208646,4017306
8253031,9857465
7971083,12219517
5754452,232134
11711328,12266224
8952348,9349573
16529357,2368122
4057534,8568823
6542011,12665396
8752305,575659
10549942,13206955
16197930,5941178
1267125,5682768
4031157,1212266
2518763,16484715
15694917,16674071
7496600,6586383
11631790,5591447
14821607,4989534
14797197,4178007
575255,8395713
6036389,1752824
15159993,7441137
5271408,13905212
15068114,4439708
11027381,2486437
7715015,8378119
373416,875096
9422355,2740245
5462449,9344511
7502804,11277888
10684454,9843880
4447059,15424891
14577601,8385392
15339361,11315236
3072045,13654365
15013078,11448264
6536151,15995527
13779144,4335551
4710547,5844220
11378587,11318079
15668220,3851338
1355371,13437436
3418028,7340143
9263643,15684242
5460043,6557407
4861727,12653118
14581164,10493557
11276254,5346229
4378172,13721552
10436438,2307339
2110074,13466735
11640763,9293376
13681044,51996
11737065,4413385
270464,7332263
3792214,6896843
3052198,6802920
9579422,15148163
14567612,1342584
7076514,16545543
13039385,548095
1430551,10384934
12021771,1460214
3652148,3822280
10535288,6259934
7595696,9668343
10958896,4517436
13479864,8672313
1012435,10310457
2347544,12332306
16177668,16095565
12167313,7637292
4611137,8916212
5947695,838467
16446983,15049854
10445020,15744188
8685323,1006947
9892722,6437371
661063,16454947
5982942,7494768
6715564,5973627
2004706,7468418
11670104,413909
11847254,13184869
1391653,2053495
731598,3557453
5210501,8049566
5030483,16091726
6239240,5360902
7994357,14638872
740579,7549894
12662750,10359944
13118448,9049375
10153530,4982892
405113,13308330
10263555,13228953
1059674,11856389
5290823,4495288
14806829,10215685
12224753,16657919
16789055,7813472
16654553,1960760
4412205,7003534
14203222,9676574
2064048,12624964
15714848,14093782
8158280,2496599
8954983,5252832
5705048,7109852
9947662,5691452
6788372,12348636
5436769,15437383
244355,4508734
5010347,16311684
16481424,15552809
3635251,2669761
7124592,13029547
12154719,10305222
387154,12483229
12077881,14948906
5886353,332670
13448442,11953453
12398148,13618085
14175197,9940097
4377553,9358771
6945712,394489
13453516,4971834
9101287,4078349
3626922,10597889
487639,9974337
5797836,7996438
3903414,7486398
756008,5068873
2847752,10068315
14871507,6795836
14325042,8680380
10503359,15570541
12168018,3355281
8125218,1748965
9897541,10184617
13257229,14132215
8118707,9524735
11489895,7429225
658668,5180421
6366234,3122218
6247671,5054459
15621052,493712
688223,957078
12180127,1240822
8322323,6407633
15656285,4801587
682138,7574666
5505915,5036566
7324418,163166
4005088,13054132
13316914,6007012
14228462,9859879
9030336,16488232
6514169,11919214
8716818,9090642
16412481,1205242
7668095,10929155
3793787,16116324
10581439,1920903
5798591,4667329
4318998,1201732
16582052,12063053
15967379,2352660
15910923,13114144
12977465,4009258
2727580,7342291
16073638,12512594
10468060,14661732
11312473,14784624
9628364,4150234
8042068,12698808
11020115,2644609
5496567,10001716
13948492,8796840
5180410,1790494
9874214,4310843
10070005,9328612
7512458,12810023
10173130,5276069
1298727,15492401
774711,13109932
11398764,13440228
7346679,4477292
15343608,7588998
3891543,3102759
1879174,4215465
6665923,15865565
14087467,3888784
8491682,10865217
4667907,8136890
961463,15645405
3648708,2586172
3894688,14968034
16028817,14734986
6660751,8625798
12775598,11028719
15044671,1240331
6913901,102822
1066298,11454589
6730126,11966297
5038388,10400515
8970314,15604774
13313454,13604105
4599348,3957874
4820440,681993
11094448,4160122
4873470,10305719
1627409,15492359
16699685,15413226
9461605,14063953
11342450,2995506
3217309,3199061
2517625,2916166
1239537,4181276
3250818,12935640
1084892,10069932
3584400,1996346
9242266,15881446
10238787,12197322
2024476,8052820
12724205,13216819
2529834,8527476
5572660,1904282
7416901,9417336
14353761,3884771
3316375,6029277
11232668,10359408
11806668,225334
13353033,8935051
382067,8603387
1671754,3492918
6073037,8431279
10171476,10316194
16053736,2963402
1762902,14624305
14963960,8271041
11027242,15586070
4344074,11513095
12181654,5333892
14634311,13043699
3305728,12632946
2656482,5325715
12565963,10383250
6486865,7119701
8405902,8254289
7050846,11914634
1918637,5501805
9825894,5772780
12076920,9420036
3532898,8377626
8981584,3004324
6195159,1888889
6627128,10978797
8234599,1162886
5616587,4456898
1653748,14821908
10176854,6750438
7377883,8730479
8393618,5090646
8211753,14737536
9450856,4032276
6846086,6485603
2472799,902282
2967618,1135935
12702304,10467109
2444701,14820503
13219579,6545951
934410,2164982
3636776,5076956
1249832,1323547
15970371,11189667
15073868,16602033
2762372,10477567
2397899,14238261
11154832,15201421
6068019,2331793
11564325,5916348
16681600,6267455
12534827,8077733
12931630,16627799
13361837,15474580
8509396,12093255
9439692,2996900
5553603,11107195
13762543,15585458
4241676,3158765
4171409,9673804
15725715,9399843
3601258,1069979
1265326,8160081
9048873,16327597
6843923,4246605
14663862,10789660
4738193,4868845
15238412,9600977
1486628,2768986
14487138,16485011
15669506,10071897
8967747,10807604
2708521,12909361
653190,9538637
12301084,16565720
3879861,11392554
12221354,14111147
8833321,14169896
12288075,1031222
1248862,13202256
5671304,1448967
6039079,11366712
6178986,9166338
5707470,12792206
15970630,7635049
7155448,2390011
11556424,14322900
5266141,959672
16067489,5918531
10573289,6017097
4370294,4228359
9337132,6331150
10162818,6531596
9390214,11771958
406003,12744521
4286032,15483797
4489658,41177
9692311,11074223
9263981,7031883
8918152,7569504
15154231,13750934
13845158,13008554
13786595,11589324
16515845,16258090
10753565,12848761
15522775,7170512
11919225,14586932
15707722,4574900
13646586,3985946
3312343,3870576
8912697,7397433
12273652,10695011
5289282,1655721
3517451,9223255
5195621,12304650
14746889,10048241
9662510,11058473
480142,243516
50785,6672242
13307347,5272218
13308672,14823810
6208407,13370175
7027662,2951595
6934695,7846302
9838696,406859
13034816,8249430
14645380,14167253
14891178,13685763
2931083,10599357
8410995,9029725
15775983,10917669
15245160,16036809
5346669,1003092
7477793,16524549
10497753,15513021
1239222,4055098
9407786,7087312
11787361,10899966
2476656,279226
11389113,7408178
5906428,10452746
1877800,4164839
8309334,10726839
9512408,9525656
8324867,11095703
15990843,11745242
742875,12402958
11603788,5074702
10637059,3057414
10273142,16073660
14282886,12505283
3109066,13061805
9392384,7322799
4771515,4125712
5915869,3753852
1824501,10672542
4145599,2587130
7990891,7931874
16215286,4610084
13905606,6760860
14038384,11541953
7414734,2790027
15120470,7719932
6972478,3314401
10343429,6893647
15618761,16580819
4629857,669844
7408694,3724923
6925179,13151295
2539373,3935784
1801797,2281207
4922043,16292249
14390257,5014831
662571,11969601
15434982,2437536
6134484,9042576
10903026,493151
2935380,5333323
16359938,9988611
202089,10271081
7539299,5991822
14697827,2034601
8766629,12756373
9698967,12788851
1203073,7694888
14549825,13425656
3055462,3515264
7742739,12336300
8381910,2123486
16407680,13966935
10350338,16623152
8438647,4725904
5095984,8609860
3098193,3986084
6155056,16133895
9723915,14954323
12435031,7002698
10574215,4686181
8127881,5204853
15318936,9745689
16234356,12671376
9887160,3604954
5348542,1350762
12999680,15493385
16393948,5294439
5097064,3066141
12000695,13628734
11925736,202716
3667218,15933827
3381887,13985801
10859303,4394674
11897720,14399584
2613026,8064717
2088381,3055557
13871025,775371
12577862,9828067
9286464,10099494
6838959,15084031
5590372,8254137
9289573,8674537
4415477,16067930
16544247,3798483
9806106,10635812
2988107,7867625
687364,2356000
6719097,3730753
4025857,14348456
14970647,9668311
7526359,10413091
12997452,11277416
2850673,10099029
3497502,9970326
2131094,10354234
15230534,7636755
1336679,1654881
417518,9358707
1602263,3326681
4068919,16590541
6752908,13196399
13671606,10260264
10178099,6128579
1560456,957032
15095682,3444890
16541600,2819662
6127290,2528973
13947291,1980263
8624460,136263
6869099,177881
13400456,7363465
6607212,1407002
5937655,11981365
3285492,9609782
15605403,13713212
15588021,5917376
572063,10880141
2678770,8400830
10962844,15671286
16009358,12038291
8643168,1268678
7958545,14624652
13994025,13831028
5536667,15568780
8662448,13113037
9893232,5469362
681277,13781203
15727893,5976664
7820597,14404212
9101038,12442454
12542219,996599
4450328,5319977
14262920,4394499
16261865,11265991
14298349,5052026
7915560,363711
15467851,1995691
6275462,9184214
13980554,1402531
6992909,5201336
16729597,15000239
9027867,11996382
13703094,1436458
4300231,16714339
4105373,6640431
15672789,11960173
3163062,3295610
10074798,13321724
12217799,2936392
12885616,12115803
533158,2657449
4818410,11737721
7325961,4147368
7829578,13314490
3036437,11441062
8749234,8815818
6524193,6148094
14027817,11899345
2172399,2650634
7949861,13334689
10552963,4830498
16278017,16683355
7050618,9001716
11249207,14721280
355492,3632563
3464998,8146507
3719412,14330223
8133737,2528945
8683462,13620313
4147255,11122606
8862998,1661067
4155721,1963317
15935093,15938095
7704141,15552186
1168031,15872782
10290646,13814914
485234,1411568
9786103,12957048
10609582,13694952
9668172,4430246
16356161,1663231
2831822,12233190
3971289,5134657
15774531,10867698
55301,861043
6424352,2205372
12249440,16556117
5819064,14765226
7574759,14124690
10998878,5913585
2434737,3801862
16583566,5900221
14838579,14733660
16749295,2790883
6941313,1887135
8257630,9658648
9663535,7147798
14599252,5887098
16457620,2325992
285829,10451266
6443170,10327297
15458667,13571799
3948691,4170749
11501107,13967489
3078605,11191443
708649,13636547
15191608,4691796
3858836,642699
8129894,1879920
12182798,101560
16758185,4252054
7404168,5633578
2675591,7363627
4755634,3272212
12357143,12315487
15971638,4160175
8674695,12259087
3330840,16185601
2687374,16219942
13673768,13773484
9596341,178585
11385419,8151257
8494295,10370112
3995519,1017368
11036477,11052234
2083728,11876523
5750615,9192953
16477358,4138616
7933976,13754377
5730116,5932779
11809520,2932682
6416009,11331100
12334386,11278261
12125804,7858099
3229888,5255640
1490931,16360515
13070901,16517228
7082886,16022491
2851435,14138280
440719,4436208
14195756,15426541
10769628,9429328
5056889,8657010
15006218,5520908
3222969,5420736
16081738,5641698
101027,1025551
13332330,739381
3532343,1419498
7949173,11089084
12600849,8918231
14989267,12141171
1326420,2150504
3042071,6663089
7057202,9804538
6191956,1594591
4023090,13142443
15409687,10264216
11996762,15490827
476580,14457425
12557507,1615224
9650514,16608525
14805035,5105576
352454,10197848
8258511,2909002
9722426,2984683
10696535,16620314
4776440,157133
5776964,3141168
2481527,14628104
3096662,12678670
16126106,12033746
10580989,740737
10807194,13073823
6917148,10411607
3091142,8058394
16672844,8480984
13505933,9624916
4660144,16381809
12727136,916438
4908067,9013058
5379931,13101936
2461354,7968206
2821259,8605757
13555001,6207799
1930568,6136166
10077479,4621863
6647116,13811112
10058749,14639477
4438290,7529114
431285,6647668
345012,8333187
14277810,6221847
12412038,9950535
13128396,2155337
14966506,5555708
6623746,8618549
9189702,4658428
2602195,12996809
9168880,9337905
13471765,12508795
1506389,2204622
1292265,1494416
811788,5854713
6068105,7710795
9908885,9262285
7511079,1256795
8645777,10449110
2963298,13533128
3925854,6676146
3606020,6985100
8820548,10972741
13175712,6513650
13707008,5138396
7620475,13733242
7385170,4496512
4671816,10748820
15859250,11543717
6703413,3811740
7886340,15605862
15106077,1966231
11710700,7362773
16315746,11952026
3531010,15220276
6087064,13217569
3719418,7306536
5949097,3637080
4572808,5072390
7640622,10507728
7742911,424581
2337671,10030743
5091615,6068559
7662769,14753736
2548432,265911
12524443,4800287
4474134,9392718
12213417,1319851
2705758,6170208
6567995,5276640
206097,10117003
9761231,14632095
13972645,8897871
3333709,13846029
11052424,3551992
15492001,711337
11829958,13633558
8751889,15217455
6510212,13652889
2276197,14993852
6918226,15188620
8212439,6429969
13626198,3696145
1586286,15495361
3003529,11665235
14121266,9764791
6726877,36778
3263312,12181563
2208775,14815657
9896844,1458577
1674080,14086368
417118,4561411
13922997,11766684
16245191,5188053
6971986,13653955
14412687,15299083
14078409,5561819
66531,10244551
14317251,15965645
2303321,4312713
12845729,13983705
6499131,8876925
7265068,16328203
5879920,7144564
2107106,15057830
10577344,11962401
10785190,498906
15143106,5991314
9633562,5277971
5018028,16557836
6971876,3159642
5949950,13502116
3497572,11065895
13853713,1388678
5798354,10619816
9714462,7718446
16163592,3391623
11800717,12520038
8625271,7334159
1837084,12664605
16275215,12593406
11113289,5787121
16159813,1137984
16095276,131167
16625639,14603952
4782193,3851090
11546337,6263345
9720012,2594212
7868392,11758614
7154098,11626680
16639672,16519847
8651819,5897182
6180283,4109819
13513116,7026625
11105033,5732272
9630644,14745794
10512255,9202230
5655373,14887920
9645240,11444988
1417802,16401171
16110259,8418641
6954992,13973651
12574993,7831069
8571106,6988390
12116569,6786927
11479261,6823803
14904290,6430116
11882110,11227472
14142213,3634972
9818071,13049984
11779966,76592
938572,6157047
3259898,4806257
2723436,13783016
11935460,13124167
9338631,6101919
523645,3016634
10464181,6666423
8767191,10012658
4769205,5068401
14740318,4455385
9847807,3849297
7479156,12026435
12937337,15918730
7588156,13995888
8831551,11840668
826675,4340090
12814157,3199419
4174989,11785710
16728334,9579594
5521784,10780865
11581372,12111742
9231272,10239063
13167703,815243
5762312,3643666
9721916,16290673
11149266,4703459
12337109,9549413
8585740,2888064
6142205,6627652
10351554,16294192
7305472,11050123
7698810,4451980
10802784,11291681
9031129,15749132
8036108,16705248
7361194,15949468
5289751,15319639
14213186,3897906
1694933,8080292
2217709,9608999
14098086,9901385
643309,3703130
547935,15764840
16569593,11551503
5711259,13035664
5456760,12737115
7183088,3877330
10927915,13153819
1915449,13105493
15840827,5242407
90806,2203892
6386928,15621209
2512314,12588953
16447036,10481544
9533197,11141858
11150410,13358619
4195082,5038578
352251,2173827
11082712,9392001
5657468,6229549
9752266,11627015
6224915,16040728
8720572,12278494
11579464,4361230
2807778,13647025
8803304,577932
8302453,3031116
4221868,402703
7632932,13318171
2758831,5705492
10977076,13137999
6969344,14789285
12892224,8344017
2286891,9720378
11716981,15958323
6571879,1935997
10248762,917021
1165447,12310103
3223429,2567727
1166788,403649
4815108,12074531
15263976,8664216
10634405,2578300
14189681,1066623
1734635,10780339
13600626,13263888
7299149,2321369
15226316,11591927
15132341,7990661
10109953,12017423
10776905,4129291
9728686,6580964
14025805,7803438
1277267,12437705
2194051,13117521
646124,11106643
9448211,11454570
15343842,4289659
12434542,338023
2941165,460685
2488216,2056296
15921197,8174000
16389180,2152757
692638,3451995
8313430,9690762
15966058,8907355
1892573,14663950
8865878,8577742
13833149,12053057
1038649,15458286
1669804,5715630
9876693,14291083
8098607,12873449
11261969,11702120
326952,1378355
5967274,14391929
1033284,12129164
7134916,7500720
9218061,4664121
16489211,14652574
10821092,11269798
15127982,1306154
15734518,11129007
12073554,13366879
4966183,4996746
7970083,3046548
6597008,4284445
5288156,171951
12152082,419439
16500679,11650672
8331698,15557923
11459155,15137123
11530463,15056354
13985594,2846656
5671124,5810076
7758972,2738130
4775422,1244929
4385102,10619314
12549727,15935326
14954903,891395
3312531,15739676
11864769,5614246
8054111,7658651
11832681,3756470
13204431,14586871
2920588,12087517
1464109,3839166
9978,11179823
5375239,14613443
8885999,13601438
8033290,14008309
4143258,1439710
16436249,8602589
8945099,1557329
10308479,12171318
8752275,12428334
5687207,15690885
2937619,16203801
5453816,11055561
8782918,4024077
9964340,8279968
7937742,10230404
12182171,12330727
10991399,5142938
1073750,12321554
13377408,9069489
13201087,7819784
7587323,16341778
7016283,10436380
13779643,4607746
2636165,12676433
8529252,2895709
13750829,16230849
10077559,3864342
9675965,190858
4917586,6480181
11229502,7460058
12671007,3936398
12578222,5167694
10802808,3080392
7504790,13410514
127403,14353460
1458139,153623
949312,11890911
16740084,11211999
16243104,16515520
7708790,2195442
2741287,11168178
4979403,10910632
7622069,8947379
13410944,11824356
13692949,9213737
13577321,13945624
13271365,10862816
6128677,5526894
15687522,9607990
4598619,15367752
6168608,2547396
3888913,4764085
14471633,3625434
615578,9807699
599303,12790336
9472421,4325074
4692294,1271768
8503823,9674756
5996528,13563689
10244876,4767124
5801291,9444694
16279815,15188028
12093896,10967983
2056757,15557828
15621667,16533136
9890018,14339291
5855403,10860985
14691845,12449743
5524042,2015021
5284901,16693848
9001577,12423000
553406,15290895
2951798,16501466
14154332,9008774
3180834,5344720
13187463,10086782
3582225,7719968
14600392,12169575
4943794,16162125
16038907,16349149
11952722,4422481
12110305,5642192
11497351,2600257
1209668,11920111
4547098,13573315
2327089,16202765
9610214,3488710
14881880,3262294
13177024,11671071
3207409,6837784
4126358,7183593
16051228,5388041
5320593,14053702
13660991,5401791
1769339,13446491
2305782,12321190
2127532,677559
1312518,1633550
3521383,13974749
9808046,10482113
8333735,8678452
7660240,15732875
16080565,15546657
12094719,13039623
8418148,13158615
6980118,13231026
6351502,8653743
16459756,5493993
4356968,4629733
11132233,4727748
6869117,9760058
535785,14406460
15849971,10508991
7737410,11152987
5709059,11952095
10221037,11866786
1440246,13704004
15855627,6157541
11863792,372633
2819695,9264019
14743167,2743736
3055234,12266765
12401980,14672005
12257478,2909995
12902233,7149867
236104,219247
5449526,902339
513907,3695085
13672489,2277069
11462491,4258233
14822403,10857918
140052,3679638
3752670,9731774
3577543,1047437
16779944,14845922
2639932,6886780
15873062,8870913
11457351,2908414
13398690,10684036
6496962,10158915
5552610,9852960
13989356,14313692
7200304,8061449
2539843,10990064
10324381,5634983
12086718,6794244
3258281,11428870
1631825,5929647
3016238,5903899
6841822,13557359
7519252,4877595
16654683,9036950
12451967,16774935
15431585,2245414
8255407,7394667
9894480,10771520
988378,4599475
13449536,3719524
16512383,6387810
16635847,2677816
13031147,9796739
13383367,12853822
12955680,10632871
15179884,1246138
11348566,3686292
753072,11548017
1150259,6260243
6616635,3800625
7031573,14793362
8204333,3650451
12220309,15677805
9877450,7774494
16353781,12708927
14765771,3503105
2147055,16126042
11420155,4497624
3272705,10291059
13873009,8005814
6548391,16325275
1129726,14702028
320419,12320010
9965050,7711292
10422803,5111238
14887106,11352562
2056482,3992237
4334323,10791382
4504980,3200925
16742930,897871
6977909,9893893
4935241,16659199
10759418,11680898
2018070,10438247
11126184,7688165
7242683,5046997
16276471,14653343
3748528,6343504
6294631,5256449
7331591,5201253
10539801,2731037
9737775,2399439
8314704,2410987
15699196,6512624
4185594,7530437
11045407,7924919
778389,16659034
7945771,4055122
8697902,9176868
10418229,6897526
9985407,79875
4789715,11161288
1487205,16186620
10604438,14098907
208062,1717879
12331776,10673634
11253197,8207021
39067,14732706
16449965,3106049
704473,8783603
7111649,10772392
6850094,11124626
935900,10741122
4051669,1867454
2920229,1694148
13490668,3683663
4309768,8524203
3144855,10036805
8742025,8425006
9110076,3455207
11858540,13863776
14910810,2179160
7480584,297108
9538437,11298971
8627876,6910856
5633416,14737995
7318983,15838850
9509513,10686380
14226657,8458191
2207247,2328995
8981841,5918105
10335534,11362361
14284086,10184991
9763947,65252
2828061,11747601
4227946,5900036
13084841,3137419
8604119,2839952
6167200,3583145
5228562,10346119
14118157,6123777
3994867,15133860
481509,761072
4364635,14340599
952661,1940345
6246637,14464520
4020268,4835570
2294653,4147817
9741613,8609301
11584158,12635080
10849691,12527720
10759071,8229385
14221393,12569864
15297495,2870999
6873793,3983573
9866213,16771704
11586525,622543
10137484,4031685
7524699,13773025
541321,2046719
8235991,7325722
1124451,2483271
1928582,2083186
13373846,8709030
8960038,10913309
8952678,14679224
7396350,9952675
14645608,6462372
9615473,13801126
1323237,2000162
4845997,13047288
14837333,8057722
11420776,14775320
1431473,15805055
13775933,1031130
16254016,3748481
12972606,12594834
8614386,1691394
7678886,3676369
12497476,3720494
1506205,13558388
5797813,12971262
3365541,8887254
12477477,7923808
9883553,14204189
13536231,137103
14291120,2284044
3475444,16460488
7984626,7769072
13452214,10788324
8532214,7757245
1055343,3512342
6563494,13903438
10254916,15488317
1944451,15594109
28204,7576219
14328149,6327803
12827045,13928470
14073357,7108497
9500973,6383063
5221343,9335861
13829624,9423920
5747564,13266804
336963,16787044
9915296,3100499
6271651,14796543
6644859,8922167
1271115,6081163
4169630,3247670
13930412,10085731
15355366,14805476
643231,14339104
827458,10445045
9184408,2283225
11224135,11946049
11613042,8140600
86547,2320828
8772616,2758796
6381445,1135084
4039518,13024989
1816621,15341797
2090510,8026917
9017047,7298747
11616252,15152804
11657390,8904898
550486,1255780
10257760,626728
10569073,983697
3511019,11702148
14461809,817567
509817,1799912
16165261,7747591
3315988,10255878
7212939,8296045
634776,5587481
16382425,6483380
4256061,2421590
9527231,80329
1190964,7415580
1722714,1219774
11911643,11629771
2894684,10075973
6780632,16447121
12245705,9832038
6417308,11111077
8312570,14799356
6462486,2267836
6096172,9209936
10366548,1460509
3506368,12281527
16407464,10238561
731710,2009799
12203909,10476108
6680387,9006793
15049363,13682046
8154023,2516299
4060354,3103852
3412557,8445571
482405,6450363
5380559,3542410
2897813,1277813
5746904,5279893
13369648,8203830
16567754,4130272
14138799,12569698
1231615,11039834
10835515,2012668
7312717,12143171
8484248,16417544
6311510,16255350
500596,10262440
7722498,533500
12217115,9177133
6898255,15493676
5503316,1204324
6358597,7454178
10714373,13603735
7185344,10949232
13862730,13059722
4941090,9818278
3688495,13724753
16180215,12084280
69452,15226927
12963824,2562073
4517339,12759221
7327767,11910915
10629052,9926877
12443459,951999
6126963,15592203
11299279,15425627
7959879,9819355
2423256,5932916
15676765,15653597
5330980,2148924
10987899,5908067
4013598,15234125
1609136,10414623
7170998,5750842
4451479,1072535
15921018,6296607
11242343,908990
16027831,1255295
4830068,2297896
12713897,15705684
3650100,2313072
3063893,4406025
14758353,16549487
16079504,7758776
11867096,3260817
11820682,13016997
11192957,4195250
1073441,16597999
8625841,11969848
13349337,4669872
11925264,15125275
5273685,391997
2806911,1509427
16429157,7097833
2641604,4305446
2816273,13827289
10981456,2542639
3640314,9523289
6467366,13127082
8665472,14226168
4230619,9951540
16243516,2393939
12887940,7315670
5950956,8821763
1724487,11860554
5729455,15217058
3238408,12449939
10116704,14820423
12390848,7824168
5432197,5507636
13925169,9606804
10644421,10633498
2673851,12116080
7038510,15480716
7937720,12896980
797393,7545799
7547931,16582266
2924979,2605845
1438407,4512821
4484486,11181458
13192343,8585712
10195432,11095999
10345503,13775731
15479919,1419634
13081606,15097302
13926479,15967686
8612461,9844509
15775172,8290786
10485688,8974585
15345345,14950710
14956804,5170711
1185503,6773076
10991048,1633521
6379148,12583578
2046649,10193726
16317886,14954354
8637770,15920266
9687416,15134701
6034770,3285399
4741504,11702630
15399954,10848536
14307289,6022947
7753602,11643824
2410708,11166636
3209249,16600040
8895474,2442195
13269628,12354163
10418167,15132720
3775276,11642423
10089368,6163502
3163919,15765789
8711017,15590204
14886666,13886148
9626768,15036361
7604397,13512225
10891126,11997744
5066624,3077479
1803561,10184889
12010019,5936983
14376870,15870782
2278166,3309418
4236033,14506173
4185293,752175
14126749,2950188
1244379,6361551
9323890,6709803
3013390,6304358
8251425,8514111
13578169,8684485
10554661,743139
6031314,6809816
6914508,9904281
7718139,4656280
14338228,3747855
1503404,14447120
4515405,13857529
1796251,8514509
725924,11496119
16498215,10071943
1570815,11674513
13867190,7595543
977302,15596184
3614274,408175
16080945,11960995
3030302,16224553
16299684,7520829
4824245,6569858
2823839,857241
13526779,15921067
10388461,5748634
15993224,2733004
12278995,4813465
16117453,5380408
2481497,14544486
13996736,12446631
13422384,16567673
4781428,1735627
16240236,11411016
8752140,14165117
8028966,16268155
15344895,12356403
13430735,1481087
6870207,3954399
717412,13601781
1394122,8605515
9377122,8875133
2625529,1002000
14759918,471318
7007400,10528427
1930951,15534490
6560211,15534676
5834292,8713247
9897340,5115792
10152725,203469
12163325,2256022
5126919,15805558
5915253,5197673
7351200,13129089
2298560,13297513
13330763,1824020
8494946,13061068
11812230,15316440
5816468,6455476
657668,12934732
4660710,12291533
5183538,16046852
6180612,4783498
11448589,7026808
10364809,13807366
6702721,13675669
10080280,14438562
1821876,7793415
2213018,3306206
14309162,8266077
12683673,14679933
8498189,256187
11625207,7569223
7686714,14059487
12839774,12530894
10663802,4382191
5472216,2723644
15732525,8210673
12046231,2328291
16144194,5300725
207070,619074
3791408,5318798
15462616,4408353
257321,2591130
5395513,10805733
9338940,12998304
8653984,14195141
3089320,10331430
10067695,5734485
13609086,8201756
13506100,2371119
13073612,7953822
16216290,13387261
8688280,3507486
2102761,6669876
15723001,11572580
5675591,10373759
3181542,8737874
1134040,6006857
1601708,8009409
7858879,15472688
1470423,9506608
13939957,15178102
1035947,1691883
4910382,12681334
6682491,4541372
421878,868835
13080027,13802348
4021406,8385067
9897452,12814895
6009494,9591323
12185175,14946193
10623811,6371258
4249178,14519044
12812327,11417078
13356568,15709877
6020551,11524208
14415224,12046638
9185506,13607108
11624693,6757938
786106,2026435
12591858,4738843
15884290,13982489
6365209,1484778
13859637,14640401
6862330,6452155
12216752,9467612
16006330,10290267
2018712,9485985
2936022,9444148
3922526,108188
3859226,1458688
9731757,9537928
10822480,9612866
16736368,11866
13444532,10493395
6783081,15148402
6768749,13510159
860050,5634596
4976890,9522662
8363532,6745699
11243008,14581433
11029415,12009515
5504616,15829107
7249031,16087235
763215,5566148
9385860,15662139
1621081,5566363
16351061,5101951
9098669,10423810
2827595,11034257
1837510,7025980
10700668,10863512
3887456,13986558
10813269,3947918
12208266,2359088
2370922,9468300
9331280,9810563
5224594,10255274
6896262,2349781
3207983,2675311
14095605,16185021
13471144,5593236
3978806,11634618
13304032,2904743
4131763,10117533
8817290,8670885
12687988,2781126
3131661,6084896
1863901,5677507
9188153,12373182
9954280,5797804
13873223,1788617
2485145,12532187
3275156,2710712
2437164,3588039
13729761,11846021
8334315,5489431
12044273,3175880
16466605,912572
11085818,14252196
4521561,10204486
12603638,9969511
4709703,12342269
14647496,2526025
1295597,14783644
1573300,16273370
13278027,8388168
3078943,9569884
16022516,11903412
1055894,11752931
2887511,1411411
12117497,9225656
4887863,3158757
12786342,5803919
4752967,8714160
5712052,3422657
14560036,1089174
12845644,11047881
3976564,15117469
8788176,8065832
6035399,13450699
13020762,8664085
3092141,3987467
577916,1614783
6278424,13973250
9412791,6918599
4225766,10119003
5166983,103588
3486624,15773315
14428105,15658670
7486311,13187265
6612773,342504
15794717,2936109
9292072,11591073
6120310,15507992
12671525,3008529
15726440,451261
10200299,16544148
5478845,10933457
15607685,14228981
7857146,11833577
6258215,1032528
16765299,13643021
5478726,3422859
13308483,3567037
6645140,13781863
880529,8058292
1076847,7753578
7521313,1063046
8750890,5675597
8240823,14119358
16778858,11438939
6384543,2642808
66984,445365
6048353,6788805
7087759,5152798
11494232,13843368
11082906,12048667
5803022,5150323
15652396,5107785
14464619,4918392
6894092,9480246
13716302,10046010
7890321,4187571
8558686,11747455
10541860,13979090
3089260,7729062
12235266,55287
5016994,9644143
5143446,10864112
375143,6831386
1037413,8781271
5467241,15612817
5864901,8751630
16146759,13603822
12286508,6345473
10806292,1244979
14407066,16235788
12058993,7330029
1836918,10590258
12879234,10624978
5391877,6065913
666729,21150
9412205,8672592
6755629,5072586
1921580,4500045
9625108,5528116
1199656,7571178
2081021,12376429
10354511,7748464
7962750,10876597
8065816,1995436
9032673,3535073
3367225,5048844
9420672,2953638
12840328,9243741
9608145,8238671
12320399,14553798
2633932,15310243
2005892,3198790
10635143,14471786
3257840,1397848
12777094,2500114
6537937,16303721
7766935,7627864
8512275,14847722
2363064,6765767
14791723,8830467
5389358,13980388
11646445,14221360
2931608,11249492
12612927,534528
9508191,8551594
9668171,3237572
9581597,12043588
8466132,5353368
9013854,3262581
14263472,5083893
9406463,6381462
15385192,3346170
15367219,3573854
3108239,8299336
9498965,4539647
13815760,12087338
13837103,9382916
4589343,11448934
6191076,165621
5312895,4457894
558218,10328998
14310940,16466434
14338505,16795671
9925525,9435384
8850429,12086639
16184005,6957657
3161787,6660296
2064896,586164
12489936,10995131
13737187,12978958
7647347,13720866
1984317,16236741
1062367,11390604
3832768,9902746
16038426,7468151
10737683,7300221
4108254,15706541
13038610,11481289
11146291,2079586
9716588,16573754
12753685,4958246
15780551,8472017
14946484,2386380
2162371,2323549
15840570,405117
8996639,11280468
1921456,5475805
15718726,3083395
10845638,1071275
13088949,1425096
11811911,15543632
3003997,10358877
13106809,10546793
3787524,3184153
1130929,6313640
1447271,2052812
2020435,13642943
12049807,10988271
8552308,11568295
7401720,4640375
6228050,11498922
7784215,2943090
429994,16494573
9381570,4522406
1100508,34005
2502393,9369972
15081406,5511041
1069297,12526879
597766,12486951
12632551,11921017
12766544,4386388
7193942,11746378
11065716,5829947
224913,11111384
15276794,11787702
16625350,440864
5534187,3478151
13917022,6005712
7168416,13232320
3917231,190005
9562697,7010623
9164670,985397
9895939,8556002
11645359,4073116
7527121,2300552
2953273,5769205
11176088,3498102
10432441,6542222
9547282,14650071
9528924,11522167
8860740,6273870
3486366,6205641
10889465,4815391
11627309,7697886
8048838,3838823
10193716,8334042
13542584,7513914
1071865,4826704
10773888,3387395
7369447,15124373
3965996,10695124
14581519,14149008
1039103,5245059
8893384,15676775
7235743,13319270
2629652,12580886
13676809,7108863
7405295,7950814
5770763,9618456
2989004,14996638
10103888,954198
9769121,8149074
10779885,5013141
12124114,11938315
14018008,9189219
15446868,13435053
1155360,2649574
309703,11294964
11620978,12897063
15284701,7853435
2235938,12295868
16111468,3474256
3448101,5384979
13439424,3879414
1086575,9090105
15571386,4919210
718471,10947938
3041152,1774651
9373656,11404451
1750343,8703050
7019297,3468909
606565,13335920
1140610,6054731
5468435,888117
3773938,2753215
4332577,4655871
13641415,9882773
7569642,11617981
10081382,8003537
1512397,13773897
3725136,6122050
9316308,5477291
12290509,4045495
3071933,2247436
12174448,11297489
4161474,13100155
8043541,15125336
8300267,13924062
13660947,9817281
5220736,13621014
16664489,16148319
26363,11063569
16365775,7625243
5522952,2572592
8871575,1560523
4343572,4041101
1359209,1363444
3647920,9614288
7008793,7489263
4131530,4921196
5832609,8581128
6594021,6558125
3384827,5908387
4729325,4563479
6077211,13623347
12625417,3839818
1940994,12881332
13952618,12989070
6721206,7099644
13689529,4483046
10200047,15694870
8613021,5474166
8022775,11180807
16012943,9087270
6370526,323029
16718640,3624968
9952682,13205849
14416675,16129462
6636876,9646719
4120513,10303743
5093497,11280001
2844591,15744606
12485109,268127
1812357,3928393
13215716,16491832
14368686,2171487
4793158,5407042
8618018,9129292
16584648,6875236
8472430,4609699
12046396,7977967
6978711,2177069
11966841,4759049
1886930,11714126
8272667,15896990
15988019,2963878
9830617,4542486
6559939,11567921
15481007,2500847
3007657,6229232
8149095,9079862
9513667,12065833
12116017,15201548
9378031,13593180
7508968,3693018
11276749,15983231
12603168,8810827
3964541,1549342
5850938,14618363
7780656,11735999
2308190,6703344
2226463,11541013
2880913,5928561
4192253,12236465
67571,15318421
5045868,5013749
16787003,13547482
122262,16129203
8813700,1785193
6585600,13509333
11613530,14895871
11356913,8729
14246165,3839524
11568780,11164865
8182502,11405679
5100755,13751397
13528770,13871055
14914282,1712203
11330545,13926496
6108952,12240260
11453769,1252783
12627251,10870238
3428260,14381200
12534758,12497253
12465819,10665909
14693919,8803058
11419376,12825783
14810166,12027387
294498,15504734
12087294,16682372
11555671,13204891
5723902,8129554
1289402,6384448
808561,452949
5514774,13158765
11527193,704939
7168225,10680786
16787245,4002800
3272688,14070927
14900794,8272416
15380721,14965557
8390910,4766704
9398943,2473294
10557453,8686003
7364968,6017121
646191,2063572
10361026,16688374
5164338,2804126
7885615,15733613
2510469,2841229
4220209,11674199
15966825,9288131
13603543,6104183
9192939,15544567
624127,14723200
2964702,12355685
3354161,7220785
9488445,5303836
12863770,6966269
4255806,6647185
14732479,909233
16656532,9706355
13076745,6331714
10374190,2845875
6569186,4996305
12650762,7456523
2077521,405329
3288909,9468750
10038728,7997941
8848988,2719043
6152470,14366765
356269,2385855
4278784,342742
12839386,3699272
2594199,5236475
12121657,2427411
2160113,14600685
13527027,15975039
9011310,12834701
7752471,5119543
15369572,2026241
16134864,15953214
2328661,1528668
13428151,7088245
12935488,14807603
5322075,29691
634513,1788352
13902228,13708854
871665,13029602
13660592,9368071
3633557,15194640
2258104,3516070
3253990,1561694
1536547,11192166
3322738,14667388
1638480,12254178
9571921,2723818
10647490,7050647
9550121,3017561
10951285,3798726
6769236,5626774
6628099,4139901
11591587,10878778
15802720,6086178
14934956,1599045
9897394,7786481
8693615,2842590
12233099,13627611
2268244,14366945
7233034,8868746
3840545,15404178
13826341,12708607
5242527,13360661
14071553,9068090
10583749,100570
11901371,8756601
3075710,820994
4201430,1491230
13200493,13017722
7674704,15618414
7815392,5811536
5881482,14754330
8720093,3577483
7756205,5926615
3472929,10053206
7892819,10013223
11545203,11210401
12296149,15027012
13160754,15178117
15865550,4527524
10875353,6897354
1066004,6167055
1369545,1838336
3423382,16285278
873752,860353
6143120,9898559
5294371,5037988
14783225,8572366
5880014,688076
2844336,14229059
10533625,8646945
4393583,10887498
8332506,6839799
292536,8399264
5446614,9754444
11119594,8727312
8694470,7860111
10780304,703079
9957593,15964739
813375,6301326
12528098,15693624
15596354,11269439
2469009,13611961
10590268,15435594
16287990,11594260
2456347,15528754
10012354,7349187
10261421,13247206
4641995,15528692
4033786,9899671
13609915,6127671
14808070,16509525
6467766,10733611
1248894,6325489
11182331,11450795
15447246,8119786
2361685,11620367
13152468,4870434
8822794,4576064
11278925,10832854
2164352,3276867
3049942,6909568
8395410,5040345
10247789,14874572
7392930,15115541
11486965,13090519
8830968,4035617
8432696,15531634
10618783,2296389
15318305,14775422
10450656,10840486
6179411,13291707
11012094,3811310
7589714,5908204
3707258,6999204
8466581,11209214
2887729,386443
7403346,6932183
2292482,13042899
13131975,1518705
6813787,5856204
14527053,2491344
15334005,10646672
1792357,12610103
13294070,7759078
7573657,8117967
10960806,9082201
2306567,6863973
7894202,11112360
16780139,1937998
3768654,15495999
2656476,757901
8898732,497257
1065532,1228441
9042841,3370637
10801015,11868522
12485141,12795705
14921772,14721708
7030989,1956898
2858393,16066201
1921657,16271903
9262250,4437325
5239581,3901746
14873777,5044889
1141982,10220802
8928780,14461526
366987,2214127
14445236,6649367
10049651,14452434
15990974,8214641
8281735,11703084
4315214,16024607
332089,7960182
259107,10885219
13972266,7785462
7922116,16349694
9358786,2894756
9745145,9395632
15853733,13545638
465037,6896971
1722044,9703714
11213091,14587116
523484,3834667
3314119,10448921
314162,12959783
2165375,3349759
10332698,7299429
3997492,1756507
9614970,16686385
2640419,9284467
3648230,13834043
14087468,1875832
5241706,3525254
7300213,11953320
16647720,52332
15676327,4594278
10038856,13928639
13888152,1281975
15846672,10938605
1996269,11459792
2855321,11829267
6478921,12883878
5273699,372302
9316520,8433385
627709,5468915
13066556,6814862
14833588,15720832
3548558,5218950
12626983,6130775
578507,10977920
2009305,3441466
9013817,12617669
13097648,16668147
12911994,6339788
16114012,1432889
13828336,16768715
9578614,14015510
10619463,14911592
6349053,1209347
11779213,12117219
7326644,11296736
10207536,4032112
5459928,4567252
14172407,4582304
9226625,4553449
8200528,4209570
1351219,6063622
2064453,1680845
7658605,604426
4362841,3857903
14585103,12700886
13352658,8056953
14362493,8877669
10175255,10765090
8722608,6977916
2954859,13671715
9337911,13460234
16750996,10761985
12083268,3433959
11544754,16378345
15400174,12121091
841121,9106926
9042502,714592
10541907,11806243
6913824,10956012
2688476,8387343
13925406,13133310
6185910,1832075
10234876,13348787
5279646,3242139
9414678,12601355
6594486,13743607
15079950,4689222
350824,7706928
7077157,5011851
16277369,7651516
10228597,1390413
4404431,4276101
16135972,15871272
4955579,1427362
8329230,15611339
13990343,13931649
8889231,9744895
7108696,16267045
12756373,862500
205772,11203774
8449211,15388637
4657361,8464412
5170035,309269
2375765,11212883
3745126,5930055
971773,1246253
7735930,6436487
3432611,13515759
8154208,8245360
14778915,15053124
8071221,9688808
3467950,9843240
15445835,2262701
3431408,8365523
6464904,9002928
11242119,7303336
9205217,894217
5969242,9821461
5452856,875157
1866456,7472751
8431973,12581390
4091020,2795585
3878857,12742453
6252844,10150458
4812020,3353686
14479523,7499487
5538302,6001794
4612103,13632491
3892533,13268369
11970611,1215090
8294283,12453269
8136013,4544189
5129647,12136734
6669835,470142
13257706,12888792
7039371,16737210
7800623,1339802
1696183,4437173
15503270,4462155
11279910,1319128
2644045,4179610
6729360,14011184
15837444,5176960
9241345,1971561
8757017,6732408
7083712,11784668
12369780,5685726
843021,7235052
11295259,10195896
11936800,16561173
12527238,7597652
5933271,10481867
3653301,2625274
2097269,8332114
997749,12998417
13454835,2255990
13753114,6802718
6759394,4530032
7767045,7859615
10110844,13182452
14391853,15129816
8485952,8703165
1242829,6156143
6122655,3756706
11917137,2603803
12016418,16439148
5077403,3255299
2045595,15302922
7188544,6958022
6300607,1699860
5237313,13512681
8912811,763219
7816524,8127800
15871989,9874397
8770310,11460123
7066329,10382343
7229982,4386997
9814838,10596977
1813933,1694995
810545,4277116
12117652,16442224
8350284,6476016
10761950,11786991
16246759,11713236
7486215,3831632
15277091,11138925
10715275,2073441
772530,15161273
539295,15447256
15252360,9036745
2097199,5740705
7954802,8963929
148779,12922
13344813,1487127
3257210,5165245
11933250,3254442
14754710,537790
799636,2218277
13044501,3853658
15097678,5439883
16071843,11308498
3005835,1653275
6402503,4064555
2817688,10028933
2807970,5649452
9876868,8098615
14383495,16513284
4268989,6232726
15809160,8978636
13241426,12840886
1090431,16611982
5921410,9899681
8760602,13058410
1008900,4976870
7009060,916706
2136475,6731847
1268687,4091499
8572282,7742419
9182040,2048991
3636949,14222876
2528334,11288265
13114998,10755718
13542535,11239368
3389500,14638178
10578793,7916756
11326341,15181773
11378387,9976367
11681698,3789226
8046947,2658995
1408743,8014703
5551062,16409796
6199532,4332034
12763137,7989155
3362653,10459859
16413613,4820561
8358759,6909332
2576270,2702327
12389367,11772161
6727397,4456317
13051942,16541932
456554,11099621
202549,8979325
12799679,10666098
16745795,779229
695091,4346675
16514812,10163062
7398649,13293836
13910811,9563295
13304582,4826382
14931731,12633195
4869307,11223028
11066000,6899542
14454437,15256823
11785009,3707399
6975619,2811071
15652643,14985261
2953002,3505520
1988765,13457459
3550922,6091107
15565609,2107689
2859700,8293981
14439592,8928089
14581297,11892273
7978791,9679003
16425786,2605656
9927519,11723506
976807,1478217
4988220,3085683
15431484,15779886
14530995,9543243
9207105,5573004
10377727,16365661
463743,12823805
117966,10482833
3316288,5402405
5177750,13583457
2670704,2241889
11763269,14914577
11789768,5232581
10255395,14692229
7234134,12431444
11565150,292558
14444957,5233412
11497713,3419944
3296624,14096097
16191152,5663788
7792266,460127
1152661,10893122
12519656,6973486
3527290,3972376
11089284,5223209
12953442,4684289
12101347,11460785
15323656,7665885
10168973,13405390
10641387,5931570
965001,408639
3644724,14679763
16261712,3610352
7579510,14301888
3758822,4107655
6722879,3285842
6227132,2137435
2226229,195729
14769724,16593247
13912313,4194127
13106236,13654365
15278458,9268992
16425290,2993140
11268198,8135355
12806624,6408480
16393785,12409392
9475544,10101955
6733414,1223379
4234842,16004384
11830336,5421934
2364849,10890892
7643596,9411101
4382382,8687449
14434944,12997313
16694598,6655539
6224743,4430651
3484885,9724112
431887,2283637
4298158,16742394
5305595,7679790
2104269,7989392
14205719,7919219
4266191,8052091
8120710,7827928
16040539,1056964
3875149,9544554
15127686,3785799
2329735,9554974
2097214,8705215
14270670,7014140
4489926,1525172
15797881,15036920
13898278,9449411
7694252,2269042
14294464,15016174
6377576,710583
2547401,771885
13769515,5888524
16624579,6178994
14675014,14610881
11818411,11160434
11415231,16558503
12494654,4803817
1281292,16609300
6588112,12753457
7470701,3784303
8650114,8584097
9020888,4448578
8888848,3450923
13446199,6123021
658037,10495283
10498664,339814
9668150,4420304
2644529,577037
6643700,14643338
2080429,13725546
16545737,5372829
5404975,4650345
6160908,15831254
7449474,13456813
1156066,7684991
10484613,4777906
10267548,16349722
2509271,9049861
13525821,9036502
6735965,8205042
12118099,9762253
9543287,1484443
4904773,7508362
15766611,6693563
596361,15631435
3954813,14216921
4536989,14176848
14846295,10914870
15022913,2839181
6845138,14670312
10454742,5061086
3016692,12891414
6901564,14805516
7906859,2904068
2498025,6559273
3826842,2380755
12977625,15370000
16741,13086863
168841,381868
4926601,2924315
15361558,10129949
8360098,8624747
10761368,13070624
4138933,9439676
15318254,8274124
14672046,10440566
11900686,13698720
5157023,7361753
13236110,6577338
4042042,6631961
11783175,16382820
12327982,2236920
11359876,6507629
16512525,12950765
16256090,9816518
4107640,8993745
13701663,4912955
4880149,13248079
716769,11010546
7396548,11844891
12121732,13191376
14668862,13117806
2270826,6256293
12329434,2430822
4207446,15942333
7797172,13601718
8892558,6053092
2956667,10726881
14771773,16454807
10263083,7944915
3777579,12116896
375669,8162039
1270782,7441382
4680087,8508502
7671745,8737277
8020191,13114886
4662681,7382883
5354524,13734925
8554807,16338132
7248022,8029766
13348949,15203556
10655522,3421300
6369711,15737774
4652481,4551651
1165335,1714616
10420771,6837016
16442134,14485196
11787053,11863314
16300360,10767184
8059783,16228803
14488213,4101558
6873975,14923900
12465501,7093090
2953871,13469478
12276245,4931863
9367065,10516534
7201087,15288869
11272142,354370
4673279,8607238
14439170,16038215
8577084,12354525
9714485,5370873
658658,5070236
5243005,2495244
10953441,10310153
2150343,5599516
1720897,1658030
6058986,10092439
11501452,5028918
8128987,13981641
16517359,9093701
8442867,7206526
16793647,2867629
13075646,16115215
4985041,1222550
15197979,9691662
95237,6602707
15732963,3451104
14709391,5402016
15698309,13495957
7879612,9985521
2203986,16623880
4003028,12757146
7535420,2557643
5943652,23454
5678020,6621979
11086377,9946568
7619635,2691566
9079594,1492753
13833631,2495270
2098574,5822620
6914106,3454928
15739538,10729866
15206254,15743056
1231461,11495916
11475354,1096155
4047210,8507371
10486790,16541471
11641663,4192861
9219262,5913664
10027647,6390065
15660911,5263288
12353748,10353178
4508095,15327577
12667273,6607232
2191729,15057835
6329176,5825538
8374788,5218528
8057961,15105375
2001920,8420922
12162296,8523908
5334433,8150017
6531003,6663774
7950579,14023539
4429652,13153538
12294591,7525129
5323642,5527372
14832068,4693275
15572379,9334673
13412063,12298624
16315547,8470
15005125,12522454
1597068,278752
16303726,12332920
12153356,16070314
10825567,5683656
15345838,8473344
12593240,13900988
7902299,11519768
2480138,15468978
12307549,335704
12416173,418915
11739305,1648882
4922320,7783033
10411191,5808548
6456315,11815770
3634575,3912102
3987765,12682970
9898737,7256118
2781728,7175761
13002955,14261493
9246939,1957949
14415471,14282945
11676346,1497326
5545913,13949610
14687184,9371538
3093571,5769649
5108675,12725726
2158287,9427223
12974849,368319
265645,54990
2242963,3254431
3979811,2508250
12326915,432359
9104860,7169178
13705497,9418503
15776239,1947173
9593089,11862997
9148569,1617981
80588,9821356
3685024,125488
3054354,8390601
11344959,4396879
4921184,16667103
3650763,11015841
14479661,14223416
5618394,4916942
6783612,16179555
8344387,8321432
7855568,15934371
14578335,3268157
10468170,7045542
7593109,103652
10124754,460027
15624945,16577619
10073561,3784407
3062749,5087803
15296693,6072902
13260435,3629499
8395678,1430212
12251796,16136346
3335268,14781544
1061217,150150
10673377,7805878
2551493,2477621
8217193,2714057
2067716,136376
7191311,6475418
873365,12006793
742220,14301544
11401412,13339117
2336330,2899081
941213,15079226
7885392,4760213
403810,4223852
6064507,14271515
5030110,4202565
5503820,7561181
1859912,9086698
9339569,14440830
4642267,10216561
7276516,3895407
7514982,3128923
3031055,501606
4117752,745531
1698025,8558594
9147649,4330916
6745836,13361590
15482135,9214783
10610510,4060170
13478462,8150273
2597746,2814998
10974298,9964833
6290783,13693839
13017071,4655502
2800050,11483827
10553114,5934189
5498760,2767368
951007,14815179
16547188,8582198
2902762,7442757
11621042,9626455
12888333,4386535
7720224,15589798
4369032,8362555
7641493,12829087
3183543,14886537
10178426,11790148
12955003,10468586
14664629,4346382
16652238,4121371
6128011,7187599
12606097,6284365
13550534,4398274
12370076,14130292
11007462,7753684
3452959,8345737
9017661,16310143
7031701,1328025
9639797,2195076
2072228,5615209
16202895,5091117
1285279,13965225
15568182,9393013
113455,5918057
14547160,3489130
487175,1261732
14004059,5331869
906474,15585999
10634484,2296116
7402554,11946468
7646779,12988850
3321939,11594281
1318566,95564
11684514,2003626
4255887,2221834
6589731,11992615
2789456,210805
8249986,898017
4151381,11788841
15294379,10672340
11215954,518918
13904906,4013464
9656973,6970258
5807053,16511661
12949977,5163541
3042415,15310938
4869741,4070155
11196619,9795939
4850641,4743715
6404645,6527907
968181,8988617
4167790,14591840
8054317,13648022
3903403,13715566
9126504,7269902
2225656,1300423
16507602,5954624
553006,12722514
4088095,10245925
6405311,1301576
6336799,15357005
10605063,10345823
7083503,1632372
979002,9552509
2202544,7547247
13632760,6509292
10824644,5856106
7298864,4881672
14373940,8835444
12815828,4653013
6200880,324268
3288996,10990453
4382380,14531206
7072035,15056272
5694995,317344
13751025,9514761
2411173,934532
7319646,1980842
4400868,15690869
8071376,14518512
8752769,2924343
3013056,15304634
9908191,914717
10971998,321627
12428677,2385427
14100130,12862002
14257690,13254484
10811800,6352627
10539555,1460499
5179815,5915899
1194259,13799409
2480995,3474485
10408675,14138235
15048453,13412993
9249768,1744687
16678819,12518804
10852940,3823202
8217271,4593813
9729188,6144882
14758485,6461010
6364206,6596746
15634358,11976958
10837378,10044029
5169160,2205561
930107,8275506
9829362,10058372
8692372,5243742
12991472,15445863
3538729,9540560
5376641,5157938
1515287,4898726
13191500,2517460
2898118,9299696
16545003,2207318
5474849,2351314
16665153,4691017
5190048,11330802
2492150,16210856
14298997,8866459
5576533,16731855
15885416,16312050
4635233,11719286
16472458,10932586
6438333,2982318
1661755,2733015
6021621,16489612
13379116,13934819
5304445,7224937
8463306,1675581
4862566,5917995
16176468,5943755
2399792,7206210
5455935,16709584
2662910,456874
11925092,10914819
7756031,7043580
16127080,12345960
5429723,8500208
14261253,5104859
9804130,7817549
13936653,6221238
5864147,7455948
16439718,12828415
14650485,6204675
2094374,6039395
9185811,14094101
8602529,7359253
2018098,8995472
5968637,10806277
10352503,9083326
7482001,5073013
5854755,8784376
15397191,5412233
4413890,13190617
10976462,924454
3954200,8632763
13280578,16106106
6228235,16399114
7473834,899312
7511994,11070628
15454176,2289116
1819374,9477611
15109846,10215851
4986535,8419023
5447436,8873378
9678590,15434267
8525445,2842696
12426795,12564983
15687116,12400144
1370064,13390820
5694885,5528237
5497071,2528236
10159569,14451121
10326320,8603746
2003354,9811680
14492568,12896335
1065570,653694
5049491,15074478
12721443,3212071
5109116,5776694
9930970,15480056
5134909,7605719
14183183,2536044
12666761,6369860
10839049,6296533
4771404,166136
6076739,15867606
13394137,5785690
8733643,3463159
3173978,13381933
5836774,4143066
4475247,11677878
917579,15732918
7503531,11031539
13320219,12570801
8420253,1931700
11569385,16358617
14648118,12846593
6228465,14706151
13588594,12491234
7752765,12632434
2070498,12641743
10742734,5232561
8952196,3538416
5995230,15701796
9302092,6445553
13016354,6839863
13384124,3344123
6847120,3908618
5165719,9153019
1238524,8075423
7167021,15331204
16711860,11989224
9263614,4180735
11485721,8814975
12079494,6334854
1276633,7395060
12962989,7120756
8052717,10556345
4676139,2909493
10214410,8010831
7621361,10365505
379142,3299059
9969991,6012306
933776,13444059
16525340,8781985
7598483,2822328
12004464,5220660
9238881,6049448
3274792,11227093
9505005,11290679
5732540,16720361
7738126,15611065
14483799,5392894
15163327,7890063
3703048,15302135
1037414,4498911
6634620,1899025
12583150,15223165
8962534,8846123
7781315,4023815
15229238,15003368
5844043,2921364
1516447,1711064
8161820,13306654
12913109,9229415
7370825,11436164
4921572,16487596
2933861,7178004
12911726,800020
9479269,16043888
13135594,16569997
3318584,9346041
11354573,10142496
9966995,4682685
9096078,16764359
1423717,12853284
3160016,12632837
443715,1584771
6808900,10225655
14348570,187576
9354597,14768210
10879080,9205591
5799204,1640087
14577488,6586313
6889233,2675898
7108992,3806205
9874791,14795917
9381521,325723
15450553,9263501
15356071,15967241
8866963,10512720
4461396,15600947
423671,3985319
4275564,9293623
12848154,8719185
7318606,6830336
13284112,6695097
212661,7625468
1467785,5178188
13405257,15172940
3455211,13493584
15986426,2924980
121320,15942460
16596054,10825841
4141199,2299969
13268980,13476194
16222076,14778704
4717921,490857
2784769,1902364
3522688,3658372
9596649,6238621
2154691,2283875
14447968,9382070
12548567,2327701
10066717,14958263
15438591,7687799
14067017,4532570
1622978,7791601
78701,10885802
1716806,9213398
3123217,10350670
5946271,13349787
7696975,8017493
585107,670165
16464444,5957997
14377695,7052884
13868391,3523874
8813670,12722888
5400025,668243
3791478,7461085
5930978,13902899
11441543,6839114
1258646,14348665
8499468,12127548
10504969,12364807
12876923,5518492
2280167,10607391
8377036,12899418
10344145,12130556
7957692,5425676
13136013,1991561
12770198,4347574
4158018,16613903
14030451,2073663
13483010,16437979
11611266,3501543
603520,3433393
1542937,9603003
14401933,4548596
16075515,11610963
9028367,11915786
574758,14637742
8992630,3443320
2713313,4326240
5586775,12268713
9311957,880284
27018,169316
10325531,810194
8343122,8448226
1020501,15308252
2077494,12259768
9845888,15177690
6533328,2034010
7498600,12436318
12369092,5679032
104643,11127743
4611363,867743
4168937,10130266
8155580,15785781
4200666,9464211
4709056,16285738
139585,2488701
6733668,8271855
315706,191571
5486547,9882263
9255896,9601207
1287365,15642356
8763472,12378297
12684176,12004128
12739165,15678753
7834021,12851325
16257814,11301578
3380977,8208541
3616828,12997466
14966868,470076
8127751,5431476
3270365,3461941
7845162,14816796
13925381,14120643
56872,13141701
1770455,4410960
14087401,15119361
14175604,3711547
2988839,1923775
15805786,11232467
14029653,12071485
12132264,6445921
11419638,8762749
4812684,494677
779615,617636
637707,12676914
7591769,1216643
12775923,11616694
2888770,10002204
2760151,5739311
5632473,11945695
15914476,2089581
15620882,11209124
7825905,4248235
10796424,8163100
2158714,15700787
14066943,2414861
3532293,5381502
8189601,13709190
1376774,121932
13630186,2889487
7250173,16104796
6354839,10973634
6657850,11531980
12252700,10514838
10363479,6918483
9875478,162867
7359631,9887958
10003776,575276
3025746,14976767
7909105,16037999
1158892,15272140
691019,5485990
7789160,7663999
13119686,4859268
13369896,87801
2416207,14112606
8330342,6976164
14623515,10588824
11999850,14432514
11567394,89792
3315977,7557577
2029590,1157808
2007605,3051464
895842,16318950
6386281,11224716
10291863,9140126
4745291,633862
7950112,951450
2521320,4944684
10196912,2289557
14812421,7895636
4949408,13626869
1381275,10367451
15209394,2116443
989940,605639
13544720,7998352
4163006,2659230
7848492,1932381
7517126,6128061
2362456,15893166
15201131,2937591
3534985,12334307
3574893,12532975
12765150,3373900
6002463,595272
10823039,3077429
13480377,12373122
7484230,13810183
1945001,15468569
561476,13663396
2374607,12936013
10216227,2056772
11286318,5727564
15401209,4116665
10649267,1019478
15259731,7484876
16408036,389451
6046552,3579191
1898428,11865863
5416654,15867229
15204938,4814477
5428074,14681574
445213,11121060
8987774,1620357
258539,8523929
9239604,8599821
12211099,10171538
14874523,12724128
13390326,5992216
10074845,13835702
11287669,10620850
14241580,11715890
4299123,15766531
2837690,12621167
14148562,15618328
14751887,1931920
10770072,6566265
10357985,205285
14286031,12230776
11564640,6739135
6952771,3702264
16049181,13699035
2280115,10363896
2953468,7762316
10093052,6013474
12776623,1983041
3194105,90154
16302549,136731
6133334,13852821
1164389,7435957
4643370,10555848
6106252,3290201
3529209,5609522
4906155,3095509
4525888,2955600
15927338,5885171
15952927,1799964
426082,8954579
13409829,5775249
12330834,3393321
7978877,6820931
9326614,15970524
16140721,7752853
16636641,4778962
16279247,9928456
6528377,14931236
8872023,12436963
11809867,11319495
3191600,9057495
10098549,10186135
5571045,10863028
2533078,15179233
2335864,15574480
14403576,14021170
14572375,16459
15534093,2810425
14274085,690180
10539562,4261247
15383339,7226432
759281,11466856
14619491,16077114
572139,11565174
6256828,2370755
7406013,15542027
3587440,4147179
14480430,13186965
894447,12274521
9653998,11594262
9432498,485046
10009464,689177
767913,12543103
11719952,4109513
8850312,14790427
2322946,4419718
8137035,4144088
9479628,16656794
13684493,10633954
12627073,16348048
13393310,2423409
1003963,592638
363006,7497375
8841783,11345065
1329529,10360158
16632868,6068527
10339716,12497088
7194131,1974456
1857446,12762735
16067051,12842883
13520991,3965126
14741834,4982941
15603132,14107859
1775789,4928060
7820826,3231020
6710556,11168843
13851972,7666753
4945564,14913759
9730052,16146114
5899678,6458849
2053641,4310937
2744059,2803412
5568310,6692561
13095916,304667
2945820,14377391
15621798,3971252
8925629,16242093
5068999,524617
13559377,12225926
4036924,13865165
2756387,7875844
12280909,15973124
108176,2950052
10933283,14581391
4255982,8868864
4916515,15989239
13453675,6788884
13486080,8088454
12268143,7832100
7627459,4965825
1728008,8032220
13139453,14827328
7380903,8133962
6663997,1604627
8940049,5994532
5317179,7379585
1816659,972018
11207328,10551235
1110098,8555348
7518270,11655278
5477831,10788784
6569739,15368463
4975365,2383946
2301892,11316303
4079309,8649764
6146881,5552274
4799569,13858755
2796735,5377734
6491097,6563564
5117634,14986675
13755426,1734593
4826932,1005750
7226554,12918483
12568887,1314667
15920945,12887644
10202649,3748003
11542019,14420589
13753720,6094399
12883128,6413311
10830654,2216521
11873966,11023704
10875859,11427423
14868872,8683793
12668990,6158174
9215526,7359691
4739684,15366568
16575919,476591
9574362,5440198
4642530,12695645
15223364,15867641
13993584,5172010
2185526,10105959
5457030,12175129
1094537,12808584
5339030,11058709
4126852,12106181
4806979,12260343
5838257,6085967
5197305,5844979
12681523,4852875
450631,9345018
9748762,9457930
5616581,10807328
15952372,12680626
10006345,2832078
15913984,10372377
5276566,1616016
3513426,7673944
7915251,16438678
8672007,2425630
1532779,5034667
14772103,950490
2968471,13739304
1756740,2788230
11941873,9567801
10660599,9908251
14067470,2184059
15765859,993312
11633150,11685714
2613249,2311346
16047793,11795800
6030551,902164
1344171,7954712
9843002,2226678
3196164,9409113
16555546,9995667
11529387,12641714
4031083,168051
1389517,6566840
11541686,7511099
13436213,955105
12746805,15374595
5517176,5546491
11555001,7380878
2305595,11657998
5186730,2456735
2119249,16976
121886,13795564
11434248,16355050
5199728,2486602
3478048,3257185
4703658,12840819
13392956,2298707
5826735,2714152
9705201,14682129
10670784,8315154
10275739,14866467
12404450,6496957
2436917,3556043
3280130,15020372
2942043,2722692
1643889,6059901
2135075,5258126
2410043,12577529
11765198,11014516
16426792,13151967
13179249,2801995
12615514,15429489
5795447,6755215
12889733,2720524
6503559,4403837
8181530,16220879
13985517,1544944
6881333,14145566
7217565,3117905
4503477,2489758
2057243,921414
3170119,12352019
138872,5667337
251404,13839978
10478888,5150292
14654355,11022930
13383341,3401965
8220739,5924780
16258843,11516845
5960252,3390548
8024332,228048
6338712,14387121
13603170,9049985
3039906,449421
2983261,11764323
5738419,6525423
1572099,15860278
1604126,14009396
2310842,7345966
14149181,12097593
1535650,13298093
15920053,10395432
3404129,1784339
4069314,7434325
9437933,2184913
9466442,11766093
13053787,15819343
14830156,12894128
15946225,7514316
14812543,14784980
11120098,10162833
10249691,9305616
15879791,12147702
409893,5508799
7098879,10865253
16067107,8335768
13446263,5526029
7637464,10986046
12880178,10757014
12472488,14749816
391202,1629524
9013021,323840
14873790,10308142
6995732,6058079
14310651,4527991
3078586,13776730
4296561,11926496
8814556,2621171
2092720,14099514
4528873,6311325
6005713,16547697
5548663,4103463
15194341,889406
11018205,15912584
749379,13971352
837274,10857392
8019022,5146797
5947855,5327689
3991523,6920651
5403954,5852751
15753422,15617101
7504048,3735980
16029492,14276405
4207444,9975128
4969909,209747
8854615,14221637
12007290,8026710
9741345,14572605
2563884,11722433
6618107,2246096
10061873,802711
11746948,625229
693188,2369442
10265305,1828087
753761,5858831
82764,3496640
8788187,7996817
5276435,16041454
437693,13665902
6930747,8391606
13025698,14552504
4809265,3115285
8891178,3704670
14407953,16285
5598418,10497073
657828,7973710
4695803,3751754
5933769,15152916
8848430,823651
11391831,3775749
6110076,16295657
3172200,572290
12898415,10020894
5699236,7109754
15137238,15792457
12048091,459352
506942,8305203
12531690,10654395
14770015,3090140
9637350,11117322
11695052,13368012
12566540,3035339
5597658,13649071
16335821,6339168
1000623,15884342
6680645,5044130
4044721,3631240
9046445,8163019
8718813,9011081
2334609,6130287
5681544,10192884
5182690,9583252
16725527,15979209
9803119,1140608
10103258,5093626
13090241,14192341
2460411,11766130
7456225,954615
2326895,9322933
8640217,1946797
10780707,16396589
15606762,5798047
10326886,8624269
12586139,7048216
12659337,1722244
205912,16510510
5434201,11905668
12936078,14663712
14432244,4655817
683678,11791323
3142859,963494
13265588,1177106
1003791,16695318
3418886,6274552
16274244,1627848
7287314,8717737
12833761,9708631
14599945,2272289
16137852,9593596
9245785,3219342
665236,6976918
14115706,6487288
4903066,2313957
12372337,12269855
11207712,2753650
11324717,9300092
4985477,15183898
12247731,12670068
1663583,15309701
5230158,323532
2118338,6538022
13614132,8923472
15869229,3639830
6848856,14850424
6907565,14196818
4924780,6660827
12937417,4905299
14775713,8245675
9809014,3141490
2457633,1329503
2525005,8933433
5856382,16796522
6036656,12682075
1547002,12240688
14983927,3499800
2398744,10801147
5844617,13453167
14850468,499232
3013596,6044676
6487310,11101965
574524,7474304
14542645,16479260
3177071,12010305
575335,7884241
13222084,2592635
7046958,10750280
9594647,15076699
4225983,15648454
5519794,12892581
4471863,11091816
6119151,2465363
14152064,2971880
16108632,6951421
7896926,14994491
2993219,12667150
460157,12819033
8565272,14313990
12338805,12501596
13094164,4652283
9749134,12423901
12258776,145968
9042169,26260
1522936,4636046
10047867,14478938
15673651,6803445
15665432,12262566
4663505,7261846
6148044,7498140
10759088,14811545
1520779,4176125
16665735,16006004
8544755,1425950
10274269,6824203
13883842,15435593
7763859,6238923
4524096,10371883
10967907,10131029
10550368,13160237
11919400,9780674
13959109,10363081
11936259,122010
57594,2281675
1612167,9934738
4433076,16202247
3367959,639644
4271078,6278184
15603938,4925345
13739009,2633597
14749392,1562546
6952581,8561000
14284786,14591370
3552462,8589214
14331623,6773240
5294534,8111101
9474088,1381172
9772355,5370422
4807909,6588546
4169527,901672
15496302,13187715
4937615,15663807
13418424,11144434
12352358,13948727
15896607,5051233
16709336,11103272
14511911,11561255
6456729,3123882
624663,13568771
6117503,13162495
2154749,11862759
15908858,1667260
1112428,12074673
7792485,14095520
10610479,12888158
13234875,3812628
2630187,15629528
4314072,10431740
13947434,13245831
16398473,3130525
4150998,3501404
8322516,4002689
1981939,8847196
14400971,13573556
9788715,16706379
13540669,12770647
12790769,2927392
11418191,9016372
15684946,8086630
10978333,494716
14113401,3221608
1016488,2102987
14895312,6026169
10298748,13994943
4537679,15500299
5173728,14279980
16374132,13085203
8904904,15003701
4410870,7360442
12137907,13552882
6869313,2041026
15432035,3147780
1669923,5960011
15566750,8857911
2264229,13075585
14544670,16404936
3677400,822167
218924,1751305
6699933,7707286
16162442,2462590
12663895,944719
13226358,7589658
11948560,10631931
8014912,2463520
15747934,11492304
1626822,13615778
4429657,9539750
16228588,6858705
6209879,69803
6057944,3091871
8441879,4391341
12890903,9635232
6370783,10451065
2772830,11623181
2063272,13103480
13764055,7440779
9030913,12217570
4903685,13223044
3036523,13453406
585002,5304436
13991808,192732
12632327,13108642
10273335,8468928
11154598,5542396
2236459,10624915
9596661,7012318
10646617,245894
15481930,5477497
1033415,7489024
13199639,6598730
6865680,14742671
12088840,7007965
3182044,4619337
7801769,16263460
7299396,2946320
10777678,2175416
1922518,7671171
6153448,14941688
16545507,10934585
93319,9234000
4258134,1887191
7642745,14741799
4986359,13360348
7659007,6736966
10441833,12584909
10359093,2782820
8065243,1652809
13036906,8172822
4387859,1725997
15325231,5350223
13941305,4575209
14776553,11184064
15501991,15584216
2200580,12916912
4736686,2121535
10062560,12244336
6261667,2242471
5249660,7248025
10800336,15831150
16303399,4767970
330912,10067355
8868318,8822021
14552084,2855809
4143749,7346267
10886322,2651080
924729,6269103
1610067,15653147
296883,4380574
6711185,13453708
1871513,9005552
5374109,10932366
11633159,649132
13940937,16785664
9713120,5365469
7402006,8996421
16081024,10411714
1080617,9291460
8344918,11857457
10548435,858876
6451485,13259464
5870573,13900361
4766217,11724375
15534358,12198979
15278671,16484794
15535801,10990431
370859,4845225
8737948,3653545
4666740,14232781
14984509,5544409
13595601,12565205
11411825,15369019
11181007,10148981
414694,1637381
6769277,7300145
3510169,10597364
5435261,13981301
4403324,15354754
9933109,8656930
13539621,4723340
11804767,6763954
6327922,9903421
10498603,606924
699081,14483637
13764818,13533940
921683,8268589
16452840,5979742
11637840,9764415
4744341,11583669
15782824,9646394
7283241,16213278
9724109,6534457
8994897,16540615
3129230,5692480
10543588,3389370
15367604,15169655
5496739,12631849
16456526,16377978
13923144,7307703
12007746,12804174
4176098,15572901
15499625,4383291
6517552,14419632
10890453,3013866
1427447,1320918
512578,15858330
2699063,2670896
8876730,12576947
14723881,5575633
569377,10838206
7187625,2044200
5020374,3037037
4341023,6305633
9159371,13469213
5535890,3390670
9765053,4479489
1566496,3897390
4219685,1112419
6651796,6205067
12716029,4913308
5208621,745486
2372569,11973476
15131723,13546501
12699453,2893615
2597308,6100385
3874899,8074677
9458373,10759683
11909817,9271215
14549904,4733067
14437089,16539427
16102508,11037818
12082747,8123825
13001771,16259170
4595949,10554810
5059673,15956836
1244432,5774682
798728,11242100
2078523,10594786
14587823,7089936
2528019,2819851
14931350,8054553
16355188,10153598
4933334,13448616
14513751,8698756
6805959,2454883
10883405,14433983
9308314,3170249
6069792,8498616
6219811,1351549
13996931,8298705
10687125,3412730
15774062,11386235
9377752,5188227
15252328,8928584
15829638,1400490
5609765,12983791
6527618,4469050
4773127,5145189
3398444,9023541
16155058,4670636
13706814,9650692
16790216,10244932
6519809,3588070
4166538,2834283
548464,127779
13666421,5235124
10378051,15002594
3426922,3963582
1701534,4280637
1518321,2945653
2182773,3418278
323569,199322
12216542,13054849
1179395,12389489
10208971,14117391
4956510,2788554
7942805,10792171
4449240,10479934
2822140,4190839
2873803,8762010
1960819,9004721
8287336,15907833
8429902,6818826
282015,927037
14604695,878288
8485775,8863332
13225373,13085525
13373116,8140100
8074996,1062778
11790495,9845118
15825201,14712412
2924241,3845284
4516535,10567875
13481365,4710318
8973663,3467755
15315267,13768824
5489654,6378722
1572793,5146872
16658775,5947876
13869250,5851545
3861526,9608536
10467800,12491553
5281184,9315001
12997109,1695919
9856202,7210085
5254950,7405823
2055980,12325600
1336154,12160158
1233446,5176300
15707809,9001248
3017992,843276
10476384,12332201
606398,11197355
10773294,11971318
15443293,16601920
1037357,5568917
14271681,8046427
9077413,4345020
12790444,14005086
7943639,41119
11103393,4898055
13108960,12424540
10228353,4207238
7049339,1045987
6707572,3900532
252359,7531174
13438930,4657040
6290137,12340877
8300434,13811045
2882814,13809346
5893867,13269034
4763774,13512289
12765655,769694
3119606,5937719
6857600,6999072
16295947,13336681
5126217,8443749
11666028,4769008
15485042,2272977
4183056,11299318
16150167,2566108
2295320,5060644
16467530,8785490
4496699,10732333
15063578,10409903
8063926,12300697
2583572,5369913
2407895,10550608
284335,15975019
697565,16234244
14043013,8095923
7141720,3911999
10759955,1607899
12002344,12334370
6097818,3712670
2946389,15726727
16096231,15186303
7722522,8518424
14655401,3001358
10143476,13527297
4348243,8349617
3598728,13434371
1984947,16639674
495102,10913393
3644427,14887019
12871593,5636823
13370026,1856718
10075098,1250229
2018087,1709209
5988864,2935401
4916399,12637965
14156033,15067653
5264393,9615901
2785556,15988877
14373597,11186011
7481291,15014394
15500833,8556202
10605608,14627288
898674,4814579
9271256,13696623
8667672,5962297
16534966,13690533
4989367,11178138
4649811,3116178
5071489,912547
8591842,13419233
4307848,14673082
7918125,648141
1128682,16162377
2468378,16530263
6187844,5966287
12278371,3239148
11482112,7060357
7793431,1696912
16030948,96764
13322644,1143337
649541,13100095
7657326,9392941
10049859,2849748
5854373,1344003
12592077,5435631
9082800,5987424
1821065,16087730
544025,9009674
10120235,8028611
15458868,5385525
721542,15170392
744190,16679800
10983527,1729166
2891431,8859257
16177444,9357588
12759990,3443164
5204006,6417014
5271249,8524492
3467516,12881544
12554943,10817224
4678318,4667827
3474609,16434261
5767979,12035753
10633596,8485045
13760467,992540
8635234,6275169
5194417,13024742
5850956,7729897
3797563,7161477
11558002,1674843
5487533,6110133
4680352,11383593
5432424,7007819
1680039,7251848
15210191,5004173
724409,12514271
11444667,15837293
4531289,8639600
11241875,5287960
16663774,8604630
4285190,9618104
12706589,7792040
9581300,15298966
11045874,12570692
4556008,14810251
16719926,12813444
2173300,1339844
4198096,13393635
13225920,12006849
2661172,14916578
7151808,10194495
3324841,11691172
8511593,15833496
3264718,3561375
5958595,8242641
10718119,14852951
12475188,7134765
6613829,12180640
1880683,2521021
13343870,6071637
1903621,875336
10032759,15788595
12144636,4866242
9706486,2876318
14586597,9208579
4054216,16700266
7188696,3303464
1523743,8680356
15686894,11968883
12733930,10960561
4344400,8108911
6274907,424950
7655522,14402770
13853755,15351058
15887401,510129
12063640,15021990
11614311,12486907
9931826,8587732
8252141,184908
4701550,15013327
13152036,15211986
4268725,14118507
4497290,9198284
14351372,11939214
932685,717071
12046181,137012
12984736,12858903
10043308,8298678
6549988,11509316
16278913,14952267
15722629,11899129
8168038,14425672
14252112,12557695
10030534,14834638
11300429,1675624
3957481,16048206
225102,15241528
12743205,14280050
8531067,16033193
4934226,1667184
8107782,10176189
4092736,2752422
14739397,10870636
7326369,792391
601912,12846963
14574180,15996335
12805482,1448098
4095295,12604684
14658477,10277041
8463437,5381573
7979274,15323292
4351719,3700569
13694280,695158
14566909,11667462
15670334,10891398
4430879,61517